    Geochemical state variables at restart time (s):
0.86400000E+09
     Concentration of primary species mol/kgw :
 0.55508680E+02 0.22694663E-05 0.10000000E-09
 0.55508680E+02 0.22694663E-05 0.10000000E-09
 0.55508680E+02 0.22694663E-05 0.10000000E-09
 0.55508680E+02 0.22694663E-05 0.10000000E-09
 0.55508680E+02 0.22694663E-05 0.10000000E-09
 0.55508680E+02 0.22694663E-05 0.10000000E-09
 0.55508680E+02 0.22694663E-05 0.10000000E-09
 0.55508680E+02 0.22694663E-05 0.10000000E-09
 0.55508680E+02 0.22694663E-05 0.10000000E-09
 0.55508680E+02 0.22694663E-05 0.10000000E-09
 0.55508680E+02 0.22694663E-05 0.10000000E-09
 0.55508680E+02 0.22694663E-05 0.10000000E-09
 0.55508680E+02 0.22694663E-05 0.10000000E-09
 0.55508680E+02 0.22694663E-05 0.10000000E-09
 0.55508680E+02 0.22694663E-05 0.10000000E-09
 0.55508680E+02 0.22694663E-05 0.10000000E-09
 0.55508680E+02 0.22694663E-05 0.10000000E-09
 0.55508680E+02 0.22694663E-05 0.10000000E-09
 0.55508680E+02 0.22694663E-05 0.10000000E-09
 0.55508680E+02 0.22694663E-05 0.10000000E-09
 0.55508680E+02 0.22694663E-05 0.10000000E-09
 0.55508680E+02 0.22694663E-05 0.10000000E-09
 0.55508680E+02 0.22694663E-05 0.10000000E-09
 0.55508680E+02 0.22694663E-05 0.10000000E-09
 0.55508680E+02 0.22694663E-05 0.10000000E-09
 0.55508680E+02 0.22694663E-05 0.10000000E-09
 0.55508680E+02 0.22694663E-05 0.10000000E-09
 0.55508680E+02 0.22694663E-05 0.10000000E-09
 0.55508680E+02 0.22694663E-05 0.10000000E-09
 0.55508680E+02 0.22694663E-05 0.10000000E-09
 0.55508680E+02 0.22694663E-05 0.10000000E-09
 0.55508680E+02 0.22694663E-05 0.10000000E-09
 0.55508680E+02 0.22694663E-05 0.10000000E-09
 0.55508680E+02 0.22694663E-05 0.10000000E-09
 0.55508680E+02 0.22694663E-05 0.10000000E-09
 0.55508680E+02 0.22694663E-05 0.10000000E-09
 0.55508680E+02 0.22694663E-05 0.10000000E-09
 0.55508680E+02 0.22694663E-05 0.10000000E-09
 0.55508680E+02 0.22694663E-05 0.10000000E-09
 0.55508680E+02 0.22694663E-05 0.10000000E-09
 0.55508680E+02 0.22694663E-05 0.10000000E-09
 0.55508680E+02 0.22694663E-05 0.10000000E-09
 0.55508680E+02 0.22694663E-05 0.10000000E-09
 0.55508680E+02 0.22694663E-05 0.10000000E-09
 0.55508680E+02 0.22694663E-05 0.10000000E-09
 0.55508680E+02 0.22694663E-05 0.10000000E-09
 0.55508680E+02 0.22694663E-05 0.10000000E-09
 0.55508680E+02 0.22694663E-05 0.10000000E-09
 0.55508680E+02 0.22694663E-05 0.10000000E-09
 0.55508680E+02 0.22694663E-05 0.10000000E-09
 0.55508680E+02 0.22694663E-05 0.10000000E-09
 0.55508680E+02 0.22694663E-05 0.10000000E-09
 0.55508680E+02 0.22694663E-05 0.10000000E-09
 0.55508680E+02 0.22694663E-05 0.10000000E-09
 0.55508680E+02 0.22694663E-05 0.10000000E-09
 0.55508680E+02 0.22694663E-05 0.10000000E-09
 0.55508680E+02 0.22694663E-05 0.10000000E-09
 0.55508680E+02 0.22694663E-05 0.10000000E-09
 0.55508680E+02 0.22694663E-05 0.10000000E-09
 0.55508680E+02 0.22694663E-05 0.10000000E-09
 0.55508680E+02 0.22694663E-05 0.10000000E-09
 0.55508680E+02 0.22694663E-05 0.10000000E-09
 0.55508680E+02 0.22694663E-05 0.10000000E-09
 0.55508680E+02 0.22694663E-05 0.10000000E-09
 0.55508680E+02 0.22694663E-05 0.10000000E-09
 0.55508680E+02 0.22694663E-05 0.10000000E-09
 0.55508680E+02 0.22694663E-05 0.10000000E-09
 0.55508680E+02 0.22694663E-05 0.10000000E-09
 0.55508680E+02 0.22694663E-05 0.10000000E-09
 0.55508680E+02 0.22694663E-05 0.10000000E-09
 0.55508680E+02 0.22694663E-05 0.10000000E-09
 0.55508680E+02 0.22694663E-05 0.10000000E-09
 0.55508680E+02 0.22694663E-05 0.10000000E-09
 0.55508680E+02 0.22694663E-05 0.10000000E-09
 0.55508680E+02 0.22694663E-05 0.10000000E-09
 0.55508680E+02 0.22694663E-05 0.10000000E-09
 0.55508680E+02 0.22694663E-05 0.10000000E-09
 0.55508680E+02 0.22694663E-05 0.10000000E-09
 0.55508680E+02 0.22694663E-05 0.10000000E-09
 0.55508680E+02 0.22694663E-05 0.10000000E-09
 0.55508680E+02 0.22694663E-05 0.10000000E-09
 0.55508680E+02 0.22694663E-05 0.10000000E-09
 0.55508680E+02 0.22694663E-05 0.10000000E-09
 0.55508680E+02 0.22694663E-05 0.10000000E-09
 0.55508680E+02 0.22694663E-05 0.10000000E-09
 0.55508680E+02 0.22694663E-05 0.10000000E-09
 0.55508680E+02 0.22694663E-05 0.10000000E-09
 0.55508680E+02 0.22694663E-05 0.10000000E-09
 0.55508680E+02 0.22694663E-05 0.10000000E-09
 0.55508680E+02 0.22694663E-05 0.10000000E-09
 0.55508680E+02 0.22694663E-05 0.10000000E-09
 0.55508680E+02 0.22694663E-05 0.10000000E-09
 0.55508680E+02 0.22694663E-05 0.10000000E-09
 0.55508680E+02 0.22694663E-05 0.10000000E-09
 0.55508680E+02 0.22694663E-05 0.10000000E-09
 0.55508680E+02 0.22694663E-05 0.10000000E-09
 0.55508680E+02 0.22694663E-05 0.10000000E-09
 0.55508680E+02 0.22694663E-05 0.10000000E-09
 0.55508680E+02 0.22694663E-05 0.10000000E-09
 0.55508680E+02 0.22694663E-05 0.10000000E-09
 0.55508680E+02 0.22694663E-05 0.10000000E-09
 0.55508680E+02 0.22694663E-05 0.10000000E-09
 0.55508680E+02 0.22694663E-05 0.10000000E-09
 0.55508680E+02 0.22694663E-05 0.10000000E-09
 0.55508680E+02 0.22694663E-05 0.10000000E-09
 0.55508680E+02 0.22694663E-05 0.10000000E-09
 0.55508680E+02 0.22694663E-05 0.10000000E-09
 0.55508680E+02 0.22694663E-05 0.10000000E-09
 0.55508680E+02 0.22694663E-05 0.10000000E-09
 0.55508680E+02 0.22694663E-05 0.10000000E-09
 0.55508680E+02 0.22694663E-05 0.10000000E-09
 0.55508680E+02 0.22694663E-05 0.10000000E-09
 0.55508680E+02 0.22694663E-05 0.10000000E-09
 0.55508680E+02 0.22694663E-05 0.10000000E-09
 0.55508680E+02 0.22694663E-05 0.10000000E-09
 0.55508680E+02 0.22694663E-05 0.10000000E-09
 0.55508680E+02 0.22694663E-05 0.10000000E-09
 0.55508680E+02 0.22694663E-05 0.10000000E-09
 0.55508680E+02 0.22694663E-05 0.10000000E-09
 0.55508680E+02 0.22694663E-05 0.10000000E-09
 0.55508680E+02 0.22694663E-05 0.10000000E-09
 0.55508680E+02 0.22694663E-05 0.10000000E-09
 0.55508680E+02 0.22694663E-05 0.10000000E-09
 0.55508680E+02 0.22694663E-05 0.10000000E-09
 0.55508680E+02 0.22694663E-05 0.10000000E-09
 0.55508680E+02 0.22694663E-05 0.10000000E-09
 0.55508680E+02 0.22694663E-05 0.10000000E-09
 0.55508680E+02 0.22694663E-05 0.10000000E-09
 0.55508680E+02 0.22694663E-05 0.10000000E-09
 0.55508680E+02 0.22694663E-05 0.10000000E-09
 0.55508680E+02 0.22694663E-05 0.10000000E-09
 0.55508680E+02 0.22694663E-05 0.10000000E-09
 0.55508680E+02 0.22694663E-05 0.10000000E-09
 0.55508680E+02 0.22694663E-05 0.10000000E-09
 0.55508680E+02 0.22694663E-05 0.10000000E-09
 0.55508680E+02 0.22694663E-05 0.10000000E-09
 0.55508680E+02 0.22694663E-05 0.10000000E-09
 0.55508680E+02 0.22694663E-05 0.10000000E-09
 0.55508680E+02 0.22694663E-05 0.10000000E-09
 0.55508680E+02 0.22694663E-05 0.10000000E-09
 0.55508680E+02 0.22694663E-05 0.10000000E-09
 0.55508680E+02 0.22694663E-05 0.10000000E-09
 0.55508680E+02 0.22694663E-05 0.10000000E-09
 0.55508680E+02 0.22694663E-05 0.10000000E-09
 0.55508680E+02 0.22694663E-05 0.10000000E-09
 0.55508680E+02 0.22694663E-05 0.10000000E-09
 0.55508680E+02 0.22694663E-05 0.10000000E-09
 0.55508680E+02 0.22694663E-05 0.10000000E-09
 0.55508680E+02 0.22694663E-05 0.10000000E-09
 0.55508680E+02 0.22694663E-05 0.10000000E-09
 0.55508680E+02 0.22694663E-05 0.10000000E-09
 0.55508680E+02 0.22694663E-05 0.10000000E-09
 0.55508680E+02 0.22694663E-05 0.10000000E-09
 0.55508680E+02 0.22694663E-05 0.10000000E-09
 0.55508680E+02 0.22694663E-05 0.10000000E-09
 0.55508680E+02 0.22694663E-05 0.10000000E-09
 0.55508680E+02 0.22694663E-05 0.10000000E-09
 0.55508680E+02 0.22694663E-05 0.10000000E-09
 0.55508680E+02 0.22694663E-05 0.10000000E-09
 0.55508680E+02 0.22694663E-05 0.10000000E-09
 0.55508680E+02 0.22694663E-05 0.10000000E-09
 0.55508680E+02 0.22694663E-05 0.10000000E-09
 0.55508680E+02 0.22694663E-05 0.10000000E-09
 0.55508680E+02 0.22694663E-05 0.10000000E-09
 0.55508680E+02 0.22694663E-05 0.10000000E-09
 0.55508680E+02 0.22694663E-05 0.10000000E-09
 0.55508680E+02 0.22694663E-05 0.10000000E-09
 0.55508680E+02 0.22694663E-05 0.10000000E-09
 0.55508680E+02 0.22694663E-05 0.10000000E-09
 0.55508680E+02 0.22694663E-05 0.10000000E-09
 0.55508680E+02 0.22694663E-05 0.10000000E-09
 0.55508680E+02 0.22694663E-05 0.10000000E-09
 0.55508680E+02 0.22694663E-05 0.10000000E-09
 0.55508680E+02 0.22694663E-05 0.10000000E-09
 0.55508680E+02 0.22694663E-05 0.10000000E-09
 0.55508680E+02 0.22694663E-05 0.10000000E-09
 0.55508680E+02 0.22694663E-05 0.10000000E-09
 0.55508680E+02 0.22694663E-05 0.10000000E-09
 0.55508680E+02 0.22694663E-05 0.10000000E-09
 0.55508680E+02 0.22694663E-05 0.10000000E-09
 0.55508680E+02 0.22694663E-05 0.10000000E-09
 0.55508680E+02 0.22694663E-05 0.10000000E-09
 0.55508680E+02 0.22694663E-05 0.10000000E-09
 0.55508680E+02 0.22694663E-05 0.10000000E-09
 0.55508680E+02 0.22694663E-05 0.10000000E-09
 0.55508680E+02 0.22694663E-05 0.10000000E-09
 0.55508680E+02 0.22694663E-05 0.10000000E-09
 0.55508680E+02 0.22694663E-05 0.10000000E-09
 0.55508680E+02 0.22694663E-05 0.10000000E-09
 0.55508680E+02 0.22694663E-05 0.10000000E-09
 0.55508680E+02 0.22694663E-05 0.10000000E-09
 0.55508680E+02 0.22694663E-05 0.10000000E-09
 0.55508680E+02 0.22694663E-05 0.10000000E-09
 0.55508680E+02 0.22694663E-05 0.10000000E-09
 0.55508680E+02 0.22694663E-05 0.10000000E-09
 0.55508680E+02 0.22694663E-05 0.10000000E-09
 0.55508680E+02 0.22694663E-05 0.10000000E-09
 0.55508680E+02 0.22694663E-05 0.10000000E-09
 0.55508680E+02 0.22694663E-05 0.10000000E-09
 0.55508680E+02 0.22694663E-05 0.10000000E-09
 0.55508680E+02 0.22694663E-05 0.10000000E-09
 0.55508680E+02 0.22694663E-05 0.10000000E-09
 0.55508680E+02 0.22694663E-05 0.10000000E-09
 0.55508680E+02 0.22694663E-05 0.10000000E-09
 0.55508680E+02 0.22694663E-05 0.10000000E-09
 0.55508680E+02 0.22694663E-05 0.10000000E-09
 0.55508680E+02 0.22694663E-05 0.10000000E-09
 0.55508680E+02 0.22694663E-05 0.10000000E-09
 0.55508680E+02 0.22694663E-05 0.10000000E-09
 0.55508680E+02 0.22694663E-05 0.10000000E-09
 0.55508680E+02 0.22694663E-05 0.10000000E-09
 0.55508680E+02 0.22694663E-05 0.10000000E-09
 0.55508680E+02 0.22694663E-05 0.10000000E-09
 0.55508680E+02 0.22694663E-05 0.10000000E-09
 0.55508680E+02 0.22694663E-05 0.10000000E-09
 0.55508680E+02 0.22694663E-05 0.10000000E-09
 0.55508680E+02 0.22694663E-05 0.10000000E-09
 0.55508680E+02 0.22694663E-05 0.10000000E-09
 0.55508680E+02 0.22694663E-05 0.10000000E-09
 0.55508680E+02 0.22694663E-05 0.10000000E-09
 0.55508680E+02 0.22694663E-05 0.10000000E-09
 0.55508680E+02 0.22694663E-05 0.10000000E-09
 0.55508680E+02 0.22694663E-05 0.10000000E-09
 0.55508680E+02 0.22694663E-05 0.10000000E-09
 0.55508680E+02 0.22694663E-05 0.10000000E-09
 0.55508680E+02 0.22694663E-05 0.10000000E-09
 0.55508680E+02 0.22694663E-05 0.10000000E-09
 0.55508680E+02 0.22694663E-05 0.10000000E-09
 0.55508680E+02 0.22694663E-05 0.10000000E-09
 0.55508680E+02 0.22694663E-05 0.10000000E-09
 0.55508680E+02 0.22694663E-05 0.10000000E-09
 0.55508680E+02 0.22694663E-05 0.10000000E-09
 0.55508680E+02 0.22694663E-05 0.10000000E-09
 0.55508680E+02 0.22694663E-05 0.10000000E-09
 0.55508680E+02 0.22694663E-05 0.10000000E-09
 0.55508680E+02 0.22694663E-05 0.10000000E-09
 0.55508680E+02 0.22694663E-05 0.10000000E-09
 0.55508680E+02 0.22694663E-05 0.10000000E-09
 0.55508680E+02 0.22694663E-05 0.10000000E-09
 0.55508680E+02 0.22694663E-05 0.10000000E-09
 0.55508680E+02 0.22694663E-05 0.10000000E-09
 0.55508680E+02 0.22694663E-05 0.10000000E-09
 0.55508680E+02 0.22694663E-05 0.10000000E-09
 0.55508680E+02 0.22694663E-05 0.10000000E-09
 0.55508680E+02 0.22694663E-05 0.10000000E-09
 0.55508680E+02 0.22694663E-05 0.10000000E-09
 0.55508680E+02 0.22694663E-05 0.10000000E-09
 0.55508680E+02 0.22694663E-05 0.10000000E-09
 0.55508680E+02 0.22694663E-05 0.10000000E-09
 0.55508680E+02 0.22694663E-05 0.10000000E-09
 0.55508680E+02 0.22694663E-05 0.10000000E-09
 0.55508680E+02 0.22694663E-05 0.10000000E-09
 0.55508680E+02 0.22694663E-05 0.10000000E-09
 0.55508680E+02 0.22694663E-05 0.10000000E-09
 0.55508680E+02 0.22694663E-05 0.10000000E-09
 0.55508680E+02 0.22694663E-05 0.10000000E-09
 0.55508680E+02 0.22694663E-05 0.10000000E-09
 0.55508680E+02 0.22694663E-05 0.10000000E-09
 0.55508680E+02 0.22694663E-05 0.10000000E-09
 0.55508680E+02 0.22694663E-05 0.10000000E-09
 0.55508680E+02 0.22694663E-05 0.10000000E-09
 0.55508680E+02 0.22694663E-05 0.10000000E-09
 0.55508680E+02 0.22694663E-05 0.10000000E-09
 0.55508680E+02 0.22694663E-05 0.10000000E-09
 0.55508680E+02 0.22694663E-05 0.10000000E-09
 0.55508680E+02 0.22694663E-05 0.10000000E-09
 0.55508680E+02 0.22694663E-05 0.10000000E-09
 0.55508680E+02 0.22694663E-05 0.10000000E-09
 0.55508680E+02 0.22694663E-05 0.10000000E-09
 0.55508680E+02 0.22694663E-05 0.10000000E-09
 0.55508680E+02 0.22694663E-05 0.10000000E-09
 0.55508680E+02 0.22694663E-05 0.10000000E-09
 0.55508680E+02 0.22694663E-05 0.10000000E-09
 0.55508680E+02 0.22694663E-05 0.10000000E-09
 0.55508680E+02 0.22694663E-05 0.10000000E-09
 0.55508680E+02 0.22694663E-05 0.10000000E-09
 0.55508680E+02 0.22694663E-05 0.10000000E-09
 0.55508680E+02 0.22694663E-05 0.10000000E-09
 0.55508680E+02 0.22694663E-05 0.10000000E-09
 0.55508680E+02 0.22694663E-05 0.10000000E-09
 0.55508680E+02 0.22694663E-05 0.10000000E-09
 0.55508680E+02 0.22694663E-05 0.10000000E-09
 0.55508680E+02 0.22694663E-05 0.10000000E-09
 0.55508680E+02 0.22694663E-05 0.10000000E-09
 0.55508680E+02 0.22694663E-05 0.10000000E-09
 0.55508680E+02 0.22694663E-05 0.10000000E-09
 0.55508680E+02 0.22694663E-05 0.10000000E-09
 0.55508680E+02 0.22694663E-05 0.10000000E-09
 0.55508680E+02 0.22694663E-05 0.10000000E-09
 0.55508680E+02 0.22694663E-05 0.10000000E-09
 0.55508680E+02 0.22694663E-05 0.10000000E-09
 0.55508680E+02 0.22694663E-05 0.10000000E-09
 0.55508680E+02 0.22694663E-05 0.10000000E-09
 0.55508680E+02 0.22694663E-05 0.10000000E-09
 0.55508680E+02 0.22694663E-05 0.10000000E-09
 0.55508680E+02 0.22694663E-05 0.10000000E-09
 0.55508680E+02 0.22694663E-05 0.10000000E-09
 0.55508680E+02 0.22694663E-05 0.10000000E-09
 0.55508680E+02 0.22694663E-05 0.10000000E-09
 0.55508680E+02 0.22694663E-05 0.10000000E-09
 0.55508680E+02 0.22694663E-05 0.10000000E-09
 0.55508680E+02 0.22694663E-05 0.10000000E-09
 0.55508680E+02 0.22694663E-05 0.10000000E-09
 0.55508680E+02 0.22694663E-05 0.10000000E-09
 0.55508680E+02 0.22694663E-05 0.10000000E-09
 0.55508680E+02 0.22694663E-05 0.10000000E-09
 0.55508680E+02 0.22694663E-05 0.10000000E-09
 0.55508680E+02 0.22694663E-05 0.10000000E-09
 0.55508680E+02 0.22694663E-05 0.10000000E-09
 0.55508680E+02 0.22694663E-05 0.10000000E-09
 0.55508680E+02 0.22694663E-05 0.10000000E-09
 0.55508680E+02 0.22694663E-05 0.10000000E-09
 0.55508680E+02 0.22694663E-05 0.10000000E-09
 0.55508680E+02 0.22694663E-05 0.10000000E-09
 0.55508680E+02 0.22694663E-05 0.10000000E-09
 0.55508680E+02 0.22694663E-05 0.10000000E-09
 0.55508680E+02 0.22694663E-05 0.10000000E-09
 0.55508680E+02 0.22694663E-05 0.10000000E-09
 0.55508680E+02 0.22694663E-05 0.10000000E-09
 0.55508680E+02 0.22694663E-05 0.10000000E-09
 0.55508680E+02 0.22694663E-05 0.10000000E-09
 0.55508680E+02 0.22694663E-05 0.10000000E-09
 0.55508680E+02 0.22694663E-05 0.10000000E-09
 0.55508680E+02 0.22694663E-05 0.10000000E-09
 0.55508680E+02 0.22694663E-05 0.10000000E-09
 0.55508680E+02 0.22694663E-05 0.10000000E-09
 0.55508680E+02 0.22694663E-05 0.10000000E-09
 0.55508680E+02 0.22694663E-05 0.10000000E-09
 0.55508680E+02 0.22694663E-05 0.10000000E-09
 0.55508680E+02 0.22694663E-05 0.10000000E-09
 0.55508680E+02 0.22694663E-05 0.10000000E-09
 0.55508680E+02 0.22694663E-05 0.10000000E-09
 0.55508680E+02 0.22694663E-05 0.10000000E-09
 0.55508680E+02 0.22694663E-05 0.10000000E-09
 0.55508680E+02 0.22694663E-05 0.10000000E-09
 0.55508680E+02 0.22694663E-05 0.10000000E-09
 0.55508680E+02 0.22694663E-05 0.10000000E-09
 0.55508680E+02 0.22694663E-05 0.10000000E-09
 0.55508680E+02 0.22694663E-05 0.10000000E-09
 0.55508680E+02 0.22694663E-05 0.10000000E-09
 0.55508680E+02 0.22694663E-05 0.10000000E-09
 0.55508680E+02 0.22694663E-05 0.10000000E-09
 0.55508680E+02 0.22694663E-05 0.10000000E-09
 0.55508680E+02 0.22694663E-05 0.10000000E-09
 0.55508680E+02 0.22694663E-05 0.10000000E-09
 0.55508680E+02 0.22694663E-05 0.10000000E-09
 0.55508680E+02 0.22694663E-05 0.10000000E-09
 0.55508680E+02 0.22694663E-05 0.10000000E-09
 0.55508680E+02 0.22694663E-05 0.10000000E-09
 0.55508680E+02 0.22694663E-05 0.10000000E-09
 0.55508680E+02 0.22694663E-05 0.10000000E-09
 0.55508680E+02 0.22694663E-05 0.10000000E-09
 0.55508680E+02 0.22694663E-05 0.10000000E-09
 0.55508680E+02 0.22694663E-05 0.10000000E-09
 0.55508680E+02 0.22694663E-05 0.10000000E-09
 0.55508680E+02 0.22694663E-05 0.10000000E-09
 0.55508680E+02 0.22694663E-05 0.10000000E-09
 0.55508680E+02 0.22694663E-05 0.10000000E-09
 0.55508680E+02 0.22694663E-05 0.10000000E-09
 0.55508680E+02 0.22694663E-05 0.10000000E-09
 0.55508680E+02 0.22694663E-05 0.10000000E-09
 0.55508680E+02 0.22694663E-05 0.10000000E-09
     pH :
  5.645250
  5.645250
  5.645250
  5.645250
  5.645250
  5.645250
  5.645250
  5.645250
  5.645250
  5.645250
  5.645250
  5.645250
  5.645250
  5.645250
  5.645250
  5.645250
  5.645250
  5.645250
  5.645250
  5.645250
  5.645250
  5.645250
  5.645250
  5.645250
  5.645250
  5.645250
  5.645250
  5.645250
  5.645250
  5.645250
  5.645250
  5.645250
  5.645250
  5.645250
  5.645250
  5.645250
  5.645250
  5.645250
  5.645250
  5.645250
  5.645250
  5.645250
  5.645250
  5.645250
  5.645250
  5.645250
  5.645250
  5.645250
  5.645250
  5.645250
  5.645250
  5.645250
  5.645250
  5.645250
  5.645250
  5.645250
  5.645250
  5.645250
  5.645250
  5.645250
  5.645250
  5.645250
  5.645250
  5.645250
  5.645250
  5.645250
  5.645250
  5.645250
  5.645250
  5.645250
  5.645250
  5.645250
  5.645250
  5.645250
  5.645250
  5.645250
  5.645250
  5.645250
  5.645250
  5.645250
  5.645250
  5.645250
  5.645250
  5.645250
  5.645250
  5.645250
  5.645250
  5.645250
  5.645250
  5.645250
  5.645250
  5.645250
  5.645250
  5.645250
  5.645250
  5.645250
  5.645250
  5.645250
  5.645250
  5.645250
  5.645250
  5.645250
  5.645250
  5.645250
  5.645250
  5.645250
  5.645250
  5.645250
  5.645250
  5.645250
  5.645250
  5.645250
  5.645250
  5.645250
  5.645250
  5.645250
  5.645250
  5.645250
  5.645250
  5.645250
  5.645250
  5.645250
  5.645250
  5.645250
  5.645250
  5.645250
  5.645250
  5.645250
  5.645250
  5.645250
  5.645250
  5.645250
  5.645250
  5.645250
  5.645250
  5.645250
  5.645250
  5.645250
  5.645250
  5.645250
  5.645250
  5.645250
  5.645250
  5.645250
  5.645250
  5.645250
  5.645250
  5.645250
  5.645250
  5.645250
  5.645250
  5.645250
  5.645250
  5.645250
  5.645250
  5.645250
  5.645250
  5.645250
  5.645250
  5.645250
  5.645250
  5.645250
  5.645250
  5.645250
  5.645250
  5.645250
  5.645250
  5.645250
  5.645250
  5.645250
  5.645250
  5.645250
  5.645250
  5.645250
  5.645250
  5.645250
  5.645250
  5.645250
  5.645250
  5.645250
  5.645250
  5.645250
  5.645250
  5.645250
  5.645250
  5.645250
  5.645250
  5.645250
  5.645250
  5.645250
  5.645250
  5.645250
  5.645250
  5.645250
  5.645250
  5.645250
  5.645250
  5.645250
  5.645250
  5.645250
  5.645250
  5.645250
  5.645250
  5.645250
  5.645250
  5.645250
  5.645250
  5.645250
  5.645250
  5.645250
  5.645250
  5.645250
  5.645250
  5.645250
  5.645250
  5.645250
  5.645250
  5.645250
  5.645250
  5.645250
  5.645250
  5.645250
  5.645250
  5.645250
  5.645250
  5.645250
  5.645250
  5.645250
  5.645250
  5.645250
  5.645250
  5.645250
  5.645250
  5.645250
  5.645250
  5.645250
  5.645250
  5.645250
  5.645250
  5.645250
  5.645250
  5.645250
  5.645250
  5.645250
  5.645250
  5.645250
  5.645250
  5.645250
  5.645250
  5.645250
  5.645250
  5.645250
  5.645250
  5.645250
  5.645250
  5.645250
  5.645250
  5.645250
  5.645250
  5.645250
  5.645250
  5.645250
  5.645250
  5.645250
  5.645250
  5.645250
  5.645250
  5.645250
  5.645250
  5.645250
  5.645250
  5.645250
  5.645250
  5.645250
  5.645250
  5.645250
  5.645250
  5.645250
  5.645250
  5.645250
  5.645250
  5.645250
  5.645250
  5.645250
  5.645250
  5.645250
  5.645250
  5.645250
  5.645250
  5.645250
  5.645250
  5.645250
  5.645250
  5.645250
  5.645250
  5.645250
  5.645250
  5.645250
  5.645250
  5.645250
  5.645250
  5.645250
  5.645250
  5.645250
  5.645250
  5.645250
  5.645250
  5.645250
  5.645250
  5.645250
  5.645250
  5.645250
  5.645250
  5.645250
  5.645250
  5.645250
  5.645250
  5.645250
  5.645250
  5.645250
  5.645250
  5.645250
  5.645250
  5.645250
  5.645250
  5.645250
  5.645250
  5.645250
  5.645250
  5.645250
  5.645250
  5.645250
  5.645250
  5.645250
  5.645250
  5.645250
  5.645250
  5.645250
  5.645250
  5.645250
  5.645250
  5.645250
  5.645250
  5.645250
  5.645250
  5.645250
  5.645250
  5.645250
  5.645250
  5.645250
  5.645250
  5.645250
  5.645250
  5.645250
  5.645250
  5.645250
  5.645250
  5.645250
  5.645250
  5.645250
  5.645250
  5.645250
     Concentration of secondary species mol/kgw :
 0.21694669E-05
 0.21694669E-05
 0.21694669E-05
 0.21694669E-05
 0.21694669E-05
 0.21694669E-05
 0.21694669E-05
 0.21694669E-05
 0.21694669E-05
 0.21694669E-05
 0.21694669E-05
 0.21694669E-05
 0.21694669E-05
 0.21694669E-05
 0.21694669E-05
 0.21694669E-05
 0.21694669E-05
 0.21694669E-05
 0.21694669E-05
 0.21694669E-05
 0.21694669E-05
 0.21694669E-05
 0.21694669E-05
 0.21694669E-05
 0.21694669E-05
 0.21694669E-05
 0.21694669E-05
 0.21694669E-05
 0.21694669E-05
 0.21694669E-05
 0.21694669E-05
 0.21694669E-05
 0.21694669E-05
 0.21694669E-05
 0.21694669E-05
 0.21694669E-05
 0.21694669E-05
 0.21694669E-05
 0.21694669E-05
 0.21694669E-05
 0.21694669E-05
 0.21694669E-05
 0.21694669E-05
 0.21694669E-05
 0.21694669E-05
 0.21694669E-05
 0.21694669E-05
 0.21694669E-05
 0.21694669E-05
 0.21694669E-05
 0.21694669E-05
 0.21694669E-05
 0.21694669E-05
 0.21694669E-05
 0.21694669E-05
 0.21694669E-05
 0.21694669E-05
 0.21694669E-05
 0.21694669E-05
 0.21694669E-05
 0.21694669E-05
 0.21694669E-05
 0.21694669E-05
 0.21694669E-05
 0.21694669E-05
 0.21694669E-05
 0.21694669E-05
 0.21694669E-05
 0.21694669E-05
 0.21694669E-05
 0.21694669E-05
 0.21694669E-05
 0.21694669E-05
 0.21694669E-05
 0.21694669E-05
 0.21694669E-05
 0.21694669E-05
 0.21694669E-05
 0.21694669E-05
 0.21694669E-05
 0.21694669E-05
 0.21694669E-05
 0.21694669E-05
 0.21694669E-05
 0.21694669E-05
 0.21694669E-05
 0.21694669E-05
 0.21694669E-05
 0.21694669E-05
 0.21694669E-05
 0.21694669E-05
 0.21694669E-05
 0.21694669E-05
 0.21694669E-05
 0.21694669E-05
 0.21694669E-05
 0.21694669E-05
 0.21694669E-05
 0.21694669E-05
 0.21694669E-05
 0.21694669E-05
 0.21694669E-05
 0.21694669E-05
 0.21694669E-05
 0.21694669E-05
 0.21694669E-05
 0.21694669E-05
 0.21694669E-05
 0.21694669E-05
 0.21694669E-05
 0.21694669E-05
 0.21694669E-05
 0.21694669E-05
 0.21694669E-05
 0.21694669E-05
 0.21694669E-05
 0.21694669E-05
 0.21694669E-05
 0.21694669E-05
 0.21694669E-05
 0.21694669E-05
 0.21694669E-05
 0.21694669E-05
 0.21694669E-05
 0.21694669E-05
 0.21694669E-05
 0.21694669E-05
 0.21694669E-05
 0.21694669E-05
 0.21694669E-05
 0.21694669E-05
 0.21694669E-05
 0.21694669E-05
 0.21694669E-05
 0.21694669E-05
 0.21694669E-05
 0.21694669E-05
 0.21694669E-05
 0.21694669E-05
 0.21694669E-05
 0.21694669E-05
 0.21694669E-05
 0.21694669E-05
 0.21694669E-05
 0.21694669E-05
 0.21694669E-05
 0.21694669E-05
 0.21694669E-05
 0.21694669E-05
 0.21694669E-05
 0.21694669E-05
 0.21694669E-05
 0.21694669E-05
 0.21694669E-05
 0.21694669E-05
 0.21694669E-05
 0.21694669E-05
 0.21694669E-05
 0.21694669E-05
 0.21694669E-05
 0.21694669E-05
 0.21694669E-05
 0.21694669E-05
 0.21694669E-05
 0.21694669E-05
 0.21694669E-05
 0.21694669E-05
 0.21694669E-05
 0.21694669E-05
 0.21694669E-05
 0.21694669E-05
 0.21694669E-05
 0.21694669E-05
 0.21694669E-05
 0.21694669E-05
 0.21694669E-05
 0.21694669E-05
 0.21694669E-05
 0.21694669E-05
 0.21694669E-05
 0.21694669E-05
 0.21694669E-05
 0.21694669E-05
 0.21694669E-05
 0.21694669E-05
 0.21694669E-05
 0.21694669E-05
 0.21694669E-05
 0.21694669E-05
 0.21694669E-05
 0.21694669E-05
 0.21694669E-05
 0.21694669E-05
 0.21694669E-05
 0.21694669E-05
 0.21694669E-05
 0.21694669E-05
 0.21694669E-05
 0.21694669E-05
 0.21694669E-05
 0.21694669E-05
 0.21694669E-05
 0.21694669E-05
 0.21694669E-05
 0.21694669E-05
 0.21694669E-05
 0.21694669E-05
 0.21694669E-05
 0.21694669E-05
 0.21694669E-05
 0.21694669E-05
 0.21694669E-05
 0.21694669E-05
 0.21694669E-05
 0.21694669E-05
 0.21694669E-05
 0.21694669E-05
 0.21694669E-05
 0.21694669E-05
 0.21694669E-05
 0.21694669E-05
 0.21694669E-05
 0.21694669E-05
 0.21694669E-05
 0.21694669E-05
 0.21694669E-05
 0.21694669E-05
 0.21694669E-05
 0.21694669E-05
 0.21694669E-05
 0.21694669E-05
 0.21694669E-05
 0.21694669E-05
 0.21694669E-05
 0.21694669E-05
 0.21694669E-05
 0.21694669E-05
 0.21694669E-05
 0.21694669E-05
 0.21694669E-05
 0.21694669E-05
 0.21694669E-05
 0.21694669E-05
 0.21694669E-05
 0.21694669E-05
 0.21694669E-05
 0.21694669E-05
 0.21694669E-05
 0.21694669E-05
 0.21694669E-05
 0.21694669E-05
 0.21694669E-05
 0.21694669E-05
 0.21694669E-05
 0.21694669E-05
 0.21694669E-05
 0.21694669E-05
 0.21694669E-05
 0.21694669E-05
 0.21694669E-05
 0.21694669E-05
 0.21694669E-05
 0.21694669E-05
 0.21694669E-05
 0.21694669E-05
 0.21694669E-05
 0.21694669E-05
 0.21694669E-05
 0.21694669E-05
 0.21694669E-05
 0.21694669E-05
 0.21694669E-05
 0.21694669E-05
 0.21694669E-05
 0.21694669E-05
 0.21694669E-05
 0.21694669E-05
 0.21694669E-05
 0.21694669E-05
 0.21694669E-05
 0.21694669E-05
 0.21694669E-05
 0.21694669E-05
 0.21694669E-05
 0.21694669E-05
 0.21694669E-05
 0.21694669E-05
 0.21694669E-05
 0.21694669E-05
 0.21694669E-05
 0.21694669E-05
 0.21694669E-05
 0.21694669E-05
 0.21694669E-05
 0.21694669E-05
 0.21694669E-05
 0.21694669E-05
 0.21694669E-05
 0.21694669E-05
 0.21694669E-05
 0.21694669E-05
 0.21694669E-05
 0.21694669E-05
 0.21694669E-05
 0.21694669E-05
 0.21694669E-05
 0.21694669E-05
 0.21694669E-05
 0.21694669E-05
 0.21694669E-05
 0.21694669E-05
 0.21694669E-05
 0.21694669E-05
 0.21694669E-05
 0.21694669E-05
 0.21694669E-05
 0.21694669E-05
 0.21694669E-05
 0.21694669E-05
 0.21694669E-05
 0.21694669E-05
 0.21694669E-05
 0.21694669E-05
 0.21694669E-05
 0.21694669E-05
 0.21694669E-05
 0.21694669E-05
 0.21694669E-05
 0.21694669E-05
 0.21694669E-05
 0.21694669E-05
 0.21694669E-05
 0.21694669E-05
 0.21694669E-05
 0.21694669E-05
 0.21694669E-05
 0.21694669E-05
 0.21694669E-05
 0.21694669E-05
 0.21694669E-05
 0.21694669E-05
 0.21694669E-05
 0.21694669E-05
 0.21694669E-05
 0.21694669E-05
 0.21694669E-05
 0.21694669E-05
 0.21694669E-05
 0.21694669E-05
 0.21694669E-05
 0.21694669E-05
 0.21694669E-05
 0.21694669E-05
 0.21694669E-05
 0.21694669E-05
 0.21694669E-05
 0.21694669E-05
 0.21694669E-05
 0.21694669E-05
 0.21694669E-05
 0.21694669E-05
 0.21694669E-05
     Water Activity :
  1.00000000
  1.00000000
  1.00000000
  1.00000000
  1.00000000
  1.00000000
  1.00000000
  1.00000000
  1.00000000
  1.00000000
  1.00000000
  1.00000000
  1.00000000
  1.00000000
  1.00000000
  1.00000000
  1.00000000
  1.00000000
  1.00000000
  1.00000000
  1.00000000
  1.00000000
  1.00000000
  1.00000000
  1.00000000
  1.00000000
  1.00000000
  1.00000000
  1.00000000
  1.00000000
  1.00000000
  1.00000000
  1.00000000
  1.00000000
  1.00000000
  1.00000000
  1.00000000
  1.00000000
  1.00000000
  1.00000000
  1.00000000
  1.00000000
  1.00000000
  1.00000000
  1.00000000
  1.00000000
  1.00000000
  1.00000000
  1.00000000
  1.00000000
  1.00000000
  1.00000000
  1.00000000
  1.00000000
  1.00000000
  1.00000000
  1.00000000
  1.00000000
  1.00000000
  1.00000000
  1.00000000
  1.00000000
  1.00000000
  1.00000000
  1.00000000
  1.00000000
  1.00000000
  1.00000000
  1.00000000
  1.00000000
  1.00000000
  1.00000000
  1.00000000
  1.00000000
  1.00000000
  1.00000000
  1.00000000
  1.00000000
  1.00000000
  1.00000000
  1.00000000
  1.00000000
  1.00000000
  1.00000000
  1.00000000
  1.00000000
  1.00000000
  1.00000000
  1.00000000
  1.00000000
  1.00000000
  1.00000000
  1.00000000
  1.00000000
  1.00000000
  1.00000000
  1.00000000
  1.00000000
  1.00000000
  1.00000000
  1.00000000
  1.00000000
  1.00000000
  1.00000000
  1.00000000
  1.00000000
  1.00000000
  1.00000000
  1.00000000
  1.00000000
  1.00000000
  1.00000000
  1.00000000
  1.00000000
  1.00000000
  1.00000000
  1.00000000
  1.00000000
  1.00000000
  1.00000000
  1.00000000
  1.00000000
  1.00000000
  1.00000000
  1.00000000
  1.00000000
  1.00000000
  1.00000000
  1.00000000
  1.00000000
  1.00000000
  1.00000000
  1.00000000
  1.00000000
  1.00000000
  1.00000000
  1.00000000
  1.00000000
  1.00000000
  1.00000000
  1.00000000
  1.00000000
  1.00000000
  1.00000000
  1.00000000
  1.00000000
  1.00000000
  1.00000000
  1.00000000
  1.00000000
  1.00000000
  1.00000000
  1.00000000
  1.00000000
  1.00000000
  1.00000000
  1.00000000
  1.00000000
  1.00000000
  1.00000000
  1.00000000
  1.00000000
  1.00000000
  1.00000000
  1.00000000
  1.00000000
  1.00000000
  1.00000000
  1.00000000
  1.00000000
  1.00000000
  1.00000000
  1.00000000
  1.00000000
  1.00000000
  1.00000000
  1.00000000
  1.00000000
  1.00000000
  1.00000000
  1.00000000
  1.00000000
  1.00000000
  1.00000000
  1.00000000
  1.00000000
  1.00000000
  1.00000000
  1.00000000
  1.00000000
  1.00000000
  1.00000000
  1.00000000
  1.00000000
  1.00000000
  1.00000000
  1.00000000
  1.00000000
  1.00000000
  1.00000000
  1.00000000
  1.00000000
  1.00000000
  1.00000000
  1.00000000
  1.00000000
  1.00000000
  1.00000000
  1.00000000
  1.00000000
  1.00000000
  1.00000000
  1.00000000
  1.00000000
  1.00000000
  1.00000000
  1.00000000
  1.00000000
  1.00000000
  1.00000000
  1.00000000
  1.00000000
  1.00000000
  1.00000000
  1.00000000
  1.00000000
  1.00000000
  1.00000000
  1.00000000
  1.00000000
  1.00000000
  1.00000000
  1.00000000
  1.00000000
  1.00000000
  1.00000000
  1.00000000
  1.00000000
  1.00000000
  1.00000000
  1.00000000
  1.00000000
  1.00000000
  1.00000000
  1.00000000
  1.00000000
  1.00000000
  1.00000000
  1.00000000
  1.00000000
  1.00000000
  1.00000000
  1.00000000
  1.00000000
  1.00000000
  1.00000000
  1.00000000
  1.00000000
  1.00000000
  1.00000000
  1.00000000
  1.00000000
  1.00000000
  1.00000000
  1.00000000
  1.00000000
  1.00000000
  1.00000000
  1.00000000
  1.00000000
  1.00000000
  1.00000000
  1.00000000
  1.00000000
  1.00000000
  1.00000000
  1.00000000
  1.00000000
  1.00000000
  1.00000000
  1.00000000
  1.00000000
  1.00000000
  1.00000000
  1.00000000
  1.00000000
  1.00000000
  1.00000000
  1.00000000
  1.00000000
  1.00000000
  1.00000000
  1.00000000
  1.00000000
  1.00000000
  1.00000000
  1.00000000
  1.00000000
  1.00000000
  1.00000000
  1.00000000
  1.00000000
  1.00000000
  1.00000000
  1.00000000
  1.00000000
  1.00000000
  1.00000000
  1.00000000
  1.00000000
  1.00000000
  1.00000000
  1.00000000
  1.00000000
  1.00000000
  1.00000000
  1.00000000
  1.00000000
  1.00000000
  1.00000000
  1.00000000
  1.00000000
  1.00000000
  1.00000000
  1.00000000
  1.00000000
  1.00000000
  1.00000000
  1.00000000
  1.00000000
  1.00000000
  1.00000000
  1.00000000
  1.00000000
  1.00000000
  1.00000000
  1.00000000
  1.00000000
  1.00000000
  1.00000000
  1.00000000
  1.00000000
  1.00000000
  1.00000000
  1.00000000
  1.00000000
  1.00000000
  1.00000000
  1.00000000
  1.00000000
  1.00000000
  1.00000000
  1.00000000
  1.00000000
  1.00000000
  1.00000000
  1.00000000
  1.00000000
  1.00000000
  1.00000000
  1.00000000
  1.00000000
   Residual Solute after Dryout moles/dm^3 :
 0.00000000E+00 0.00000000E+00 0.00000000E+00
 0.00000000E+00 0.00000000E+00 0.00000000E+00
 0.00000000E+00 0.00000000E+00 0.00000000E+00
 0.00000000E+00 0.00000000E+00 0.00000000E+00
 0.00000000E+00 0.00000000E+00 0.00000000E+00
 0.00000000E+00 0.00000000E+00 0.00000000E+00
 0.00000000E+00 0.00000000E+00 0.00000000E+00
 0.00000000E+00 0.00000000E+00 0.00000000E+00
 0.00000000E+00 0.00000000E+00 0.00000000E+00
 0.00000000E+00 0.00000000E+00 0.00000000E+00
 0.00000000E+00 0.00000000E+00 0.00000000E+00
 0.00000000E+00 0.00000000E+00 0.00000000E+00
 0.00000000E+00 0.00000000E+00 0.00000000E+00
 0.00000000E+00 0.00000000E+00 0.00000000E+00
 0.00000000E+00 0.00000000E+00 0.00000000E+00
 0.00000000E+00 0.00000000E+00 0.00000000E+00
 0.00000000E+00 0.00000000E+00 0.00000000E+00
 0.00000000E+00 0.00000000E+00 0.00000000E+00
 0.00000000E+00 0.00000000E+00 0.00000000E+00
 0.00000000E+00 0.00000000E+00 0.00000000E+00
 0.00000000E+00 0.00000000E+00 0.00000000E+00
 0.00000000E+00 0.00000000E+00 0.00000000E+00
 0.00000000E+00 0.00000000E+00 0.00000000E+00
 0.00000000E+00 0.00000000E+00 0.00000000E+00
 0.00000000E+00 0.00000000E+00 0.00000000E+00
 0.00000000E+00 0.00000000E+00 0.00000000E+00
 0.00000000E+00 0.00000000E+00 0.00000000E+00
 0.00000000E+00 0.00000000E+00 0.00000000E+00
 0.00000000E+00 0.00000000E+00 0.00000000E+00
 0.00000000E+00 0.00000000E+00 0.00000000E+00
 0.00000000E+00 0.00000000E+00 0.00000000E+00
 0.00000000E+00 0.00000000E+00 0.00000000E+00
 0.00000000E+00 0.00000000E+00 0.00000000E+00
 0.00000000E+00 0.00000000E+00 0.00000000E+00
 0.00000000E+00 0.00000000E+00 0.00000000E+00
 0.00000000E+00 0.00000000E+00 0.00000000E+00
 0.00000000E+00 0.00000000E+00 0.00000000E+00
 0.00000000E+00 0.00000000E+00 0.00000000E+00
 0.00000000E+00 0.00000000E+00 0.00000000E+00
 0.00000000E+00 0.00000000E+00 0.00000000E+00
 0.00000000E+00 0.00000000E+00 0.00000000E+00
 0.00000000E+00 0.00000000E+00 0.00000000E+00
 0.00000000E+00 0.00000000E+00 0.00000000E+00
 0.00000000E+00 0.00000000E+00 0.00000000E+00
 0.00000000E+00 0.00000000E+00 0.00000000E+00
 0.00000000E+00 0.00000000E+00 0.00000000E+00
 0.00000000E+00 0.00000000E+00 0.00000000E+00
 0.00000000E+00 0.00000000E+00 0.00000000E+00
 0.00000000E+00 0.00000000E+00 0.00000000E+00
 0.00000000E+00 0.00000000E+00 0.00000000E+00
 0.00000000E+00 0.00000000E+00 0.00000000E+00
 0.00000000E+00 0.00000000E+00 0.00000000E+00
 0.00000000E+00 0.00000000E+00 0.00000000E+00
 0.00000000E+00 0.00000000E+00 0.00000000E+00
 0.00000000E+00 0.00000000E+00 0.00000000E+00
 0.00000000E+00 0.00000000E+00 0.00000000E+00
 0.00000000E+00 0.00000000E+00 0.00000000E+00
 0.00000000E+00 0.00000000E+00 0.00000000E+00
 0.00000000E+00 0.00000000E+00 0.00000000E+00
 0.00000000E+00 0.00000000E+00 0.00000000E+00
 0.00000000E+00 0.00000000E+00 0.00000000E+00
 0.00000000E+00 0.00000000E+00 0.00000000E+00
 0.00000000E+00 0.00000000E+00 0.00000000E+00
 0.00000000E+00 0.00000000E+00 0.00000000E+00
 0.00000000E+00 0.00000000E+00 0.00000000E+00
 0.00000000E+00 0.00000000E+00 0.00000000E+00
 0.00000000E+00 0.00000000E+00 0.00000000E+00
 0.00000000E+00 0.00000000E+00 0.00000000E+00
 0.00000000E+00 0.00000000E+00 0.00000000E+00
 0.00000000E+00 0.00000000E+00 0.00000000E+00
 0.00000000E+00 0.00000000E+00 0.00000000E+00
 0.00000000E+00 0.00000000E+00 0.00000000E+00
 0.00000000E+00 0.00000000E+00 0.00000000E+00
 0.00000000E+00 0.00000000E+00 0.00000000E+00
 0.00000000E+00 0.00000000E+00 0.00000000E+00
 0.00000000E+00 0.00000000E+00 0.00000000E+00
 0.00000000E+00 0.00000000E+00 0.00000000E+00
 0.00000000E+00 0.00000000E+00 0.00000000E+00
 0.00000000E+00 0.00000000E+00 0.00000000E+00
 0.00000000E+00 0.00000000E+00 0.00000000E+00
 0.00000000E+00 0.00000000E+00 0.00000000E+00
 0.00000000E+00 0.00000000E+00 0.00000000E+00
 0.00000000E+00 0.00000000E+00 0.00000000E+00
 0.00000000E+00 0.00000000E+00 0.00000000E+00
 0.00000000E+00 0.00000000E+00 0.00000000E+00
 0.00000000E+00 0.00000000E+00 0.00000000E+00
 0.00000000E+00 0.00000000E+00 0.00000000E+00
 0.00000000E+00 0.00000000E+00 0.00000000E+00
 0.00000000E+00 0.00000000E+00 0.00000000E+00
 0.00000000E+00 0.00000000E+00 0.00000000E+00
 0.00000000E+00 0.00000000E+00 0.00000000E+00
 0.00000000E+00 0.00000000E+00 0.00000000E+00
 0.00000000E+00 0.00000000E+00 0.00000000E+00
 0.00000000E+00 0.00000000E+00 0.00000000E+00
 0.00000000E+00 0.00000000E+00 0.00000000E+00
 0.00000000E+00 0.00000000E+00 0.00000000E+00
 0.00000000E+00 0.00000000E+00 0.00000000E+00
 0.00000000E+00 0.00000000E+00 0.00000000E+00
 0.00000000E+00 0.00000000E+00 0.00000000E+00
 0.00000000E+00 0.00000000E+00 0.00000000E+00
 0.00000000E+00 0.00000000E+00 0.00000000E+00
 0.00000000E+00 0.00000000E+00 0.00000000E+00
 0.00000000E+00 0.00000000E+00 0.00000000E+00
 0.00000000E+00 0.00000000E+00 0.00000000E+00
 0.00000000E+00 0.00000000E+00 0.00000000E+00
 0.00000000E+00 0.00000000E+00 0.00000000E+00
 0.00000000E+00 0.00000000E+00 0.00000000E+00
 0.00000000E+00 0.00000000E+00 0.00000000E+00
 0.00000000E+00 0.00000000E+00 0.00000000E+00
 0.00000000E+00 0.00000000E+00 0.00000000E+00
 0.00000000E+00 0.00000000E+00 0.00000000E+00
 0.00000000E+00 0.00000000E+00 0.00000000E+00
 0.00000000E+00 0.00000000E+00 0.00000000E+00
 0.00000000E+00 0.00000000E+00 0.00000000E+00
 0.00000000E+00 0.00000000E+00 0.00000000E+00
 0.00000000E+00 0.00000000E+00 0.00000000E+00
 0.00000000E+00 0.00000000E+00 0.00000000E+00
 0.00000000E+00 0.00000000E+00 0.00000000E+00
 0.00000000E+00 0.00000000E+00 0.00000000E+00
 0.00000000E+00 0.00000000E+00 0.00000000E+00
 0.00000000E+00 0.00000000E+00 0.00000000E+00
 0.00000000E+00 0.00000000E+00 0.00000000E+00
 0.00000000E+00 0.00000000E+00 0.00000000E+00
 0.00000000E+00 0.00000000E+00 0.00000000E+00
 0.00000000E+00 0.00000000E+00 0.00000000E+00
 0.00000000E+00 0.00000000E+00 0.00000000E+00
 0.00000000E+00 0.00000000E+00 0.00000000E+00
 0.00000000E+00 0.00000000E+00 0.00000000E+00
 0.00000000E+00 0.00000000E+00 0.00000000E+00
 0.00000000E+00 0.00000000E+00 0.00000000E+00
 0.00000000E+00 0.00000000E+00 0.00000000E+00
 0.00000000E+00 0.00000000E+00 0.00000000E+00
 0.00000000E+00 0.00000000E+00 0.00000000E+00
 0.00000000E+00 0.00000000E+00 0.00000000E+00
 0.00000000E+00 0.00000000E+00 0.00000000E+00
 0.00000000E+00 0.00000000E+00 0.00000000E+00
 0.00000000E+00 0.00000000E+00 0.00000000E+00
 0.00000000E+00 0.00000000E+00 0.00000000E+00
 0.00000000E+00 0.00000000E+00 0.00000000E+00
 0.00000000E+00 0.00000000E+00 0.00000000E+00
 0.00000000E+00 0.00000000E+00 0.00000000E+00
 0.00000000E+00 0.00000000E+00 0.00000000E+00
 0.00000000E+00 0.00000000E+00 0.00000000E+00
 0.00000000E+00 0.00000000E+00 0.00000000E+00
 0.00000000E+00 0.00000000E+00 0.00000000E+00
 0.00000000E+00 0.00000000E+00 0.00000000E+00
 0.00000000E+00 0.00000000E+00 0.00000000E+00
 0.00000000E+00 0.00000000E+00 0.00000000E+00
 0.00000000E+00 0.00000000E+00 0.00000000E+00
 0.00000000E+00 0.00000000E+00 0.00000000E+00
 0.00000000E+00 0.00000000E+00 0.00000000E+00
 0.00000000E+00 0.00000000E+00 0.00000000E+00
 0.00000000E+00 0.00000000E+00 0.00000000E+00
 0.00000000E+00 0.00000000E+00 0.00000000E+00
 0.00000000E+00 0.00000000E+00 0.00000000E+00
 0.00000000E+00 0.00000000E+00 0.00000000E+00
 0.00000000E+00 0.00000000E+00 0.00000000E+00
 0.00000000E+00 0.00000000E+00 0.00000000E+00
 0.00000000E+00 0.00000000E+00 0.00000000E+00
 0.00000000E+00 0.00000000E+00 0.00000000E+00
 0.00000000E+00 0.00000000E+00 0.00000000E+00
 0.00000000E+00 0.00000000E+00 0.00000000E+00
 0.00000000E+00 0.00000000E+00 0.00000000E+00
 0.00000000E+00 0.00000000E+00 0.00000000E+00
 0.00000000E+00 0.00000000E+00 0.00000000E+00
 0.00000000E+00 0.00000000E+00 0.00000000E+00
 0.00000000E+00 0.00000000E+00 0.00000000E+00
 0.00000000E+00 0.00000000E+00 0.00000000E+00
 0.00000000E+00 0.00000000E+00 0.00000000E+00
 0.00000000E+00 0.00000000E+00 0.00000000E+00
 0.00000000E+00 0.00000000E+00 0.00000000E+00
 0.00000000E+00 0.00000000E+00 0.00000000E+00
 0.00000000E+00 0.00000000E+00 0.00000000E+00
 0.00000000E+00 0.00000000E+00 0.00000000E+00
 0.00000000E+00 0.00000000E+00 0.00000000E+00
 0.00000000E+00 0.00000000E+00 0.00000000E+00
 0.00000000E+00 0.00000000E+00 0.00000000E+00
 0.00000000E+00 0.00000000E+00 0.00000000E+00
 0.00000000E+00 0.00000000E+00 0.00000000E+00
 0.00000000E+00 0.00000000E+00 0.00000000E+00
 0.00000000E+00 0.00000000E+00 0.00000000E+00
 0.00000000E+00 0.00000000E+00 0.00000000E+00
 0.00000000E+00 0.00000000E+00 0.00000000E+00
 0.00000000E+00 0.00000000E+00 0.00000000E+00
 0.00000000E+00 0.00000000E+00 0.00000000E+00
 0.00000000E+00 0.00000000E+00 0.00000000E+00
 0.00000000E+00 0.00000000E+00 0.00000000E+00
 0.00000000E+00 0.00000000E+00 0.00000000E+00
 0.00000000E+00 0.00000000E+00 0.00000000E+00
 0.00000000E+00 0.00000000E+00 0.00000000E+00
 0.00000000E+00 0.00000000E+00 0.00000000E+00
 0.00000000E+00 0.00000000E+00 0.00000000E+00
 0.00000000E+00 0.00000000E+00 0.00000000E+00
 0.00000000E+00 0.00000000E+00 0.00000000E+00
 0.00000000E+00 0.00000000E+00 0.00000000E+00
 0.00000000E+00 0.00000000E+00 0.00000000E+00
 0.00000000E+00 0.00000000E+00 0.00000000E+00
 0.00000000E+00 0.00000000E+00 0.00000000E+00
 0.00000000E+00 0.00000000E+00 0.00000000E+00
 0.00000000E+00 0.00000000E+00 0.00000000E+00
 0.00000000E+00 0.00000000E+00 0.00000000E+00
 0.00000000E+00 0.00000000E+00 0.00000000E+00
 0.00000000E+00 0.00000000E+00 0.00000000E+00
 0.00000000E+00 0.00000000E+00 0.00000000E+00
 0.00000000E+00 0.00000000E+00 0.00000000E+00
 0.00000000E+00 0.00000000E+00 0.00000000E+00
 0.00000000E+00 0.00000000E+00 0.00000000E+00
 0.00000000E+00 0.00000000E+00 0.00000000E+00
 0.00000000E+00 0.00000000E+00 0.00000000E+00
 0.00000000E+00 0.00000000E+00 0.00000000E+00
 0.00000000E+00 0.00000000E+00 0.00000000E+00
 0.00000000E+00 0.00000000E+00 0.00000000E+00
 0.00000000E+00 0.00000000E+00 0.00000000E+00
 0.00000000E+00 0.00000000E+00 0.00000000E+00
 0.00000000E+00 0.00000000E+00 0.00000000E+00
 0.00000000E+00 0.00000000E+00 0.00000000E+00
 0.00000000E+00 0.00000000E+00 0.00000000E+00
 0.00000000E+00 0.00000000E+00 0.00000000E+00
 0.00000000E+00 0.00000000E+00 0.00000000E+00
 0.00000000E+00 0.00000000E+00 0.00000000E+00
 0.00000000E+00 0.00000000E+00 0.00000000E+00
 0.00000000E+00 0.00000000E+00 0.00000000E+00
 0.00000000E+00 0.00000000E+00 0.00000000E+00
 0.00000000E+00 0.00000000E+00 0.00000000E+00
 0.00000000E+00 0.00000000E+00 0.00000000E+00
 0.00000000E+00 0.00000000E+00 0.00000000E+00
 0.00000000E+00 0.00000000E+00 0.00000000E+00
 0.00000000E+00 0.00000000E+00 0.00000000E+00
 0.00000000E+00 0.00000000E+00 0.00000000E+00
 0.00000000E+00 0.00000000E+00 0.00000000E+00
 0.00000000E+00 0.00000000E+00 0.00000000E+00
 0.00000000E+00 0.00000000E+00 0.00000000E+00
 0.00000000E+00 0.00000000E+00 0.00000000E+00
 0.00000000E+00 0.00000000E+00 0.00000000E+00
 0.00000000E+00 0.00000000E+00 0.00000000E+00
 0.00000000E+00 0.00000000E+00 0.00000000E+00
 0.00000000E+00 0.00000000E+00 0.00000000E+00
 0.00000000E+00 0.00000000E+00 0.00000000E+00
 0.00000000E+00 0.00000000E+00 0.00000000E+00
 0.00000000E+00 0.00000000E+00 0.00000000E+00
 0.00000000E+00 0.00000000E+00 0.00000000E+00
 0.00000000E+00 0.00000000E+00 0.00000000E+00
 0.00000000E+00 0.00000000E+00 0.00000000E+00
 0.00000000E+00 0.00000000E+00 0.00000000E+00
 0.00000000E+00 0.00000000E+00 0.00000000E+00
 0.00000000E+00 0.00000000E+00 0.00000000E+00
 0.00000000E+00 0.00000000E+00 0.00000000E+00
 0.00000000E+00 0.00000000E+00 0.00000000E+00
 0.00000000E+00 0.00000000E+00 0.00000000E+00
 0.00000000E+00 0.00000000E+00 0.00000000E+00
 0.00000000E+00 0.00000000E+00 0.00000000E+00
 0.00000000E+00 0.00000000E+00 0.00000000E+00
 0.00000000E+00 0.00000000E+00 0.00000000E+00
 0.00000000E+00 0.00000000E+00 0.00000000E+00
 0.00000000E+00 0.00000000E+00 0.00000000E+00
 0.00000000E+00 0.00000000E+00 0.00000000E+00
 0.00000000E+00 0.00000000E+00 0.00000000E+00
 0.00000000E+00 0.00000000E+00 0.00000000E+00
 0.00000000E+00 0.00000000E+00 0.00000000E+00
 0.00000000E+00 0.00000000E+00 0.00000000E+00
 0.00000000E+00 0.00000000E+00 0.00000000E+00
 0.00000000E+00 0.00000000E+00 0.00000000E+00
 0.00000000E+00 0.00000000E+00 0.00000000E+00
 0.00000000E+00 0.00000000E+00 0.00000000E+00
 0.00000000E+00 0.00000000E+00 0.00000000E+00
 0.00000000E+00 0.00000000E+00 0.00000000E+00
 0.00000000E+00 0.00000000E+00 0.00000000E+00
 0.00000000E+00 0.00000000E+00 0.00000000E+00
 0.00000000E+00 0.00000000E+00 0.00000000E+00
 0.00000000E+00 0.00000000E+00 0.00000000E+00
 0.00000000E+00 0.00000000E+00 0.00000000E+00
 0.00000000E+00 0.00000000E+00 0.00000000E+00
 0.00000000E+00 0.00000000E+00 0.00000000E+00
 0.00000000E+00 0.00000000E+00 0.00000000E+00
 0.00000000E+00 0.00000000E+00 0.00000000E+00
 0.00000000E+00 0.00000000E+00 0.00000000E+00
 0.00000000E+00 0.00000000E+00 0.00000000E+00
 0.00000000E+00 0.00000000E+00 0.00000000E+00
 0.00000000E+00 0.00000000E+00 0.00000000E+00
 0.00000000E+00 0.00000000E+00 0.00000000E+00
 0.00000000E+00 0.00000000E+00 0.00000000E+00
 0.00000000E+00 0.00000000E+00 0.00000000E+00
 0.00000000E+00 0.00000000E+00 0.00000000E+00
 0.00000000E+00 0.00000000E+00 0.00000000E+00
 0.00000000E+00 0.00000000E+00 0.00000000E+00
 0.00000000E+00 0.00000000E+00 0.00000000E+00
 0.00000000E+00 0.00000000E+00 0.00000000E+00
 0.00000000E+00 0.00000000E+00 0.00000000E+00
 0.00000000E+00 0.00000000E+00 0.00000000E+00
 0.00000000E+00 0.00000000E+00 0.00000000E+00
 0.00000000E+00 0.00000000E+00 0.00000000E+00
 0.00000000E+00 0.00000000E+00 0.00000000E+00
 0.00000000E+00 0.00000000E+00 0.00000000E+00
 0.00000000E+00 0.00000000E+00 0.00000000E+00
 0.00000000E+00 0.00000000E+00 0.00000000E+00
 0.00000000E+00 0.00000000E+00 0.00000000E+00
 0.00000000E+00 0.00000000E+00 0.00000000E+00
 0.00000000E+00 0.00000000E+00 0.00000000E+00
 0.00000000E+00 0.00000000E+00 0.00000000E+00
 0.00000000E+00 0.00000000E+00 0.00000000E+00
 0.00000000E+00 0.00000000E+00 0.00000000E+00
 0.00000000E+00 0.00000000E+00 0.00000000E+00
 0.00000000E+00 0.00000000E+00 0.00000000E+00
 0.00000000E+00 0.00000000E+00 0.00000000E+00
 0.00000000E+00 0.00000000E+00 0.00000000E+00
 0.00000000E+00 0.00000000E+00 0.00000000E+00
 0.00000000E+00 0.00000000E+00 0.00000000E+00
 0.00000000E+00 0.00000000E+00 0.00000000E+00
 0.00000000E+00 0.00000000E+00 0.00000000E+00
 0.00000000E+00 0.00000000E+00 0.00000000E+00
 0.00000000E+00 0.00000000E+00 0.00000000E+00
 0.00000000E+00 0.00000000E+00 0.00000000E+00
 0.00000000E+00 0.00000000E+00 0.00000000E+00
 0.00000000E+00 0.00000000E+00 0.00000000E+00
 0.00000000E+00 0.00000000E+00 0.00000000E+00
 0.00000000E+00 0.00000000E+00 0.00000000E+00
 0.00000000E+00 0.00000000E+00 0.00000000E+00
 0.00000000E+00 0.00000000E+00 0.00000000E+00
 0.00000000E+00 0.00000000E+00 0.00000000E+00
 0.00000000E+00 0.00000000E+00 0.00000000E+00
 0.00000000E+00 0.00000000E+00 0.00000000E+00
 0.00000000E+00 0.00000000E+00 0.00000000E+00
 0.00000000E+00 0.00000000E+00 0.00000000E+00
 0.00000000E+00 0.00000000E+00 0.00000000E+00
 0.00000000E+00 0.00000000E+00 0.00000000E+00
 0.00000000E+00 0.00000000E+00 0.00000000E+00
 0.00000000E+00 0.00000000E+00 0.00000000E+00
 0.00000000E+00 0.00000000E+00 0.00000000E+00
 0.00000000E+00 0.00000000E+00 0.00000000E+00
 0.00000000E+00 0.00000000E+00 0.00000000E+00
 0.00000000E+00 0.00000000E+00 0.00000000E+00
 0.00000000E+00 0.00000000E+00 0.00000000E+00
 0.00000000E+00 0.00000000E+00 0.00000000E+00
 0.00000000E+00 0.00000000E+00 0.00000000E+00
 0.00000000E+00 0.00000000E+00 0.00000000E+00
 0.00000000E+00 0.00000000E+00 0.00000000E+00
 0.00000000E+00 0.00000000E+00 0.00000000E+00
 0.00000000E+00 0.00000000E+00 0.00000000E+00
 0.00000000E+00 0.00000000E+00 0.00000000E+00
 0.00000000E+00 0.00000000E+00 0.00000000E+00
 0.00000000E+00 0.00000000E+00 0.00000000E+00
 0.00000000E+00 0.00000000E+00 0.00000000E+00
 0.00000000E+00 0.00000000E+00 0.00000000E+00
 0.00000000E+00 0.00000000E+00 0.00000000E+00
 0.00000000E+00 0.00000000E+00 0.00000000E+00
 0.00000000E+00 0.00000000E+00 0.00000000E+00
 0.00000000E+00 0.00000000E+00 0.00000000E+00
 0.00000000E+00 0.00000000E+00 0.00000000E+00
 0.00000000E+00 0.00000000E+00 0.00000000E+00
 0.00000000E+00 0.00000000E+00 0.00000000E+00
 0.00000000E+00 0.00000000E+00 0.00000000E+00
 0.00000000E+00 0.00000000E+00 0.00000000E+00
 0.00000000E+00 0.00000000E+00 0.00000000E+00
 0.00000000E+00 0.00000000E+00 0.00000000E+00
 0.00000000E+00 0.00000000E+00 0.00000000E+00
 0.00000000E+00 0.00000000E+00 0.00000000E+00
 0.00000000E+00 0.00000000E+00 0.00000000E+00
 0.00000000E+00 0.00000000E+00 0.00000000E+00
 0.00000000E+00 0.00000000E+00 0.00000000E+00
 0.00000000E+00 0.00000000E+00 0.00000000E+00
 0.00000000E+00 0.00000000E+00 0.00000000E+00
 0.00000000E+00 0.00000000E+00 0.00000000E+00
  UT   Concentration of primary species mol/L :
 0.49651104E+02 0.98429360E-07 0.98429361E-10
 0.49651104E+02 0.98429438E-07 0.98429438E-10
 0.49651104E+02 0.98429515E-07 0.98429516E-10
 0.49651104E+02 0.98429653E-07 0.98429653E-10
 0.49651104E+02 0.98429784E-07 0.98429785E-10
 0.49651104E+02 0.98429644E-07 0.98429644E-10
 0.49651104E+02 0.98429495E-07 0.98429496E-10
 0.49651104E+02 0.98429059E-07 0.98429060E-10
 0.49651104E+02 0.98429524E-07 0.98429524E-10
 0.49651104E+02 0.98429663E-07 0.98429664E-10
 0.49651104E+02 0.98429730E-07 0.98429731E-10
 0.49651104E+02 0.98429823E-07 0.98429824E-10
 0.49651104E+02 0.98429056E-07 0.98429056E-10
 0.49651104E+02 0.98429370E-07 0.98429371E-10
 0.49651104E+02 0.98429499E-07 0.98429500E-10
 0.49651104E+02 0.98429575E-07 0.98429575E-10
 0.49651104E+02 0.98429144E-07 0.98429144E-10
 0.49651104E+02 0.98429902E-07 0.98429903E-10
 0.49651104E+02 0.98429754E-07 0.98429755E-10
 0.49651104E+02 0.98429823E-07 0.98429824E-10
 0.49651104E+02 0.98431201E-07 0.98431201E-10
 0.49651104E+02 0.98429668E-07 0.98429669E-10
 0.49651104E+02 0.98429501E-07 0.98429502E-10
 0.49651104E+02 0.98429102E-07 0.98429102E-10
 0.49651104E+02 0.98430001E-07 0.98430001E-10
 0.49651104E+02 0.98429245E-07 0.98429245E-10
 0.49651104E+02 0.98429120E-07 0.98429121E-10
 0.49651104E+02 0.98430348E-07 0.98430348E-10
 0.49651104E+02 0.98429122E-07 0.98429123E-10
 0.49651104E+02 0.98430009E-07 0.98430010E-10
 0.49651104E+02 0.98429360E-07 0.98429361E-10
 0.49651104E+02 0.98429977E-07 0.98429978E-10
 0.49651104E+02 0.98429569E-07 0.98429570E-10
 0.49651104E+02 0.98429750E-07 0.98429750E-10
 0.49651104E+02 0.98429765E-07 0.98429765E-10
 0.49651104E+02 0.98429532E-07 0.98429533E-10
 0.49651104E+02 0.98429041E-07 0.98429042E-10
 0.49651104E+02 0.98429214E-07 0.98429215E-10
 0.49651104E+02 0.98430421E-07 0.98430421E-10
 0.49651104E+02 0.98429967E-07 0.98429968E-10
 0.49651104E+02 0.98430592E-07 0.98430592E-10
 0.49651104E+02 0.98429971E-07 0.98429972E-10
 0.49651104E+02 0.98429036E-07 0.98429037E-10
 0.49651104E+02 0.98428989E-07 0.98428989E-10
 0.49651104E+02 0.98429493E-07 0.98429494E-10
 0.49651104E+02 0.98429647E-07 0.98429647E-10
 0.49651104E+02 0.98429102E-07 0.98429103E-10
 0.49651104E+02 0.98429314E-07 0.98429315E-10
 0.49651104E+02 0.98429939E-07 0.98429940E-10
 0.49651104E+02 0.98429531E-07 0.98429532E-10
 0.49651104E+02 0.98429385E-07 0.98429385E-10
 0.49651104E+02 0.98429164E-07 0.98429164E-10
 0.49651104E+02 0.98429003E-07 0.98429003E-10
 0.49651104E+02 0.98429177E-07 0.98429177E-10
 0.49651104E+02 0.98428866E-07 0.98428867E-10
 0.49651104E+02 0.98429540E-07 0.98429541E-10
 0.49651104E+02 0.98429158E-07 0.98429159E-10
 0.49651104E+02 0.98430099E-07 0.98430100E-10
 0.49651104E+02 0.98429488E-07 0.98429488E-10
 0.49651104E+02 0.98428931E-07 0.98428931E-10
 0.49651104E+02 0.98428808E-07 0.98428809E-10
 0.49651104E+02 0.98429050E-07 0.98429050E-10
 0.49651104E+02 0.98429265E-07 0.98429266E-10
 0.49651104E+02 0.98429400E-07 0.98429401E-10
 0.49651104E+02 0.98429155E-07 0.98429156E-10
 0.49651104E+02 0.98428896E-07 0.98428896E-10
 0.49651104E+02 0.98429152E-07 0.98429153E-10
 0.49651104E+02 0.98429181E-07 0.98429181E-10
 0.49651104E+02 0.98429004E-07 0.98429004E-10
 0.49651104E+02 0.98429128E-07 0.98429129E-10
 0.49651104E+02 0.98428955E-07 0.98428955E-10
 0.49651104E+02 0.98428982E-07 0.98428982E-10
 0.49651104E+02 0.98429058E-07 0.98429059E-10
 0.49651104E+02 0.98428704E-07 0.98428704E-10
 0.49651104E+02 0.98428919E-07 0.98428920E-10
 0.49651104E+02 0.98428905E-07 0.98428906E-10
 0.49651104E+02 0.98428789E-07 0.98428790E-10
 0.49651104E+02 0.98428933E-07 0.98428933E-10
 0.49651104E+02 0.98428815E-07 0.98428816E-10
 0.49651104E+02 0.98429739E-07 0.98429740E-10
 0.49651104E+02 0.98429191E-07 0.98429191E-10
 0.49651104E+02 0.98428920E-07 0.98428921E-10
 0.49651104E+02 0.98428851E-07 0.98428852E-10
 0.49651104E+02 0.98428879E-07 0.98428879E-10
 0.49651104E+02 0.98428829E-07 0.98428830E-10
 0.49651104E+02 0.98428888E-07 0.98428889E-10
 0.49651104E+02 0.98428834E-07 0.98428835E-10
 0.49651104E+02 0.98428670E-07 0.98428671E-10
 0.49651104E+02 0.98428850E-07 0.98428851E-10
 0.49651104E+02 0.98428759E-07 0.98428760E-10
 0.49651104E+02 0.98428730E-07 0.98428730E-10
 0.49651104E+02 0.98428733E-07 0.98428734E-10
 0.49651104E+02 0.98428622E-07 0.98428623E-10
 0.49651104E+02 0.98428534E-07 0.98428534E-10
 0.49651104E+02 0.98428495E-07 0.98431112E-10
 0.49651104E+02 0.98428588E-07 0.98495763E-10
 0.49651104E+02 0.98428669E-07 0.98428670E-10
 0.49651104E+02 0.98428586E-07 0.98467794E-10
 0.49651104E+02 0.98428576E-07 0.98434836E-10
 0.49651104E+02 0.98428531E-07 0.98430540E-10
 0.49651104E+02 0.98428583E-07 0.98428584E-10
 0.49651104E+02 0.98428550E-07 0.98428551E-10
 0.49651104E+02 0.98428634E-07 0.98428634E-10
 0.49651104E+02 0.98428659E-07 0.98428660E-10
 0.49651104E+02 0.98428612E-07 0.98428613E-10
 0.49651104E+02 0.98428634E-07 0.98428634E-10
 0.49651104E+02 0.98428746E-07 0.98428747E-10
 0.49651104E+02 0.98429071E-07 0.98429071E-10
 0.49651104E+02 0.98429401E-07 0.98429402E-10
 0.49651104E+02 0.98428988E-07 0.11002246E-09
 0.49651104E+02 0.98428839E-07 0.98428839E-10
 0.49651104E+02 0.98428815E-07 0.10465813E-09
 0.49651104E+02 0.98428609E-07 0.98428610E-10
 0.49651104E+02 0.98428631E-07 0.98619020E-10
 0.49651104E+02 0.98428633E-07 0.98428634E-10
 0.49651104E+02 0.98428746E-07 0.98428747E-10
 0.49651104E+02 0.98428571E-07 0.98428572E-10
 0.49651104E+02 0.98428958E-07 0.11154437E-09
 0.49651104E+02 0.98428816E-07 0.10990289E-09
 0.49651104E+02 0.98430121E-07 0.98430122E-10
 0.49651104E+02 0.98428646E-07 0.98428647E-10
 0.49651104E+02 0.98428632E-07 0.98428633E-10
 0.49651104E+02 0.98428633E-07 0.98428633E-10
 0.49651104E+02 0.98428503E-07 0.98428504E-10
 0.49651104E+02 0.98428539E-07 0.98428540E-10
 0.49651104E+02 0.98428748E-07 0.98428748E-10
 0.49651104E+02 0.98428634E-07 0.98428634E-10
 0.49651104E+02 0.98429064E-07 0.98429064E-10
 0.49651104E+02 0.98428575E-07 0.98428576E-10
 0.49651104E+02 0.98428661E-07 0.99727910E-10
 0.49651104E+02 0.98429159E-07 0.12982808E-09
 0.49651104E+02 0.98428815E-07 0.98428815E-10
 0.49651104E+02 0.98429500E-07 0.13341642E-09
 0.49651104E+02 0.98428633E-07 0.98428634E-10
 0.49651104E+02 0.98428696E-07 0.98428696E-10
 0.49651104E+02 0.98429588E-07 0.98429589E-10
 0.49651104E+02 0.98428634E-07 0.98428634E-10
 0.49651104E+02 0.98428637E-07 0.98428638E-10
 0.49651104E+02 0.98428637E-07 0.98428638E-10
 0.49651104E+02 0.98430295E-07 0.17404344E-09
 0.49651104E+02 0.98428316E-07 0.10097526E-09
 0.49651104E+02 0.98428643E-07 0.98428644E-10
 0.49651104E+02 0.98428567E-07 0.98428568E-10
 0.49651104E+02 0.98428765E-07 0.98428766E-10
 0.49651104E+02 0.98428524E-07 0.98428524E-10
 0.49651104E+02 0.98428802E-07 0.98428802E-10
 0.49651104E+02 0.98428755E-07 0.98428756E-10
 0.49651104E+02 0.98429602E-07 0.98429602E-10
 0.49651104E+02 0.98428896E-07 0.98428897E-10
 0.49651104E+02 0.98428589E-07 0.98428590E-10
 0.49651104E+02 0.98428661E-07 0.98428662E-10
 0.49651104E+02 0.98428080E-07 0.11496364E-09
 0.49651104E+02 0.98428690E-07 0.98428692E-10
 0.49651104E+02 0.98428686E-07 0.98428687E-10
 0.49651104E+02 0.98428729E-07 0.98428730E-10
 0.49651104E+02 0.98428681E-07 0.98428681E-10
 0.49651104E+02 0.98431582E-07 0.23731647E-09
 0.49651104E+02 0.98428794E-07 0.98428794E-10
 0.49651104E+02 0.98428443E-07 0.10494598E-09
 0.49651104E+02 0.98428763E-07 0.98428763E-10
 0.49651104E+02 0.98427486E-07 0.98427487E-10
 0.49651104E+02 0.98428902E-07 0.98428903E-10
 0.49651104E+02 0.98429065E-07 0.98429065E-10
 0.49651104E+02 0.98429606E-07 0.98429607E-10
 0.49651104E+02 0.98435357E-07 0.40470789E-09
 0.49651104E+02 0.98428763E-07 0.98428763E-10
 0.49651104E+02 0.98428832E-07 0.98428835E-10
 0.49651104E+02 0.98428869E-07 0.98428869E-10
 0.49651104E+02 0.98426198E-07 0.98426199E-10
 0.49651104E+02 0.98428809E-07 0.98428815E-10
 0.49651104E+02 0.98428843E-07 0.98428843E-10
 0.49651104E+02 0.98428809E-07 0.98428811E-10
 0.49651104E+02 0.98429325E-07 0.98429326E-10
 0.49651104E+02 0.98429006E-07 0.98429006E-10
 0.49651104E+02 0.98420362E-07 0.98420403E-10
 0.49651104E+02 0.98428531E-07 0.12327097E-09
 0.49651104E+02 0.98441474E-07 0.71106238E-09
 0.49651104E+02 0.98428990E-07 0.98428991E-10
 0.49651104E+02 0.98428904E-07 0.98428908E-10
 0.49651104E+02 0.98428948E-07 0.98428952E-10
 0.49651104E+02 0.98429169E-07 0.98429170E-10
 0.49651104E+02 0.98459232E-07 0.15809863E-08
 0.49651104E+02 0.98428820E-07 0.98428830E-10
 0.49651104E+02 0.98428950E-07 0.98428955E-10
 0.49651104E+02 0.98429160E-07 0.98429161E-10
 0.49651104E+02 0.98427348E-07 0.12604086E-09
 0.49651104E+02 0.98370466E-07 0.90134790E-09
 0.49651104E+02 0.98930024E-07 0.20219792E-07
 0.49651104E+02 0.98425981E-07 0.98426011E-10
 0.49651104E+02 0.98428912E-07 0.98428928E-10
 0.49651104E+02 0.98429028E-07 0.98429042E-10
 0.49651104E+02 0.98429071E-07 0.98429087E-10
 0.49651104E+02 0.98429099E-07 0.98429115E-10
 0.49651104E+02 0.98429169E-07 0.98429218E-10
 0.49651104E+02 0.98429189E-07 0.98429349E-10
 0.49921215E+02 0.98416622E-07 0.29962961E-09
 0.49921215E+02 0.98471550E-07 0.26893129E-08
 0.49921215E+02 0.98428762E-07 0.98428762E-10
 0.49921215E+02 0.98428783E-07 0.98428783E-10
 0.49921215E+02 0.98428787E-07 0.98428788E-10
 0.49921215E+02 0.98428793E-07 0.98428793E-10
 0.49921215E+02 0.98428804E-07 0.98428805E-10
 0.49921215E+02 0.98428096E-07 0.98428097E-10
 0.49921215E+02 0.98428792E-07 0.98428793E-10
 0.49896418E+02 0.98428318E-07 0.98428319E-10
 0.49894272E+02 0.98428781E-07 0.98428782E-10
 0.49878433E+02 0.98428739E-07 0.98428739E-10
 0.49877359E+02 0.98428773E-07 0.98428774E-10
 0.49874538E+02 0.98428771E-07 0.98428771E-10
 0.49865670E+02 0.98435146E-07 0.52260368E-09
 0.49858411E+02 0.98428787E-07 0.98428787E-10
 0.49850341E+02 0.98428771E-07 0.11679862E-09
 0.49847381E+02 0.98427199E-07 0.98427220E-10
 0.49847381E+02 0.98428805E-07 0.98428806E-10
 0.49846978E+02 0.98428769E-07 0.98428770E-10
 0.49842133E+02 0.98428753E-07 0.98428754E-10
 0.49828668E+02 0.98428693E-07 0.98428694E-10
 0.49825569E+02 0.98428761E-07 0.98428761E-10
 0.49820314E+02 0.98428746E-07 0.98428747E-10
 0.49817079E+02 0.98430837E-07 0.22729914E-09
 0.49804402E+02 0.98428533E-07 0.98428534E-10
 0.49803323E+02 0.98428728E-07 0.98428729E-10
 0.49801569E+02 0.98429278E-07 0.13711297E-09
 0.49798195E+02 0.98428757E-07 0.98428758E-10
 0.49791851E+02 0.98428791E-07 0.98428792E-10
 0.49789555E+02 0.98428737E-07 0.98428738E-10
 0.49788205E+02 0.98429028E-07 0.98429028E-10
 0.49788205E+02 0.98428816E-07 0.98428817E-10
 0.49777884E+02 0.98428706E-07 0.98428707E-10
 0.49775168E+02 0.98428686E-07 0.98428686E-10
 0.49770450E+02 0.98429036E-07 0.11930001E-09
 0.49768801E+02 0.98429068E-07 0.12304335E-09
 0.49767259E+02 0.98428686E-07 0.98428686E-10
 0.49766137E+02 0.98428655E-07 0.98428656E-10
 0.49760064E+02 0.98428693E-07 0.98428693E-10
 0.49742794E+02 0.98428714E-07 0.98428715E-10
 0.49742076E+02 0.98429017E-07 0.11818332E-09
 0.49736387E+02 0.98428683E-07 0.98428683E-10
 0.49730601E+02 0.98428779E-07 0.98428779E-10
 0.49729951E+02 0.98428647E-07 0.98428648E-10
 0.49728853E+02 0.98429129E-07 0.98429130E-10
 0.49728853E+02 0.98428816E-07 0.98428817E-10
 0.49728108E+02 0.98428635E-07 0.98428635E-10
 0.49726617E+02 0.98428762E-07 0.98428763E-10
 0.49725315E+02 0.98428877E-07 0.10854850E-09
 0.49723932E+02 0.98428646E-07 0.98428647E-10
 0.49716433E+02 0.98428654E-07 0.98428654E-10
 0.49714331E+02 0.98428569E-07 0.98428569E-10
 0.49711848E+02 0.98428990E-07 0.11131762E-09
 0.49703746E+02 0.98428753E-07 0.10245300E-09
 0.49703502E+02 0.98428651E-07 0.98428652E-10
 0.49700936E+02 0.98428768E-07 0.10027403E-09
 0.49699837E+02 0.98428633E-07 0.98428634E-10
 0.49692068E+02 0.98428774E-07 0.98428775E-10
 0.49692068E+02 0.98428636E-07 0.98428637E-10
 0.49690819E+02 0.98428741E-07 0.98428741E-10
 0.49690153E+02 0.98428633E-07 0.98428634E-10
 0.49689243E+02 0.98428652E-07 0.98428652E-10
 0.49689121E+02 0.98428542E-07 0.98428543E-10
 0.49688564E+02 0.98429396E-07 0.98429397E-10
 0.49684310E+02 0.98428730E-07 0.98428730E-10
 0.49684310E+02 0.98428884E-07 0.98428885E-10
 0.49684066E+02 0.98428589E-07 0.98428590E-10
 0.49681524E+02 0.98428766E-07 0.10134766E-09
 0.49675787E+02 0.98428531E-07 0.98428532E-10
 0.49673258E+02 0.98428650E-07 0.99611417E-10
 0.49670388E+02 0.98428633E-07 0.98428634E-10
 0.49668022E+02 0.98428533E-07 0.98428534E-10
 0.49633092E+02 0.98428504E-07 0.98428505E-10
 0.49628621E+02 0.98429047E-07 0.98429048E-10
 0.49626262E+02 0.98428425E-07 0.98467710E-10
 0.49622825E+02 0.98428480E-07 0.98428481E-10
 0.49617027E+02 0.98428629E-07 0.98428630E-10
 0.49616344E+02 0.98428334E-07 0.98454024E-10
 0.49612100E+02 0.98428990E-07 0.98428990E-10
 0.49611772E+02 0.98428262E-07 0.98428262E-10
 0.49611472E+02 0.98428357E-07 0.98428357E-10
 0.49607855E+02 0.98428365E-07 0.98428681E-10
 0.49607240E+02 0.98428132E-07 0.98429438E-10
 0.49606940E+02 0.98428308E-07 0.98439862E-10
 0.49606285E+02 0.98428449E-07 0.98428450E-10
 0.49605479E+02 0.98428827E-07 0.98428828E-10
 0.49605261E+02 0.98428164E-07 0.98440093E-10
 0.49603103E+02 0.98428407E-07 0.98428407E-10
 0.49599306E+02 0.98428531E-07 0.98428532E-10
 0.49598473E+02 0.98428617E-07 0.98428618E-10
 0.49593145E+02 0.98428120E-07 0.98428121E-10
 0.49589332E+02 0.98428199E-07 0.98452811E-10
 0.49588895E+02 0.98428137E-07 0.98459363E-10
 0.49581731E+02 0.98428275E-07 0.98428276E-10
 0.49578326E+02 0.98427922E-07 0.98451769E-10
 0.49577068E+02 0.98427745E-07 0.98435618E-10
 0.49576521E+02 0.98428274E-07 0.98428417E-10
 0.49574948E+02 0.98427797E-07 0.98428081E-10
 0.49574442E+02 0.98428425E-07 0.98428426E-10
 0.49574278E+02 0.98428149E-07 0.98428150E-10
 0.49571665E+02 0.98428172E-07 0.98433870E-10
 0.49567847E+02 0.98428672E-07 0.98428672E-10
 0.49565781E+02 0.98428410E-07 0.98428411E-10
 0.49562537E+02 0.98428778E-07 0.98428779E-10
 0.49562140E+02 0.98428329E-07 0.98428345E-10
 0.49557403E+02 0.98428019E-07 0.98448206E-10
 0.49554459E+02 0.98427881E-07 0.98427882E-10
 0.49548418E+02 0.98426971E-07 0.98432895E-10
 0.49546349E+02 0.98427424E-07 0.98447346E-10
 0.49544622E+02 0.98427864E-07 0.98451534E-10
 0.49539771E+02 0.98428348E-07 0.98428349E-10
 0.49538263E+02 0.98428177E-07 0.98428456E-10
 0.49537578E+02 0.98427601E-07 0.98451332E-10
 0.49535974E+02 0.98427517E-07 0.98427647E-10
 0.49534493E+02 0.98428045E-07 0.98432010E-10
 0.49529213E+02 0.98428217E-07 0.98428218E-10
 0.49523534E+02 0.98428499E-07 0.98428500E-10
 0.49520090E+02 0.98427693E-07 0.98427694E-10
 0.49514380E+02 0.98426871E-07 0.98445409E-10
 0.49514380E+02 0.10000012E-06 0.10000768E-09
 0.49514380E+02 0.98426947E-07 0.98427262E-10
 0.49513419E+02 0.98428294E-07 0.98428294E-10
 0.49513419E+02 0.98428195E-07 0.98428248E-10
 0.49512870E+02 0.98428625E-07 0.98428626E-10
 0.49511223E+02 0.98428004E-07 0.98428004E-10
 0.49508751E+02 0.98427902E-07 0.98434028E-10
 0.49501197E+02 0.98427626E-07 0.98442575E-10
 0.49497899E+02 0.98428053E-07 0.98428810E-10
 0.49493090E+02 0.98427403E-07 0.98427428E-10
 0.49491028E+02 0.98427944E-07 0.98435671E-10
 0.49490890E+02 0.98428280E-07 0.98428281E-10
 0.49485803E+02 0.98426884E-07 0.98430206E-10
 0.49484153E+02 0.98427729E-07 0.98427729E-10
 0.49483328E+02 0.98427403E-07 0.98434962E-10
 0.49476588E+02 0.98428298E-07 0.98428298E-10
 0.49471360E+02 0.98428177E-07 0.98428197E-10
 0.49467919E+02 0.98428092E-07 0.98428092E-10
 0.49467644E+02 0.98428426E-07 0.98428426E-10
 0.49466818E+02 0.98427616E-07 0.98435183E-10
 0.49466818E+02 0.98428086E-07 0.98428245E-10
 0.49458557E+02 0.98427937E-07 0.98428891E-10
 0.49455389E+02 0.98428314E-07 0.98428315E-10
 0.49452496E+02 0.98428530E-07 0.98428530E-10
 0.49452220E+02 0.98427371E-07 0.98428906E-10
 0.49448362E+02 0.98427826E-07 0.98430574E-10
 0.49441057E+02 0.98428243E-07 0.98428243E-10
 0.49432508E+02 0.98428240E-07 0.98428241E-10
 0.49427404E+02 0.98427979E-07 0.98429408E-10
 0.49420091E+02 0.98427883E-07 0.98428479E-10
 0.49418848E+02 0.98428920E-07 0.98428921E-10
 0.49413602E+02 0.98428036E-07 0.98428153E-10
 0.49413050E+02 0.98428396E-07 0.98428396E-10
 0.49408216E+02 0.98428334E-07 0.98429421E-10
 0.49406145E+02 0.98426700E-07 0.98427496E-10
 0.49404072E+02 0.98429300E-07 0.98429301E-10
 0.49376559E+02 0.98427982E-07 0.98428079E-10
 0.49376559E+02 0.98428330E-07 0.98428773E-10
 0.49376559E+02 0.98428344E-07 0.98428344E-10
 0.49376559E+02 0.98428124E-07 0.98428144E-10
 0.49376559E+02 0.98428418E-07 0.98428857E-10
 0.49376559E+02 0.98427330E-07 0.98428053E-10
 0.49376559E+02 0.98427387E-07 0.98427931E-10
 0.49376559E+02 0.98427761E-07 0.98427762E-10
 0.49376559E+02 0.98429232E-07 0.98429233E-10
 0.49376559E+02 0.98429349E-07 0.98429350E-10
 0.49376559E+02 0.98428491E-07 0.98428491E-10
