INCON -- INITIAL CONDITIONS FOR  362 ELEMENTS AT TIME  0.864000E+09
000 1           0.10000000E+01 0.83300000E-07 0.83300000E-07 0.83300000E-07
 0.3009194612530E+08 0.8084439625084E+02
000 2           0.10000000E+01 0.83300000E-07 0.83300000E-07 0.83300000E-07
 0.3009255385702E+08 0.8084427953803E+02
000 3           0.10000000E+01 0.83300000E-07 0.83300000E-07 0.83300000E-07
 0.3009507866133E+08 0.8084379465734E+02
000 4           0.10000000E+01 0.83300000E-07 0.83300000E-07 0.83300000E-07
 0.3009813334439E+08 0.8084320801347E+02
000 5           0.10000000E+01 0.83300000E-07 0.83300000E-07 0.83300000E-07
 0.3010001171694E+08 0.8084284727612E+02
000 6           0.10000000E+01 0.83300000E-07 0.83300000E-07 0.83300000E-07
 0.3009891521632E+08 0.8084305785679E+02
000 7           0.10000000E+01 0.83300000E-07 0.83300000E-07 0.83300000E-07
 0.3009495276065E+08 0.8084381883621E+02
000 8           0.10000000E+01 0.83300000E-07 0.83300000E-07 0.83300000E-07
 0.3009227129836E+08 0.8084433380246E+02
000 9           0.10000000E+01 0.83300000E-07 0.83300000E-07 0.83300000E-07
 0.3009184151502E+08 0.8084441634085E+02
00010           0.10000000E+01 0.83300000E-07 0.83300000E-07 0.83300000E-07
 0.3009819187168E+08 0.8084319677350E+02
00011           0.10000000E+01 0.83300000E-07 0.83300000E-07 0.83300000E-07
 0.3009904902722E+08 0.8084303215867E+02
00012           0.10000000E+01 0.83300000E-07 0.83300000E-07 0.83300000E-07
 0.3010037549177E+08 0.8084277741393E+02
00013           0.10000000E+01 0.83300000E-07 0.83300000E-07 0.83300000E-07
 0.3009203435073E+08 0.8084437930742E+02
00014           0.10000000E+01 0.83300000E-07 0.83300000E-07 0.83300000E-07
 0.3009227999519E+08 0.8084433213227E+02
00015           0.10000000E+01 0.83300000E-07 0.83300000E-07 0.83300000E-07
 0.3009495637772E+08 0.8084381814159E+02
00016           0.10000000E+01 0.83300000E-07 0.83300000E-07 0.83300000E-07
 0.3009584927098E+08 0.8084364666390E+02
00017           0.10000000E+01 0.83300000E-07 0.83300000E-07 0.83300000E-07
 0.3009350773330E+08 0.8084409634926E+02
00018           0.10000000E+01 0.83300000E-07 0.83300000E-07 0.83300000E-07
 0.3010177730552E+08 0.8084250819801E+02
00019           0.10000000E+01 0.83300000E-07 0.83300000E-07 0.83300000E-07
 0.3009921585465E+08 0.8084300011980E+02
00020           0.10000000E+01 0.83300000E-07 0.83300000E-07 0.83300000E-07
 0.3010005361080E+08 0.8084283923054E+02
00021           0.10000000E+01 0.83300000E-07 0.83300000E-07 0.83300000E-07
 0.3009078718576E+08 0.8084461882097E+02
00022           0.10000000E+01 0.83300000E-07 0.83300000E-07 0.83300000E-07
 0.3009743521402E+08 0.8084334208772E+02
00023           0.10000000E+01 0.83300000E-07 0.83300000E-07 0.83300000E-07
 0.3009526109279E+08 0.8084375962188E+02
00024           0.10000000E+01 0.83300000E-07 0.83300000E-07 0.83300000E-07
 0.3009058436155E+08 0.8084465777256E+02
00025           0.10000000E+01 0.83300000E-07 0.83300000E-07 0.83300000E-07
 0.3010362647488E+08 0.8084215306783E+02
00026           0.10000000E+01 0.83300000E-07 0.83300000E-07 0.83300000E-07
 0.3009232580915E+08 0.8084432333382E+02
00027           0.10000000E+01 0.83300000E-07 0.83300000E-07 0.83300000E-07
 0.3009141085453E+08 0.8084449904765E+02
00028           0.10000000E+01 0.83300000E-07 0.83300000E-07 0.83300000E-07
 0.3009038013808E+08 0.8084469699293E+02
00029           0.10000000E+01 0.83300000E-07 0.83300000E-07 0.83300000E-07
 0.3009052872054E+08 0.8084466845819E+02
00030           0.10000000E+01 0.83300000E-07 0.83300000E-07 0.83300000E-07
 0.3010425109741E+08 0.8084203310983E+02
00031           0.10000000E+01 0.83300000E-07 0.83300000E-07 0.83300000E-07
 0.3009347652691E+08 0.8084410234231E+02
00032           0.10000000E+01 0.83300000E-07 0.83300000E-07 0.83300000E-07
 0.3010416343494E+08 0.8084204994528E+02
00033           0.10000000E+01 0.83300000E-07 0.83300000E-07 0.83300000E-07
 0.3009740220068E+08 0.8084334842788E+02
00034           0.10000000E+01 0.83300000E-07 0.83300000E-07 0.83300000E-07
 0.3009950460026E+08 0.8084294466680E+02
00035           0.10000000E+01 0.83300000E-07 0.83300000E-07 0.83300000E-07
 0.3010172148696E+08 0.8084251891789E+02
00036           0.10000000E+01 0.83300000E-07 0.83300000E-07 0.83300000E-07
 0.3009511637668E+08 0.8084378741419E+02
00037           0.10000000E+01 0.83300000E-07 0.83300000E-07 0.83300000E-07
 0.3008932405954E+08 0.8084489980871E+02
00038           0.10000000E+01 0.83300000E-07 0.83300000E-07 0.83300000E-07
 0.3009314274377E+08 0.8084416644430E+02
00039           0.10000000E+01 0.83300000E-07 0.83300000E-07 0.83300000E-07
 0.3008850114543E+08 0.8084505784599E+02
00040           0.10000000E+01 0.83300000E-07 0.83300000E-07 0.83300000E-07
 0.3010634845084E+08 0.8084163031518E+02
00041           0.10000000E+01 0.83300000E-07 0.83300000E-07 0.83300000E-07
 0.3012166737832E+08 0.8083868830541E+02
00042           0.10000000E+01 0.83300000E-07 0.83300000E-07 0.83300000E-07
 0.3010559168834E+08 0.8084177565077E+02
00043           0.10000000E+01 0.83300000E-07 0.83300000E-07 0.83300000E-07
 0.3008984601278E+08 0.8084479956968E+02
00044           0.10000000E+01 0.83300000E-07 0.83300000E-07 0.83300000E-07
 0.3009028064140E+08 0.8084471610087E+02
00045           0.10000000E+01 0.83300000E-07 0.83300000E-07 0.83300000E-07
 0.3008835340671E+08 0.8084508621863E+02
00046           0.10000000E+01 0.83300000E-07 0.83300000E-07 0.83300000E-07
 0.3009858426352E+08 0.8084312141552E+02
00047           0.10000000E+01 0.83300000E-07 0.83300000E-07 0.83300000E-07
 0.3008756209473E+08 0.8084523818673E+02
00048           0.10000000E+01 0.83300000E-07 0.83300000E-07 0.83300000E-07
 0.3009121926841E+08 0.8084453584112E+02
00049           0.10000000E+01 0.83300000E-07 0.83300000E-07 0.83300000E-07
 0.3010676530207E+08 0.8084155025924E+02
00050           0.10000000E+01 0.83300000E-07 0.83300000E-07 0.83300000E-07
 0.3009580048823E+08 0.8084365603250E+02
00051           0.10000000E+01 0.83300000E-07 0.83300000E-07 0.83300000E-07
 0.3009302971445E+08 0.8084418815122E+02
00052           0.10000000E+01 0.83300000E-07 0.83300000E-07 0.83300000E-07
 0.3008649333569E+08 0.8084544343716E+02
00053           0.10000000E+01 0.83300000E-07 0.83300000E-07 0.83300000E-07
 0.3008613100389E+08 0.8084551302127E+02
00054           0.10000000E+01 0.83300000E-07 0.83300000E-07 0.83300000E-07
 0.3008622578371E+08 0.8084549481928E+02
00055           0.10000000E+01 0.83300000E-07 0.83300000E-07 0.83300000E-07
 0.3008679257595E+08 0.8084538596940E+02
00056           0.10000000E+01 0.83300000E-07 0.83300000E-07 0.83300000E-07
 0.3009741522936E+08 0.8084334592573E+02
00057           0.10000000E+01 0.83300000E-07 0.83300000E-07 0.83300000E-07
 0.3008982155468E+08 0.8084480426676E+02
00058           0.10000000E+01 0.83300000E-07 0.83300000E-07 0.83300000E-07
 0.3008568130064E+08 0.8084559938475E+02
00059           0.10000000E+01 0.83300000E-07 0.83300000E-07 0.83300000E-07
 0.3009655411391E+08 0.8084351130078E+02
00060           0.10000000E+01 0.83300000E-07 0.83300000E-07 0.83300000E-07
 0.3008606957870E+08 0.8084552481771E+02
00061           0.10000000E+01 0.83300000E-07 0.83300000E-07 0.83300000E-07
 0.3008648961387E+08 0.8084544415189E+02
00062           0.10000000E+01 0.83300000E-07 0.83300000E-07 0.83300000E-07
 0.3008728573930E+08 0.8084529125956E+02
00063           0.10000000E+01 0.83300000E-07 0.83300000E-07 0.83300000E-07
 0.3009135762165E+08 0.8084450927084E+02
00064           0.10000000E+01 0.83300000E-07 0.83300000E-07 0.83300000E-07
 0.3008513748581E+08 0.8084570382181E+02
00065           0.10000000E+01 0.83300000E-07 0.83300000E-07 0.83300000E-07
 0.3008846880219E+08 0.8084506405740E+02
00066           0.10000000E+01 0.83300000E-07 0.83300000E-07 0.83300000E-07
 0.3008614141880E+08 0.8084551102120E+02
00067           0.10000000E+01 0.83300000E-07 0.83300000E-07 0.83300000E-07
 0.3008950672499E+08 0.8084486472854E+02
00068           0.10000000E+01 0.83300000E-07 0.83300000E-07 0.83300000E-07
 0.3009078661869E+08 0.8084461892987E+02
00069           0.10000000E+01 0.83300000E-07 0.83300000E-07 0.83300000E-07
 0.3008369259729E+08 0.8084598130553E+02
00070           0.10000000E+01 0.83300000E-07 0.83300000E-07 0.83300000E-07
 0.3008896451400E+08 0.8084496885799E+02
00071           0.10000000E+01 0.83300000E-07 0.83300000E-07 0.83300000E-07
 0.3008316991260E+08 0.8084608168444E+02
00072           0.10000000E+01 0.83300000E-07 0.83300000E-07 0.83300000E-07
 0.3008596174411E+08 0.8084554552684E+02
00073           0.10000000E+01 0.83300000E-07 0.83300000E-07 0.83300000E-07
 0.3008308478889E+08 0.8084609803204E+02
00074           0.10000000E+01 0.83300000E-07 0.83300000E-07 0.83300000E-07
 0.3008304196172E+08 0.8084610625679E+02
00075           0.10000000E+01 0.83300000E-07 0.83300000E-07 0.83300000E-07
 0.3008422412428E+08 0.8084587922842E+02
00076           0.10000000E+01 0.83300000E-07 0.83300000E-07 0.83300000E-07
 0.3008572488265E+08 0.8084559101508E+02
00077           0.10000000E+01 0.83300000E-07 0.83300000E-07 0.83300000E-07
 0.3008388690275E+08 0.8084594399017E+02
00078           0.10000000E+01 0.83300000E-07 0.83300000E-07 0.83300000E-07
 0.3008476175839E+08 0.8084577597843E+02
00079           0.10000000E+01 0.83300000E-07 0.83300000E-07 0.83300000E-07
 0.3008300811534E+08 0.8084611275680E+02
00080           0.10000000E+01 0.83300000E-07 0.83300000E-07 0.83300000E-07
 0.3008228817652E+08 0.8084625101728E+02
00081           0.10000000E+01 0.83300000E-07 0.83300000E-07 0.83300000E-07
 0.3008199468358E+08 0.8084630738098E+02
00082           0.10000000E+01 0.83300000E-07 0.83300000E-07 0.83300000E-07
 0.3008455439586E+08 0.8084581580143E+02
00083           0.10000000E+01 0.83300000E-07 0.83300000E-07 0.83300000E-07
 0.3008159280537E+08 0.8084638455955E+02
00084           0.10000000E+01 0.83300000E-07 0.83300000E-07 0.83300000E-07
 0.3008161640789E+08 0.8084638002686E+02
00085           0.10000000E+01 0.83300000E-07 0.83300000E-07 0.83300000E-07
 0.3008181697576E+08 0.8084634150886E+02
00086           0.10000000E+01 0.83300000E-07 0.83300000E-07 0.83300000E-07
 0.3008408000289E+08 0.8084590690629E+02
00087           0.10000000E+01 0.83300000E-07 0.83300000E-07 0.83300000E-07
 0.3008329733673E+08 0.8084605721332E+02
00088           0.10000000E+01 0.83300000E-07 0.83300000E-07 0.83300000E-07
 0.3008165308392E+08 0.8084637298339E+02
00089           0.10000000E+01 0.83300000E-07 0.83300000E-07 0.83300000E-07
 0.3008311790815E+08 0.8084609167164E+02
00090           0.10000000E+01 0.83300000E-07 0.83300000E-07 0.83300000E-07
 0.3008114195533E+08 0.8084647114283E+02
00091           0.10000000E+01 0.83300000E-07 0.83300000E-07 0.83300000E-07
 0.3007936064081E+08 0.8084681323407E+02
00092           0.10000000E+01 0.83300000E-07 0.83300000E-07 0.83300000E-07
 0.3007935868402E+08 0.8084681360991E+02
00093           0.10000000E+01 0.83300000E-07 0.83300000E-07 0.83300000E-07
 0.3007936436339E+08 0.8084681251921E+02
00094           0.10000000E+01 0.83300000E-07 0.83300000E-07 0.83300000E-07
 0.3007938165245E+08 0.8084680919897E+02
00095           0.10000000E+01 0.83300000E-07 0.83300000E-07 0.83300000E-07
 0.3007934577205E+08 0.8084681647197E+02
00096           0.10000000E+01 0.83300000E-07 0.83300000E-07 0.83300000E-07
 0.3007933163305E+08 0.8084682793294E+02
00097           0.10000000E+01 0.83300000E-07 0.83300000E-07 0.83300000E-07
 0.3007935873703E+08 0.8084681360154E+02
00098           0.10000000E+01 0.83300000E-07 0.83300000E-07 0.83300000E-07
 0.3007933614236E+08 0.8084682342000E+02
00099           0.10000000E+01 0.83300000E-07 0.83300000E-07 0.83300000E-07
 0.3007934121338E+08 0.8084681784994E+02
001 0           0.10000000E+01 0.83300000E-07 0.83300000E-07 0.83300000E-07
 0.3007933487354E+08 0.8084681840739E+02
001 1           0.10000000E+01 0.83300000E-07 0.83300000E-07 0.83300000E-07
 0.3007935376883E+08 0.8084681455381E+02
001 2           0.10000000E+01 0.83300000E-07 0.83300000E-07 0.83300000E-07
 0.3007935539070E+08 0.8084681424234E+02
001 3           0.10000000E+01 0.83300000E-07 0.83300000E-07 0.83300000E-07
 0.3007940059209E+08 0.8084680556174E+02
001 4           0.10000000E+01 0.83300000E-07 0.83300000E-07 0.83300000E-07
 0.3007937797180E+08 0.8084680990584E+02
001 5           0.10000000E+01 0.83300000E-07 0.83300000E-07 0.83300000E-07
 0.3007937053555E+08 0.8084681133387E+02
001 6           0.10000000E+01 0.83300000E-07 0.83300000E-07 0.83300000E-07
 0.3007936196206E+08 0.8084681298040E+02
001 7           0.10000000E+01 0.83300000E-07 0.83300000E-07 0.83300000E-07
 0.3007938245334E+08 0.8084680904519E+02
001 8           0.10000000E+01 0.83300000E-07 0.83300000E-07 0.83300000E-07
 0.3007937288992E+08 0.8084681088178E+02
001 9           0.10000000E+01 0.83300000E-07 0.83300000E-07 0.83300000E-07
 0.3007936884907E+08 0.8084681165779E+02
00110           0.10000000E+01 0.83300000E-07 0.83300000E-07 0.83300000E-07
 0.3007934512933E+08 0.8084855907703E+02
00111           0.10000000E+01 0.83300000E-07 0.83300000E-07 0.83300000E-07
 0.3007937232509E+08 0.8084681099022E+02
00112           0.10000000E+01 0.83300000E-07 0.83300000E-07 0.83300000E-07
 0.3007934463938E+08 0.8084775797025E+02
00113           0.10000000E+01 0.83300000E-07 0.83300000E-07 0.83300000E-07
 0.3007935994323E+08 0.8084681336813E+02
00114           0.10000000E+01 0.83300000E-07 0.83300000E-07 0.83300000E-07
 0.3007934596584E+08 0.8084684568410E+02
00115           0.10000000E+01 0.83300000E-07 0.83300000E-07 0.83300000E-07
 0.3007937773374E+08 0.8084680995153E+02
00116           0.10000000E+01 0.83300000E-07 0.83300000E-07 0.83300000E-07
 0.3007937365360E+08 0.8084681073509E+02
00117           0.10000000E+01 0.83300000E-07 0.83300000E-07 0.83300000E-07
 0.3007936199026E+08 0.8084681297503E+02
00118           0.10000000E+01 0.83300000E-07 0.83300000E-07 0.83300000E-07
 0.3007934976842E+08 0.8084877892295E+02
00119           0.10000000E+01 0.83300000E-07 0.83300000E-07 0.83300000E-07
 0.3007934788528E+08 0.8084852961814E+02
00120           0.10000000E+01 0.83300000E-07 0.83300000E-07 0.83300000E-07
 0.3007937124632E+08 0.8084681119740E+02
00121           0.10000000E+01 0.83300000E-07 0.83300000E-07 0.83300000E-07
 0.3007936983109E+08 0.8084681146919E+02
00122           0.10000000E+01 0.83300000E-07 0.83300000E-07 0.83300000E-07
 0.3007935652507E+08 0.8084681403070E+02
00123           0.10000000E+01 0.83300000E-07 0.83300000E-07 0.83300000E-07
 0.3007936487220E+08 0.8084681242150E+02
00124           0.10000000E+01 0.83300000E-07 0.83300000E-07 0.83300000E-07
 0.3007935625451E+08 0.8084681460586E+02
00125           0.10000000E+01 0.83300000E-07 0.83300000E-07 0.83300000E-07
 0.3007936061572E+08 0.8084681326582E+02
00126           0.10000000E+01 0.83300000E-07 0.83300000E-07 0.83300000E-07
 0.3007937031133E+08 0.8084681137695E+02
00127           0.10000000E+01 0.83300000E-07 0.83300000E-07 0.83300000E-07
 0.3007937137304E+08 0.8084681117304E+02
00128           0.10000000E+01 0.83300000E-07 0.83300000E-07 0.83300000E-07
 0.3007935967936E+08 0.8084681344384E+02
00129           0.10000000E+01 0.83300000E-07 0.83300000E-07 0.83300000E-07
 0.3007935968835E+08 0.8084681341929E+02
00130           0.10000000E+01 0.83300000E-07 0.83300000E-07 0.83300000E-07
 0.3007935075515E+08 0.8084701595266E+02
00131           0.10000000E+01 0.83300000E-07 0.83300000E-07 0.83300000E-07
 0.3007935193617E+08 0.8085150136789E+02
00132           0.10000000E+01 0.83300000E-07 0.83300000E-07 0.83300000E-07
 0.3007937067276E+08 0.8084681130757E+02
00133           0.10000000E+01 0.83300000E-07 0.83300000E-07 0.83300000E-07
 0.3007935091538E+08 0.8085208751286E+02
00134           0.10000000E+01 0.83300000E-07 0.83300000E-07 0.83300000E-07
 0.3007935588205E+08 0.8084681415420E+02
00135           0.10000000E+01 0.83300000E-07 0.83300000E-07 0.83300000E-07
 0.3007936921958E+08 0.8084681158660E+02
00136           0.10000000E+01 0.83300000E-07 0.83300000E-07 0.83300000E-07
 0.3007937035255E+08 0.8084681136904E+02
00137           0.10000000E+01 0.83300000E-07 0.83300000E-07 0.83300000E-07
 0.3007936606930E+08 0.8084681219163E+02
00138           0.10000000E+01 0.83300000E-07 0.83300000E-07 0.83300000E-07
 0.3007936070567E+08 0.8084681322169E+02
00139           0.10000000E+01 0.83300000E-07 0.83300000E-07 0.83300000E-07
 0.3007935394461E+08 0.8084681534349E+02
00140           0.10000000E+01 0.83300000E-07 0.83300000E-07 0.83300000E-07
 0.3007935222158E+08 0.8085812023239E+02
00141           0.10000000E+01 0.83300000E-07 0.83300000E-07 0.83300000E-07
 0.3007935608672E+08 0.8084723789870E+02
00142           0.10000000E+01 0.83300000E-07 0.83300000E-07 0.83300000E-07
 0.3007936856749E+08 0.8084681171187E+02
00143           0.10000000E+01 0.83300000E-07 0.83300000E-07 0.83300000E-07
 0.3007935880887E+08 0.8084681364844E+02
00144           0.10000000E+01 0.83300000E-07 0.83300000E-07 0.83300000E-07
 0.3007936891739E+08 0.8084681164465E+02
00145           0.10000000E+01 0.83300000E-07 0.83300000E-07 0.83300000E-07
 0.3007935805433E+08 0.8084681588774E+02
00146           0.10000000E+01 0.83300000E-07 0.83300000E-07 0.83300000E-07
 0.3007936928321E+08 0.8084681157438E+02
00147           0.10000000E+01 0.83300000E-07 0.83300000E-07 0.83300000E-07
 0.3007936785622E+08 0.8084681184846E+02
00148           0.10000000E+01 0.83300000E-07 0.83300000E-07 0.83300000E-07
 0.3007936881146E+08 0.8084681166500E+02
00149           0.10000000E+01 0.83300000E-07 0.83300000E-07 0.83300000E-07
 0.3007936868585E+08 0.8084681168910E+02
00150           0.10000000E+01 0.83300000E-07 0.83300000E-07 0.83300000E-07
 0.3007935843716E+08 0.8084681598193E+02
00151           0.10000000E+01 0.83300000E-07 0.83300000E-07 0.83300000E-07
 0.3007936504830E+08 0.8084681238769E+02
00152           0.10000000E+01 0.83300000E-07 0.83300000E-07 0.83300000E-07
 0.3007935671786E+08 0.8084951062241E+02
00153           0.10000000E+01 0.83300000E-07 0.83300000E-07 0.83300000E-07
 0.3007935573597E+08 0.8084681843818E+02
00154           0.10000000E+01 0.83300000E-07 0.83300000E-07 0.83300000E-07
 0.3007935859742E+08 0.8084681362847E+02
00155           0.10000000E+01 0.83300000E-07 0.83300000E-07 0.83300000E-07
 0.3007935835249E+08 0.8084682827088E+02
00156           0.10000000E+01 0.83300000E-07 0.83300000E-07 0.83300000E-07
 0.3007936180129E+08 0.8084681301125E+02
00157           0.10000000E+01 0.83300000E-07 0.83300000E-07 0.83300000E-07
 0.3007935546975E+08 0.8086730829798E+02
00158           0.10000000E+01 0.83300000E-07 0.83300000E-07 0.83300000E-07
 0.3007936746305E+08 0.8084681192396E+02
00159           0.10000000E+01 0.83300000E-07 0.83300000E-07 0.83300000E-07
 0.3007935554774E+08 0.8084809735171E+02
00160           0.10000000E+01 0.83300000E-07 0.83300000E-07 0.83300000E-07
 0.3007936573532E+08 0.8084681225575E+02
00161           0.10000000E+01 0.83300000E-07 0.83300000E-07 0.83300000E-07
 0.3007935749996E+08 0.8084722592281E+02
00162           0.10000000E+01 0.83300000E-07 0.83300000E-07 0.83300000E-07
 0.3007936713045E+08 0.8084681198786E+02
00163           0.10000000E+01 0.83300000E-07 0.83300000E-07 0.83300000E-07
 0.3007936740921E+08 0.8084681193433E+02
00164           0.10000000E+01 0.83300000E-07 0.83300000E-07 0.83300000E-07
 0.3007936749306E+08 0.8084681191821E+02
00165           0.10000000E+01 0.83300000E-07 0.83300000E-07 0.83300000E-07
 0.3007935681968E+08 0.8089138637036E+02
00166           0.10000000E+01 0.83300000E-07 0.83300000E-07 0.83300000E-07
 0.3007936317150E+08 0.8084681274813E+02
00167           0.10000000E+01 0.83300000E-07 0.83300000E-07 0.83300000E-07
 0.3007935855808E+08 0.8084681365299E+02
00168           0.10000000E+01 0.83300000E-07 0.83300000E-07 0.83300000E-07
 0.3007936586481E+08 0.8084681223089E+02
00169           0.10000000E+01 0.83300000E-07 0.83300000E-07 0.83300000E-07
 0.3007935768711E+08 0.8084809659700E+02
00170           0.10000000E+01 0.83300000E-07 0.83300000E-07 0.83300000E-07
 0.3007935754021E+08 0.8084682352129E+02
00171           0.10000000E+01 0.83300000E-07 0.83300000E-07 0.83300000E-07
 0.3007936445049E+08 0.8084681250251E+02
00172           0.10000000E+01 0.83300000E-07 0.83300000E-07 0.83300000E-07
 0.3007936103460E+08 0.8084681315858E+02
00173           0.10000000E+01 0.83300000E-07 0.83300000E-07 0.83300000E-07
 0.3007936675567E+08 0.8084681205982E+02
00174           0.10000000E+01 0.83300000E-07 0.83300000E-07 0.83300000E-07
 0.3007936626860E+08 0.8084681215338E+02
00175           0.10000000E+01 0.83300000E-07 0.83300000E-07 0.83300000E-07
 0.3007935768704E+08 0.8085212643578E+02
00176           0.10000000E+01 0.83300000E-07 0.83300000E-07 0.83300000E-07
 0.3007935719164E+08 0.8085150921176E+02
00177           0.10000000E+01 0.83300000E-07 0.83300000E-07 0.83300000E-07
 0.3007935730801E+08 0.8093502127272E+02
00178           0.10000000E+01 0.83300000E-07 0.83300000E-07 0.83300000E-07
 0.3007936480164E+08 0.8084681243510E+02
00179           0.10000000E+01 0.83300000E-07 0.83300000E-07 0.83300000E-07
 0.3007935957108E+08 0.8084681345967E+02
00180           0.10000000E+01 0.83300000E-07 0.83300000E-07 0.83300000E-07
 0.3007936297722E+08 0.8084681278554E+02
00181           0.10000000E+01 0.83300000E-07 0.83300000E-07 0.83300000E-07
 0.3007936593496E+08 0.8084681221746E+02
00182           0.10000000E+01 0.83300000E-07 0.83300000E-07 0.83300000E-07
 0.3007935752354E+08 0.8105351960119E+02
00183           0.10000000E+01 0.83300000E-07 0.83300000E-07 0.83300000E-07
 0.3007935817353E+08 0.8084682969437E+02
00184           0.10000000E+01 0.83300000E-07 0.83300000E-07 0.83300000E-07
 0.3007936145946E+08 0.8084681307703E+02
00185           0.10000000E+01 0.83300000E-07 0.83300000E-07 0.83300000E-07
 0.3007936525197E+08 0.8084681234863E+02
00186           0.10000000E+01 0.83300000E-07 0.83300000E-07 0.83300000E-07
 0.3007935753012E+08 0.8085550165272E+02
00187           0.10000000E+01 0.83300000E-07 0.83300000E-07 0.83300000E-07
 0.3007935755442E+08 0.8117117551538E+02
00188           0.10000000E+01 0.83300000E-07 0.83300000E-07 0.83300000E-07
 0.3007935753355E+08 0.8285776018385E+02
00189           0.10000000E+01 0.83300000E-07 0.83300000E-07 0.83300000E-07
 0.3007935756835E+08 0.8085471029683E+02
00190           0.10000000E+01 0.83300000E-07 0.83300000E-07 0.83300000E-07
 0.3007935838352E+08 0.8084682802299E+02
00191           0.10000000E+01 0.83300000E-07 0.83300000E-07 0.83300000E-07
 0.3007935972676E+08 0.8084681343933E+02
00192           0.10000000E+01 0.83300000E-07 0.83300000E-07 0.83300000E-07
 0.3007936146729E+08 0.8084681307583E+02
00193           0.10000000E+01 0.83300000E-07 0.83300000E-07 0.83300000E-07
 0.3007936397882E+08 0.8084681259346E+02
00194           0.10000000E+01 0.83300000E-07 0.83300000E-07 0.83300000E-07
 0.3007936519030E+08 0.8084681236147E+02
00195           0.10000000E+01 0.83300000E-07 0.83300000E-07 0.83300000E-07
 0.3007936585408E+08 0.8084681223645E+02
00196           0.10000000E+01 0.83300000E-07 0.83300000E-07 0.83300000E-07
 0.3007935745795E+08 0.8089570873815E+02
00197           0.10000000E+01 0.83300000E-07 0.83300000E-07 0.83300000E-07
 0.3007935742334E+08 0.8104952088532E+02
00198           0.10000000E+01 0.83300000E-07 0.83300000E-07 0.83300000E-07
 0.3007935810158E+08 0.8084681649219E+02
00199           0.10000000E+01 0.83300000E-07 0.83300000E-07 0.83300000E-07
 0.3007935978617E+08 0.8084681339997E+02
002 0           0.10000000E+01 0.83300000E-07 0.83300000E-07 0.83300000E-07
 0.3007936198571E+08 0.8084681297592E+02
002 1           0.10000000E+01 0.83300000E-07 0.83300000E-07 0.83300000E-07
 0.3007936548420E+08 0.8084681230402E+02
002 2           0.10000000E+01 0.83300000E-07 0.83300000E-07 0.83300000E-07
 0.3007936583488E+08 0.8084681223667E+02
002 3           0.10000000E+01 0.83300000E-07 0.83300000E-07 0.83300000E-07
 0.3007935747489E+08 0.8084806936749E+02
002 4           0.10000000E+01 0.83300000E-07 0.83300000E-07 0.83300000E-07
 0.3007936422864E+08 0.8084681254515E+02
002 5           0.10000000E+01 0.83300000E-07 0.83300000E-07 0.83300000E-07
 0.3007935743635E+08 0.8084799779906E+02
002 6           0.10000000E+01 0.83300000E-07 0.83300000E-07 0.83300000E-07
 0.3007936428987E+08 0.8084681253338E+02
002 7           0.10000000E+01 0.83300000E-07 0.83300000E-07 0.83300000E-07
 0.3007935792851E+08 0.8084681883228E+02
002 8           0.10000000E+01 0.83300000E-07 0.83300000E-07 0.83300000E-07
 0.3007936200803E+08 0.8084681297159E+02
002 9           0.10000000E+01 0.83300000E-07 0.83300000E-07 0.83300000E-07
 0.3007935924574E+08 0.8084681351459E+02
00210           0.10000000E+01 0.83300000E-07 0.83300000E-07 0.83300000E-07
 0.3007935739504E+08 0.8088518816365E+02
00211           0.10000000E+01 0.83300000E-07 0.83300000E-07 0.83300000E-07
 0.3007936590119E+08 0.8084681222392E+02
00212           0.10000000E+01 0.83300000E-07 0.83300000E-07 0.83300000E-07
 0.3007935718694E+08 0.8084902690273E+02
00213           0.10000000E+01 0.83300000E-07 0.83300000E-07 0.83300000E-07
 0.3007935753714E+08 0.8084824104833E+02
00214           0.10000000E+01 0.83300000E-07 0.83300000E-07 0.83300000E-07
 0.3007936641903E+08 0.8084681212446E+02
00215           0.10000000E+01 0.83300000E-07 0.83300000E-07 0.83300000E-07
 0.3007936472587E+08 0.8084681244961E+02
00216           0.10000000E+01 0.83300000E-07 0.83300000E-07 0.83300000E-07
 0.3007935952337E+08 0.8084681345001E+02
00217           0.10000000E+01 0.83300000E-07 0.83300000E-07 0.83300000E-07
 0.3007935733286E+08 0.8084682024769E+02
00218           0.10000000E+01 0.83300000E-07 0.83300000E-07 0.83300000E-07
 0.3007936340576E+08 0.8084681270315E+02
00219           0.10000000E+01 0.83300000E-07 0.83300000E-07 0.83300000E-07
 0.3007936117201E+08 0.8084681313216E+02
00220           0.10000000E+01 0.83300000E-07 0.83300000E-07 0.83300000E-07
 0.3007935713050E+08 0.8085862109219E+02
00221           0.10000000E+01 0.83300000E-07 0.83300000E-07 0.83300000E-07
 0.3007935760040E+08 0.8084698851809E+02
00222           0.10000000E+01 0.83300000E-07 0.83300000E-07 0.83300000E-07
 0.3007935823895E+08 0.8084681370167E+02
00223           0.10000000E+01 0.83300000E-07 0.83300000E-07 0.83300000E-07
 0.3007935638253E+08 0.8085062846555E+02
00224           0.10000000E+01 0.83300000E-07 0.83300000E-07 0.83300000E-07
 0.3007936666143E+08 0.8084681207790E+02
00225           0.10000000E+01 0.83300000E-07 0.83300000E-07 0.83300000E-07
 0.3007936742826E+08 0.8084681193064E+02
00226           0.10000000E+01 0.83300000E-07 0.83300000E-07 0.83300000E-07
 0.3007936567241E+08 0.8084681226787E+02
00227           0.10000000E+01 0.83300000E-07 0.83300000E-07 0.83300000E-07
 0.3007935798161E+08 0.8084681656806E+02
00228           0.10000000E+01 0.83300000E-07 0.83300000E-07 0.83300000E-07
 0.3007936769900E+08 0.8084681187865E+02
00229           0.10000000E+01 0.83300000E-07 0.83300000E-07 0.83300000E-07
 0.3007936364960E+08 0.8084681265630E+02
00230           0.10000000E+01 0.83300000E-07 0.83300000E-07 0.83300000E-07
 0.3007936019696E+08 0.8084681331938E+02
00231           0.10000000E+01 0.83300000E-07 0.83300000E-07 0.83300000E-07
 0.3007935517220E+08 0.8084887536229E+02
00232           0.10000000E+01 0.83300000E-07 0.83300000E-07 0.83300000E-07
 0.3007935643538E+08 0.8084908889730E+02
00233           0.10000000E+01 0.83300000E-07 0.83300000E-07 0.83300000E-07
 0.3007935551087E+08 0.8084681810259E+02
00234           0.10000000E+01 0.83300000E-07 0.83300000E-07 0.83300000E-07
 0.3007935756404E+08 0.8084683316645E+02
00235           0.10000000E+01 0.83300000E-07 0.83300000E-07 0.83300000E-07
 0.3007935678424E+08 0.8084681397993E+02
00236           0.10000000E+01 0.83300000E-07 0.83300000E-07 0.83300000E-07
 0.3007936820724E+08 0.8084681178103E+02
00237           0.10000000E+01 0.83300000E-07 0.83300000E-07 0.83300000E-07
 0.3007935467247E+08 0.8084867205615E+02
00238           0.10000000E+01 0.83300000E-07 0.83300000E-07 0.83300000E-07
 0.3007936751824E+08 0.8084681191335E+02
00239           0.10000000E+01 0.83300000E-07 0.83300000E-07 0.83300000E-07
 0.3007936938969E+08 0.8084681155397E+02
00240           0.10000000E+01 0.83300000E-07 0.83300000E-07 0.83300000E-07
 0.3007936204803E+08 0.8084681296387E+02
00241           0.10000000E+01 0.83300000E-07 0.83300000E-07 0.83300000E-07
 0.3007935909221E+08 0.8084681353895E+02
00242           0.10000000E+01 0.83300000E-07 0.83300000E-07 0.83300000E-07
 0.3007936973297E+08 0.8084681148805E+02
00243           0.10000000E+01 0.83300000E-07 0.83300000E-07 0.83300000E-07
 0.3007935709170E+08 0.8084681391598E+02
00244           0.10000000E+01 0.83300000E-07 0.83300000E-07 0.83300000E-07
 0.3007935902482E+08 0.8084681357229E+02
00245           0.10000000E+01 0.83300000E-07 0.83300000E-07 0.83300000E-07
 0.3007935223625E+08 0.8084781628985E+02
00246           0.10000000E+01 0.83300000E-07 0.83300000E-07 0.83300000E-07
 0.3007936642504E+08 0.8084681212327E+02
00247           0.10000000E+01 0.83300000E-07 0.83300000E-07 0.83300000E-07
 0.3007935253833E+08 0.8084681545065E+02
00248           0.10000000E+01 0.83300000E-07 0.83300000E-07 0.83300000E-07
 0.3007935764464E+08 0.8084681474393E+02
00249           0.10000000E+01 0.83300000E-07 0.83300000E-07 0.83300000E-07
 0.3007935175340E+08 0.8084803495451E+02
00250           0.10000000E+01 0.83300000E-07 0.83300000E-07 0.83300000E-07
 0.3007935014191E+08 0.8084721403816E+02
00251           0.10000000E+01 0.83300000E-07 0.83300000E-07 0.83300000E-07
 0.3007936987848E+08 0.8084681146010E+02
00252           0.10000000E+01 0.83300000E-07 0.83300000E-07 0.83300000E-07
 0.3007935328966E+08 0.8084698914237E+02
00253           0.10000000E+01 0.83300000E-07 0.83300000E-07 0.83300000E-07
 0.3007935922195E+08 0.8084681350666E+02
00254           0.10000000E+01 0.83300000E-07 0.83300000E-07 0.83300000E-07
 0.3007937200364E+08 0.8084681105192E+02
00255           0.10000000E+01 0.83300000E-07 0.83300000E-07 0.83300000E-07
 0.3007937274017E+08 0.8084681091050E+02
00256           0.10000000E+01 0.83300000E-07 0.83300000E-07 0.83300000E-07
 0.3007936936227E+08 0.8084681155922E+02
00257           0.10000000E+01 0.83300000E-07 0.83300000E-07 0.83300000E-07
 0.3007936830491E+08 0.8084681176226E+02
00258           0.10000000E+01 0.83300000E-07 0.83300000E-07 0.83300000E-07
 0.3007937169607E+08 0.8084681111099E+02
00259           0.10000000E+01 0.83300000E-07 0.83300000E-07 0.83300000E-07
 0.3007936158023E+08 0.8084681305402E+02
00260           0.10000000E+01 0.83300000E-07 0.83300000E-07 0.83300000E-07
 0.3007936010391E+08 0.8084681333757E+02
00261           0.10000000E+01 0.83300000E-07 0.83300000E-07 0.83300000E-07
 0.3007936010463E+08 0.8084681333711E+02
00262           0.10000000E+01 0.83300000E-07 0.83300000E-07 0.83300000E-07
 0.3007937086493E+08 0.8084681127063E+02
00263           0.10000000E+01 0.83300000E-07 0.83300000E-07 0.83300000E-07
 0.3007935057060E+08 0.8084681524859E+02
00264           0.10000000E+01 0.83300000E-07 0.83300000E-07 0.83300000E-07
 0.3007934938221E+08 0.8084709650450E+02
00265           0.10000000E+01 0.83300000E-07 0.83300000E-07 0.83300000E-07
 0.3007935800247E+08 0.8084681377238E+02
00266           0.10000000E+01 0.83300000E-07 0.83300000E-07 0.83300000E-07
 0.3007934472497E+08 0.8084693364598E+02
00267           0.10000000E+01 0.83300000E-07 0.83300000E-07 0.83300000E-07
 0.3007935783577E+08 0.8084681377286E+02
00268           0.10000000E+01 0.83300000E-07 0.83300000E-07 0.83300000E-07
 0.3007936604182E+08 0.8084681219691E+02
00269           0.10000000E+01 0.83300000E-07 0.83300000E-07 0.83300000E-07
 0.3007787171084E+08 0.8084709917416E+02
00270           0.10000000E+01 0.83300000E-07 0.83300000E-07 0.83300000E-07
 0.3007764946159E+08 0.8084714185580E+02
00271           0.10000000E+01 0.83300000E-07 0.83300000E-07 0.83300000E-07
 0.3007639715543E+08 0.8084738769347E+02
00272           0.10000000E+01 0.83300000E-07 0.83300000E-07 0.83300000E-07
 0.3007614437959E+08 0.8084743089724E+02
00273           0.10000000E+01 0.83300000E-07 0.83300000E-07 0.83300000E-07
 0.3007678890852E+08 0.8084730711959E+02
00274           0.10000000E+01 0.83300000E-07 0.83300000E-07 0.83300000E-07
 0.3007384967076E+08 0.8084787516825E+02
00275           0.10000000E+01 0.83300000E-07 0.83300000E-07 0.83300000E-07
 0.3007645665322E+08 0.8084737092710E+02
00276           0.10000000E+01 0.83300000E-07 0.83300000E-07 0.83300000E-07
 0.3007255630771E+08 0.8084811996195E+02
00277           0.10000000E+01 0.83300000E-07 0.83300000E-07 0.83300000E-07
 0.3007408588932E+08 0.8084782621658E+02
00278           0.10000000E+01 0.83300000E-07 0.83300000E-07 0.83300000E-07
 0.3007547460386E+08 0.8084755956939E+02
00279           0.10000000E+01 0.83300000E-07 0.83300000E-07 0.83300000E-07
 0.3007122233490E+08 0.8084837628793E+02
00280           0.10000000E+01 0.83300000E-07 0.83300000E-07 0.83300000E-07
 0.3007483701675E+08 0.8084768355422E+02
00281           0.10000000E+01 0.83300000E-07 0.83300000E-07 0.83300000E-07
 0.3007506563959E+08 0.8084763806214E+02
00282           0.10000000E+01 0.83300000E-07 0.83300000E-07 0.83300000E-07
 0.3007580908707E+08 0.8084749528799E+02
00283           0.10000000E+01 0.83300000E-07 0.83300000E-07 0.83300000E-07
 0.3007108684678E+08 0.8084840382622E+02
00284           0.10000000E+01 0.83300000E-07 0.83300000E-07 0.83300000E-07
 0.3007555972782E+08 0.8084754317576E+02
00285           0.10000000E+01 0.83300000E-07 0.83300000E-07 0.83300000E-07
 0.3007545116950E+08 0.8084756402375E+02
00286           0.10000000E+01 0.83300000E-07 0.83300000E-07 0.83300000E-07
 0.3007505041422E+08 0.8084764098611E+02
00287           0.10000000E+01 0.83300000E-07 0.83300000E-07 0.83300000E-07
 0.3007045314781E+08 0.8084852385840E+02
00288           0.10000000E+01 0.83300000E-07 0.83300000E-07 0.83300000E-07
 0.3007237469641E+08 0.8084815819321E+02
00289           0.10000000E+01 0.83300000E-07 0.83300000E-07 0.83300000E-07
 0.3007088935667E+08 0.8084844437038E+02
00290           0.10000000E+01 0.83300000E-07 0.83300000E-07 0.83300000E-07
 0.3007183100004E+08 0.8084825925213E+02
00291           0.10000000E+01 0.83300000E-07 0.83300000E-07 0.83300000E-07
 0.3006725607986E+08 0.8084914113300E+02
00292           0.10000000E+01 0.83300000E-07 0.83300000E-07 0.83300000E-07
 0.3006457287015E+08 0.8084965419859E+02
00293           0.10000000E+01 0.83300000E-07 0.83300000E-07 0.83300000E-07
 0.3007326660068E+08 0.8084798357615E+02
00294           0.10000000E+01 0.83300000E-07 0.83300000E-07 0.83300000E-07
 0.3006537833431E+08 0.8084949846740E+02
00295           0.10000000E+01 0.83300000E-07 0.83300000E-07 0.83300000E-07
 0.3007292641510E+08 0.8084804888553E+02
00296           0.10000000E+01 0.83300000E-07 0.83300000E-07 0.83300000E-07
 0.3006953482853E+08 0.8084870021460E+02
00297           0.10000000E+01 0.83300000E-07 0.83300000E-07 0.83300000E-07
 0.3007195046217E+08 0.8084823709270E+02
00298           0.10000000E+01 0.83300000E-07 0.83300000E-07 0.83300000E-07
 0.3007323123348E+08 0.8084799034724E+02
00299           0.10000000E+01 0.83300000E-07 0.83300000E-07 0.83300000E-07
 0.3007320996711E+08 0.8084799443136E+02
003 0           0.10000000E+01 0.83300000E-07 0.83300000E-07 0.83300000E-07
 0.3007305211144E+08 0.8084802474639E+02
003 1           0.10000000E+01 0.83300000E-07 0.83300000E-07 0.83300000E-07
 0.3007276460102E+08 0.8084807996304E+02
003 2           0.10000000E+01 0.83300000E-07 0.83300000E-07 0.83300000E-07
 0.3006883394580E+08 0.8084883756934E+02
003 3           0.10000000E+01 0.83300000E-07 0.83300000E-07 0.83300000E-07
 0.3006560671205E+08 0.8084945457767E+02
003 4           0.10000000E+01 0.83300000E-07 0.83300000E-07 0.83300000E-07
 0.3005575507770E+08 0.8085134730363E+02
003 5           0.10000000E+01 0.83300000E-07 0.83300000E-07 0.83300000E-07
 0.3006000965426E+08 0.8085053219370E+02
003 6           0.10000000E+01 0.83300000E-07 0.83300000E-07 0.83300000E-07
 0.3006585865239E+08 0.8084940943333E+02
003 7           0.10000000E+01 0.83300000E-07 0.83300000E-07 0.83300000E-07
 0.3006994849388E+08 0.8084862077337E+02
003 8           0.10000000E+01 0.83300000E-07 0.83300000E-07 0.83300000E-07
 0.3007067728397E+08 0.8084848085379E+02
003 9           0.10000000E+01 0.83300000E-07 0.83300000E-07 0.83300000E-07
 0.3006167191805E+08 0.8085021348081E+02
00310           0.10000000E+01 0.83300000E-07 0.83300000E-07 0.83300000E-07
 0.3005897305149E+08 0.8085072852635E+02
00311           0.10000000E+01 0.83300000E-07 0.83300000E-07 0.83300000E-07
 0.3006917251169E+08 0.8084877033948E+02
00312           0.10000000E+01 0.83300000E-07 0.83300000E-07 0.83300000E-07
 0.3006741110192E+08 0.8084910805951E+02
00313           0.10000000E+01 0.83300000E-07 0.83300000E-07 0.83300000E-07
 0.3007034870636E+08 0.8084854391560E+02
00314           0.10000000E+01 0.83300000E-07 0.83300000E-07 0.83300000E-07
 0.3006021255832E+08 0.8085049047653E+02
00315           0.10000000E+01 0.83300000E-07 0.83300000E-07 0.83300000E-07
 0.3005250510245E+08 0.8085197316587E+02
00316           0.10000000E+01 0.83300000E-07 0.83300000E-07 0.83300000E-07
 0.3003599169768E+08 0.8085514283050E+02
00317           0.10000000E+01 0.83300000E-07 0.83300000E-07 0.83300000E-07
 0.3005303955706E+08 0.8085186801994E+02
00318           0.10000000E+01 0.83300000E-07 0.83300000E-07 0.83300000E-07
 0.3007021916667E+08 0.8084856879272E+02
00319           0.10000000E+01 0.83300000E-07 0.83300000E-07 0.83300000E-07
 0.3007003850724E+08 0.8084860349431E+02
00320           0.10000000E+01 0.83300000E-07 0.83300000E-07 0.83300000E-07
 0.3007023619012E+08 0.8084856552353E+02
00321           0.10000000E+01 0.83300000E-07 0.83300000E-07 0.83300000E-07
 0.3006370859518E+08 0.8084981909463E+02
00322           0.10000000E+01 0.83300000E-07 0.83300000E-07 0.83300000E-07
 0.3006647811615E+08 0.8084928807057E+02
00323           0.10000000E+01 0.83300000E-07 0.83300000E-07 0.83300000E-07
 0.3006072810131E+08 0.8085039351847E+02
00324           0.10000000E+01 0.83300000E-07 0.83300000E-07 0.83300000E-07
 0.3006825432036E+08 0.8084894623066E+02
00325           0.10000000E+01 0.83300000E-07 0.83300000E-07 0.83300000E-07
 0.3005258685324E+08 0.8085195491878E+02
00326           0.10000000E+01 0.83300000E-07 0.83300000E-07 0.83300000E-07
 0.3006359797137E+08 0.8084984139662E+02
00327           0.10000000E+01 0.83300000E-07 0.83300000E-07 0.83300000E-07
 0.3006751810122E+08 0.8084908751119E+02
00328           0.10000000E+01 0.83300000E-07 0.83300000E-07 0.83300000E-07
 0.3005007432865E+08 0.8085243787284E+02
00329           0.10000000E+01 0.83300000E-07 0.83300000E-07 0.83300000E-07
 0.3005752930686E+08 0.8085100576892E+02
00330           0.10000000E+01 0.83300000E-07 0.83300000E-07 0.83300000E-07
 0.3005422187095E+08 0.8085164196319E+02
00331           0.10000000E+01 0.83300000E-07 0.83300000E-07 0.83300000E-07
 0.3006477642314E+08 0.8084961402757E+02
00332           0.10000000E+01 0.83300000E-07 0.83300000E-07 0.83300000E-07
 0.3006846062392E+08 0.8084890651002E+02
00333           0.10000000E+01 0.83300000E-07 0.83300000E-07 0.83300000E-07
 0.3006101753014E+08 0.8085033588921E+02
00334           0.10000000E+01 0.83300000E-07 0.83300000E-07 0.83300000E-07
 0.3006792728628E+08 0.8084900893045E+02
00335           0.10000000E+01 0.83300000E-07 0.83300000E-07 0.83300000E-07
 0.3005917595717E+08 0.8085069058217E+02
00336           0.10000000E+01 0.83300000E-07 0.83300000E-07 0.83300000E-07
 0.3006783835019E+08 0.8084902603184E+02
00337           0.10000000E+01 0.83300000E-07 0.83300000E-07 0.83300000E-07
 0.3006591870235E+08 0.8084939479359E+02
00338           0.10000000E+01 0.83300000E-07 0.83300000E-07 0.83300000E-07
 0.3005713127132E+08 0.8085108220765E+02
00339           0.10000000E+01 0.83300000E-07 0.83300000E-07 0.83300000E-07
 0.3006792337053E+08 0.8084900968244E+02
00340           0.10000000E+01 0.83300000E-07 0.83300000E-07 0.83300000E-07
 0.3005575951586E+08 0.8085134584976E+02
00341           0.10000000E+01 0.83300000E-07 0.83300000E-07 0.83300000E-07
 0.3006269395173E+08 0.8085001432435E+02
00342           0.10000000E+01 0.83300000E-07 0.83300000E-07 0.83300000E-07
 0.3006154462452E+08 0.8085023466565E+02
00343           0.10000000E+01 0.83300000E-07 0.83300000E-07 0.83300000E-07
 0.3006513835023E+08 0.8084954452256E+02
00344           0.10000000E+01 0.83300000E-07 0.83300000E-07 0.83300000E-07
 0.3005947413898E+08 0.8085063247890E+02
00345           0.10000000E+01 0.83300000E-07 0.83300000E-07 0.83300000E-07
 0.3006449678915E+08 0.8084966781080E+02
00346           0.10000000E+01 0.83300000E-07 0.83300000E-07 0.83300000E-07
 0.3005872948025E+08 0.8085077528744E+02
00347           0.10000000E+01 0.83300000E-07 0.83300000E-07 0.83300000E-07
 0.3006666078691E+08 0.8084925216764E+02
00348           0.10000000E+01 0.83300000E-07 0.83300000E-07 0.83300000E-07
 0.3006662878599E+08 0.8084925829689E+02
00349           0.10000000E+01 0.83300000E-07 0.83300000E-07 0.83300000E-07
 0.3006212808101E+08 0.8085012276731E+02
00350           0.10000000E+01 0.83300000E-07 0.83300000E-07 0.83300000E-07
 0.3005826347394E+08 0.8085086488853E+02
00351           0.10000000E+01 0.83300000E-07 0.83300000E-07 0.83300000E-07
 0.3006173737108E+08 0.8085019765045E+02
00352           0.10000000E+01 0.83300000E-07 0.83300000E-07 0.83300000E-07
 0.3006639945913E+08 0.8084930235060E+02
00353           0.10000000E+01 0.83300000E-07 0.83300000E-07 0.83300000E-07
 0.3006212286294E+08 0.8085012368121E+02
00354           0.10000000E+01 0.83300000E-07 0.83300000E-07 0.83300000E-07
 0.3006639166426E+08 0.8084930383412E+02
00355           0.10000000E+01 0.83300000E-07 0.83300000E-07 0.83300000E-07
 0.3006677871281E+08 0.8084922950747E+02
00356           0.10000000E+01 0.83300000E-07 0.83300000E-07 0.83300000E-07
 0.3006373524308E+08 0.8084981403741E+02
00357           0.10000000E+01 0.83300000E-07 0.83300000E-07 0.83300000E-07
 0.3006045337620E+08 0.8085044432910E+02
00358           0.10000000E+01 0.83300000E-07 0.83300000E-07 0.83300000E-07
 0.3005862582048E+08 0.8085079526894E+02
00359           0.10000000E+01 0.83300000E-07 0.83300000E-07 0.83300000E-07
 0.3005912546723E+08 0.8085069924195E+02
00360           0.10000000E+01 0.83300000E-07 0.83300000E-07 0.83300000E-07
 0.3006177130147E+08 0.8085019113441E+02
00361           0.10000000E+01 0.83300000E-07 0.83300000E-07 0.83300000E-07
 0.3006372365290E+08 0.8084981620290E+02
00362           0.10000000E+01 0.83300000E-07 0.83300000E-07 0.83300000E-07
 0.3006687096470E+08 0.8084921178847E+02
+++  
       619      1283    2 0.00000000E+00 0.86400000E+09
