INCON -- INITIAL CONDITIONS FOR  328 ELEMENTS AT TIME  0.864000E+09
000 1           0.10000000E+01 0.83300000E-07 0.83300000E-07 0.83300000E-07
 0.3003929919624E+08 0.1935000000000E+03
000 2           0.10000000E+01 0.83300000E-07 0.83300000E-07 0.83300000E-07
 0.3004017224699E+08 0.1935000000000E+03
000 3           0.10000000E+01 0.83300000E-07 0.83300000E-07 0.83300000E-07
 0.3004110521423E+08 0.1935000000000E+03
000 4           0.10000000E+01 0.83300000E-07 0.83300000E-07 0.83300000E-07
 0.3004231448340E+08 0.1935000000000E+03
000 5           0.10000000E+01 0.83300000E-07 0.83300000E-07 0.83300000E-07
 0.3004266147404E+08 0.1935000000000E+03
000 6           0.10000000E+01 0.83300000E-07 0.83300000E-07 0.83300000E-07
 0.3004314287063E+08 0.1935000000000E+03
000 7           0.10000000E+01 0.83300000E-07 0.83300000E-07 0.83300000E-07
 0.3004297727892E+08 0.1935000000000E+03
000 8           0.10000000E+01 0.83300000E-07 0.83300000E-07 0.83300000E-07
 0.3004233268274E+08 0.1935000000000E+03
000 9           0.10000000E+01 0.83300000E-07 0.83300000E-07 0.83300000E-07
 0.3004184642005E+08 0.1935000000000E+03
00010           0.10000000E+01 0.83300000E-07 0.83300000E-07 0.83300000E-07
 0.3004083182502E+08 0.1935000000000E+03
00011           0.10000000E+01 0.83300000E-07 0.83300000E-07 0.83300000E-07
 0.3004023597135E+08 0.1935000000000E+03
00012           0.10000000E+01 0.83300000E-07 0.83300000E-07 0.83300000E-07
 0.3003950588514E+08 0.1935000000000E+03
00013           0.10000000E+01 0.83300000E-07 0.83300000E-07 0.83300000E-07
 0.3003938450634E+08 0.1935000000000E+03
00014           0.10000000E+01 0.83300000E-07 0.83300000E-07 0.83300000E-07
 0.3004302241297E+08 0.1935000000000E+03
00015           0.10000000E+01 0.83300000E-07 0.83300000E-07 0.83300000E-07
 0.3004268895446E+08 0.1935000000000E+03
00016           0.10000000E+01 0.83300000E-07 0.83300000E-07 0.83300000E-07
 0.3004108834889E+08 0.1935000000000E+03
00017           0.10000000E+01 0.83300000E-07 0.83300000E-07 0.83300000E-07
 0.3004079639996E+08 0.1935000000000E+03
00018           0.10000000E+01 0.83300000E-07 0.83300000E-07 0.83300000E-07
 0.3004195214314E+08 0.1935000000000E+03
00019           0.10000000E+01 0.83300000E-07 0.83300000E-07 0.83300000E-07
 0.3004308831236E+08 0.1935000000000E+03
00020           0.10000000E+01 0.83300000E-07 0.83300000E-07 0.83300000E-07
 0.3004281441909E+08 0.1935000000000E+03
00021           0.10000000E+01 0.83300000E-07 0.83300000E-07 0.83300000E-07
 0.3004185818973E+08 0.1935000000000E+03
00022           0.10000000E+01 0.83300000E-07 0.83300000E-07 0.83300000E-07
 0.3004336195883E+08 0.1935000000000E+03
00023           0.10000000E+01 0.83300000E-07 0.83300000E-07 0.83300000E-07
 0.3004024124754E+08 0.1935000000000E+03
00024           0.10000000E+01 0.83300000E-07 0.83300000E-07 0.83300000E-07
 0.3003934995202E+08 0.1935000000000E+03
00025           0.10000000E+01 0.83300000E-07 0.83300000E-07 0.83300000E-07
 0.3003922174016E+08 0.1935000000000E+03
00026           0.10000000E+01 0.83300000E-07 0.83300000E-07 0.83300000E-07
 0.3003977916074E+08 0.1935000000000E+03
00027           0.10000000E+01 0.83300000E-07 0.83300000E-07 0.83300000E-07
 0.3004248392181E+08 0.1935000000000E+03
00028           0.10000000E+01 0.83300000E-07 0.83300000E-07 0.83300000E-07
 0.3004258674441E+08 0.1935000000000E+03
00029           0.10000000E+01 0.83300000E-07 0.83300000E-07 0.83300000E-07
 0.3003921154292E+08 0.1935000000000E+03
00030           0.10000000E+01 0.83300000E-07 0.83300000E-07 0.83300000E-07
 0.3003929872216E+08 0.1935000000000E+03
00031           0.10000000E+01 0.83300000E-07 0.83300000E-07 0.83300000E-07
 0.3004344004606E+08 0.1935000000000E+03
00032           0.10000000E+01 0.83300000E-07 0.83300000E-07 0.83300000E-07
 0.3004347196782E+08 0.1935000000000E+03
00033           0.10000000E+01 0.83300000E-07 0.83300000E-07 0.83300000E-07
 0.3004125481677E+08 0.1935000000000E+03
00034           0.10000000E+01 0.83300000E-07 0.83300000E-07 0.83300000E-07
 0.3003957449840E+08 0.1935000000000E+03
00035           0.10000000E+01 0.83300000E-07 0.83300000E-07 0.83300000E-07
 0.3004079569287E+08 0.1935000000000E+03
00036           0.10000000E+01 0.83300000E-07 0.83300000E-07 0.83300000E-07
 0.3004398480781E+08 0.1935000000000E+03
00037           0.10000000E+01 0.83300000E-07 0.83300000E-07 0.83300000E-07
 0.3004178099041E+08 0.1935000000000E+03
00038           0.10000000E+01 0.83300000E-07 0.83300000E-07 0.83300000E-07
 0.3004018871063E+08 0.1935000000000E+03
00039           0.10000000E+01 0.83300000E-07 0.83300000E-07 0.83300000E-07
 0.3004295783529E+08 0.1935000000000E+03
00040           0.10000000E+01 0.83300000E-07 0.83300000E-07 0.83300000E-07
 0.3004296108881E+08 0.1935000000000E+03
00041           0.10000000E+01 0.83300000E-07 0.83300000E-07 0.83300000E-07
 0.3003976531609E+08 0.1935000000000E+03
00042           0.10000000E+01 0.83300000E-07 0.83300000E-07 0.83300000E-07
 0.3004175477857E+08 0.1935000000000E+03
00043           0.10000000E+01 0.83300000E-07 0.83300000E-07 0.83300000E-07
 0.3004404349099E+08 0.1935000000000E+03
00044           0.10000000E+01 0.83300000E-07 0.83300000E-07 0.83300000E-07
 0.3004426150319E+08 0.1935000000000E+03
00045           0.10000000E+01 0.83300000E-07 0.83300000E-07 0.83300000E-07
 0.3004487267031E+08 0.1935000000000E+03
00046           0.10000000E+01 0.83300000E-07 0.83300000E-07 0.83300000E-07
 0.3004207943924E+08 0.1935000000000E+03
00047           0.10000000E+01 0.83300000E-07 0.83300000E-07 0.83300000E-07
 0.3004049222776E+08 0.1935000000000E+03
00048           0.10000000E+01 0.83300000E-07 0.83300000E-07 0.83300000E-07
 0.3004297883956E+08 0.1935000000000E+03
00049           0.10000000E+01 0.83300000E-07 0.83300000E-07 0.83300000E-07
 0.3004093750562E+08 0.1935000000000E+03
00050           0.10000000E+01 0.83300000E-07 0.83300000E-07 0.83300000E-07
 0.3004318671239E+08 0.1935000000000E+03
00051           0.10000000E+01 0.83300000E-07 0.83300000E-07 0.83300000E-07
 0.3004541536496E+08 0.1935000000000E+03
00052           0.10000000E+01 0.83300000E-07 0.83300000E-07 0.83300000E-07
 0.3003915418125E+08 0.1935000000000E+03
00053           0.10000000E+01 0.83300000E-07 0.83300000E-07 0.83300000E-07
 0.3003984561920E+08 0.1935000000000E+03
00054           0.10000000E+01 0.83300000E-07 0.83300000E-07 0.83300000E-07
 0.3003851620263E+08 0.1935000000000E+03
00055           0.10000000E+01 0.83300000E-07 0.83300000E-07 0.83300000E-07
 0.3004634594896E+08 0.1935000000000E+03
00056           0.10000000E+01 0.83300000E-07 0.83300000E-07 0.83300000E-07
 0.3003871461789E+08 0.1935000000000E+03
00057           0.10000000E+01 0.83300000E-07 0.83300000E-07 0.83300000E-07
 0.3004384200867E+08 0.1935000000000E+03
00058           0.10000000E+01 0.83300000E-07 0.83300000E-07 0.83300000E-07
 0.3004483253665E+08 0.1935000000000E+03
00059           0.10000000E+01 0.83300000E-07 0.83300000E-07 0.83300000E-07
 0.3004092323066E+08 0.1935000000000E+03
00060           0.10000000E+01 0.83300000E-07 0.83300000E-07 0.83300000E-07
 0.3003858823223E+08 0.1935000000000E+03
00061           0.10000000E+01 0.83300000E-07 0.83300000E-07 0.83300000E-07
 0.3004198103192E+08 0.1935000000000E+03
00062           0.10000000E+01 0.83300000E-07 0.83300000E-07 0.83300000E-07
 0.3004631758652E+08 0.1935000000000E+03
00063           0.10000000E+01 0.83300000E-07 0.83300000E-07 0.83300000E-07
 0.3003931270392E+08 0.1935000000000E+03
00064           0.10000000E+01 0.83300000E-07 0.83300000E-07 0.83300000E-07
 0.3004142234575E+08 0.1935000000000E+03
00065           0.10000000E+01 0.83300000E-07 0.83300000E-07 0.83300000E-07
 0.3004595615974E+08 0.1935000000000E+03
00066           0.10000000E+01 0.83300000E-07 0.83300000E-07 0.83300000E-07
 0.3004743408266E+08 0.1935000000000E+03
00067           0.10000000E+01 0.83300000E-07 0.83300000E-07 0.83300000E-07
 0.3004924800542E+08 0.1935000000000E+03
00068           0.10000000E+01 0.83300000E-07 0.83300000E-07 0.83300000E-07
 0.3004297784709E+08 0.1935000000000E+03
00069           0.10000000E+01 0.83300000E-07 0.83300000E-07 0.83300000E-07
 0.3004005510330E+08 0.1935000000000E+03
00070           0.10000000E+01 0.83300000E-07 0.83300000E-07 0.83300000E-07
 0.3003867774114E+08 0.1935000000000E+03
00071           0.10000000E+01 0.83300000E-07 0.83300000E-07 0.83300000E-07
 0.3004551962332E+08 0.1935000000000E+03
00072           0.10000000E+01 0.83300000E-07 0.83300000E-07 0.83300000E-07
 0.3004559461654E+08 0.1935000000000E+03
00073           0.10000000E+01 0.83300000E-07 0.83300000E-07 0.83300000E-07
 0.3003971096357E+08 0.1935000000000E+03
00074           0.10000000E+01 0.83300000E-07 0.83300000E-07 0.83300000E-07
 0.3004899768491E+08 0.1935000000000E+03
00075           0.10000000E+01 0.83300000E-07 0.83300000E-07 0.83300000E-07
 0.3004318916926E+08 0.1935000000000E+03
00076           0.10000000E+01 0.83300000E-07 0.83300000E-07 0.83300000E-07
 0.3004051432385E+08 0.1935000000000E+03
00077           0.10000000E+01 0.83300000E-07 0.83300000E-07 0.83300000E-07
 0.3003790448052E+08 0.1935000000000E+03
00078           0.10000000E+01 0.83300000E-07 0.83300000E-07 0.83300000E-07
 0.3004967909186E+08 0.1935000000000E+03
00079           0.10000000E+01 0.83300000E-07 0.83300000E-07 0.83300000E-07
 0.3005747509168E+08 0.1935000000000E+03
00080           0.10000000E+01 0.83300000E-07 0.83300000E-07 0.83300000E-07
 0.3004918371789E+08 0.1935000000000E+03
00081           0.10000000E+01 0.83300000E-07 0.83300000E-07 0.83300000E-07
 0.3004696310468E+08 0.1935000000000E+03
00082           0.10000000E+01 0.83300000E-07 0.83300000E-07 0.83300000E-07
 0.3004156422798E+08 0.1935000000000E+03
00083           0.10000000E+01 0.83300000E-07 0.83300000E-07 0.83300000E-07
 0.3003875583519E+08 0.1935000000000E+03
00084           0.10000000E+01 0.83300000E-07 0.83300000E-07 0.83300000E-07
 0.3005098376422E+08 0.1935000000000E+03
00085           0.10000000E+01 0.83300000E-07 0.83300000E-07 0.83300000E-07
 0.3004265575958E+08 0.1935000000000E+03
00086           0.10000000E+01 0.83300000E-07 0.83300000E-07 0.83300000E-07
 0.3004917290057E+08 0.1935000000000E+03
00087           0.10000000E+01 0.83300000E-07 0.83300000E-07 0.83300000E-07
 0.3004111459609E+08 0.1935000000000E+03
00088           0.10000000E+01 0.83300000E-07 0.83300000E-07 0.83300000E-07
 0.3004773605619E+08 0.1935000000000E+03
00089           0.10000000E+01 0.83300000E-07 0.83300000E-07 0.83300000E-07
 0.3004015872911E+08 0.1935000000000E+03
00090           0.10000000E+01 0.83300000E-07 0.83300000E-07 0.83300000E-07
 0.3004457284487E+08 0.1935000000000E+03
00091           0.10000000E+01 0.83300000E-07 0.83300000E-07 0.83300000E-07
 0.3003763659872E+08 0.1935000000000E+03
00092           0.10000000E+01 0.83300000E-07 0.83300000E-07 0.83300000E-07
 0.3003758516249E+08 0.1935000000000E+03
00093           0.10000000E+01 0.83300000E-07 0.83300000E-07 0.83300000E-07
 0.3004419070252E+08 0.1935000000000E+03
00094           0.10000000E+01 0.83300000E-07 0.83300000E-07 0.83300000E-07
 0.3003799247313E+08 0.1935000000000E+03
00095           0.10000000E+01 0.83300000E-07 0.83300000E-07 0.83300000E-07
 0.3004605620467E+08 0.1935000000000E+03
00096           0.10000000E+01 0.83300000E-07 0.83300000E-07 0.83300000E-07
 0.3004244089099E+08 0.1935000000000E+03
00097           0.10000000E+01 0.83300000E-07 0.83300000E-07 0.83300000E-07
 0.3003834922559E+08 0.1935000000000E+03
00098           0.10000000E+01 0.83300000E-07 0.83300000E-07 0.83300000E-07
 0.3004648593613E+08 0.1935000000000E+03
00099           0.10000000E+01 0.83300000E-07 0.83300000E-07 0.83300000E-07
 0.3004551022259E+08 0.1935000000000E+03
001 0           0.10000000E+01 0.83300000E-07 0.83300000E-07 0.83300000E-07
 0.3003735761509E+08 0.1935000000000E+03
001 1           0.10000000E+01 0.83300000E-07 0.83300000E-07 0.83300000E-07
 0.3003994259469E+08 0.1935000000000E+03
001 2           0.10000000E+01 0.83300000E-07 0.83300000E-07 0.83300000E-07
 0.3004449024015E+08 0.1935000000000E+03
001 3           0.10000000E+01 0.83300000E-07 0.83300000E-07 0.83300000E-07
 0.3003900679103E+08 0.1935000000000E+03
001 4           0.10000000E+01 0.83300000E-07 0.83300000E-07 0.83300000E-07
 0.3003881787170E+08 0.1935000000000E+03
001 5           0.10000000E+01 0.83300000E-07 0.83300000E-07 0.83300000E-07
 0.3004068046150E+08 0.1935000000000E+03
001 6           0.10000000E+01 0.83300000E-07 0.83300000E-07 0.83300000E-07
 0.3004337422504E+08 0.1935000000000E+03
001 7           0.10000000E+01 0.83300000E-07 0.83300000E-07 0.83300000E-07
 0.3004159986827E+08 0.1935000000000E+03
001 8           0.10000000E+01 0.83300000E-07 0.83300000E-07 0.83300000E-07
 0.3004378036126E+08 0.1935000000000E+03
001 9           0.10000000E+01 0.83300000E-07 0.83300000E-07 0.83300000E-07
 0.3003708707612E+08 0.1935000000000E+03
00110           0.10000000E+01 0.83300000E-07 0.83300000E-07 0.83300000E-07
 0.3004037787436E+08 0.1935000000000E+03
00111           0.10000000E+01 0.83300000E-07 0.83300000E-07 0.83300000E-07
 0.3004342627223E+08 0.1935000000000E+03
00112           0.10000000E+01 0.83300000E-07 0.83300000E-07 0.83300000E-07
 0.3003742384813E+08 0.1935000000000E+03
00113           0.10000000E+01 0.83300000E-07 0.83300000E-07 0.83300000E-07
 0.3004152153679E+08 0.1935000000000E+03
00114           0.10000000E+01 0.83300000E-07 0.83300000E-07 0.83300000E-07
 0.3003894944870E+08 0.1935000000000E+03
00115           0.10000000E+01 0.83300000E-07 0.83300000E-07 0.83300000E-07
 0.3003762873942E+08 0.1935000000000E+03
00116           0.10000000E+01 0.83300000E-07 0.83300000E-07 0.83300000E-07
 0.3004162670216E+08 0.1935000000000E+03
00117           0.10000000E+01 0.83300000E-07 0.83300000E-07 0.83300000E-07
 0.3003763159739E+08 0.1935000000000E+03
00118           0.10000000E+01 0.83300000E-07 0.83300000E-07 0.83300000E-07
 0.3004071943956E+08 0.1935000000000E+03
00119           0.10000000E+01 0.83300000E-07 0.83300000E-07 0.83300000E-07
 0.3003850384719E+08 0.1935000000000E+03
00120           0.10000000E+01 0.83300000E-07 0.83300000E-07 0.83300000E-07
 0.3003693454717E+08 0.1935000000000E+03
00121           0.10000000E+01 0.83300000E-07 0.83300000E-07 0.83300000E-07
 0.3003910826923E+08 0.1935000000000E+03
00122           0.10000000E+01 0.83300000E-07 0.83300000E-07 0.83300000E-07
 0.3003920100653E+08 0.1935000000000E+03
00123           0.10000000E+01 0.83300000E-07 0.83300000E-07 0.83300000E-07
 0.3004018201018E+08 0.1935000000000E+03
00124           0.10000000E+01 0.83300000E-07 0.83300000E-07 0.83300000E-07
 0.3003641263321E+08 0.1935000000000E+03
00125           0.10000000E+01 0.83300000E-07 0.83300000E-07 0.83300000E-07
 0.3003598472916E+08 0.1935000000000E+03
00126           0.10000000E+01 0.83300000E-07 0.83300000E-07 0.83300000E-07
 0.3003966879462E+08 0.1935000000000E+03
00127           0.10000000E+01 0.83300000E-07 0.83300000E-07 0.83300000E-07
 0.3003876713609E+08 0.1935000000000E+03
00128           0.10000000E+01 0.83300000E-07 0.83300000E-07 0.83300000E-07
 0.3003699112419E+08 0.1935000000000E+03
00129           0.10000000E+01 0.83300000E-07 0.83300000E-07 0.83300000E-07
 0.3003762442001E+08 0.1935000000000E+03
00130           0.10000000E+01 0.83300000E-07 0.83300000E-07 0.83300000E-07
 0.3003596919697E+08 0.1935000000000E+03
00131           0.10000000E+01 0.83300000E-07 0.83300000E-07 0.83300000E-07
 0.3003830779311E+08 0.1935000000000E+03
00132           0.10000000E+01 0.83300000E-07 0.83300000E-07 0.83300000E-07
 0.3003698074645E+08 0.1935000000000E+03
00133           0.10000000E+01 0.83300000E-07 0.83300000E-07 0.83300000E-07
 0.3003566211600E+08 0.1935000000000E+03
00134           0.10000000E+01 0.83300000E-07 0.83300000E-07 0.83300000E-07
 0.3003568115471E+08 0.1935000000000E+03
00135           0.10000000E+01 0.83300000E-07 0.83300000E-07 0.83300000E-07
 0.3003806519430E+08 0.1935000000000E+03
00136           0.10000000E+01 0.83300000E-07 0.83300000E-07 0.83300000E-07
 0.3003591701215E+08 0.1935000000000E+03
00137           0.10000000E+01 0.83300000E-07 0.83300000E-07 0.83300000E-07
 0.3003712548302E+08 0.1935000000000E+03
00138           0.10000000E+01 0.83300000E-07 0.83300000E-07 0.83300000E-07
 0.3003777902310E+08 0.1935000000000E+03
00139           0.10000000E+01 0.83300000E-07 0.83300000E-07 0.83300000E-07
 0.3003594438799E+08 0.1935000000000E+03
00140           0.10000000E+01 0.83300000E-07 0.83300000E-07 0.83300000E-07
 0.3003698100029E+08 0.1935000000000E+03
00141           0.10000000E+01 0.83300000E-07 0.83300000E-07 0.83300000E-07
 0.3003675710990E+08 0.1935000000000E+03
00142           0.10000000E+01 0.83300000E-07 0.83300000E-07 0.83300000E-07
 0.3003598752928E+08 0.1935000000000E+03
00143           0.10000000E+01 0.83300000E-07 0.83300000E-07 0.83300000E-07
 0.3003493172568E+08 0.1935000000000E+03
00144           0.10000000E+01 0.83300000E-07 0.83300000E-07 0.83300000E-07
 0.3003491085391E+08 0.1935000000000E+03
00145           0.10000000E+01 0.83300000E-07 0.83300000E-07 0.83300000E-07
 0.3003516833155E+08 0.1935000000000E+03
00146           0.10000000E+01 0.83300000E-07 0.83300000E-07 0.83300000E-07
 0.3003619683500E+08 0.1935000000000E+03
00147           0.10000000E+01 0.83300000E-07 0.83300000E-07 0.83300000E-07
 0.3003481665523E+08 0.1935000000000E+03
00148           0.10000000E+01 0.83300000E-07 0.83300000E-07 0.83300000E-07
 0.3003515042974E+08 0.1935000000000E+03
00149           0.10000000E+01 0.83300000E-07 0.83300000E-07 0.83300000E-07
 0.3003535239434E+08 0.1935000000000E+03
00150           0.10000000E+01 0.83300000E-07 0.83300000E-07 0.83300000E-07
 0.3003551074263E+08 0.1935000000000E+03
00151           0.10000000E+01 0.83300000E-07 0.83300000E-07 0.83300000E-07
 0.3003520081775E+08 0.1935000000000E+03
00152           0.10000000E+01 0.83300000E-07 0.83300000E-07 0.83300000E-07
 0.3003512585027E+08 0.1935000000000E+03
00153           0.10000000E+01 0.83300000E-07 0.83300000E-07 0.83300000E-07
 0.3003440172731E+08 0.1935000000000E+03
00154           0.10000000E+01 0.83300000E-07 0.83300000E-07 0.83300000E-07
 0.3003427757765E+08 0.1935000000000E+03
00155           0.10000000E+01 0.83300000E-07 0.83300000E-07 0.83300000E-07
 0.3003431205111E+08 0.1935000000000E+03
00156           0.10000000E+01 0.83300000E-07 0.83300000E-07 0.83300000E-07
 0.3003421662926E+08 0.1935000000000E+03
00157           0.10000000E+01 0.83300000E-07 0.83300000E-07 0.83300000E-07
 0.3003399368547E+08 0.1935000000000E+03
00158           0.10000000E+01 0.83300000E-07 0.83300000E-07 0.83300000E-07
 0.3003379976099E+08 0.1935000000000E+03
00159           0.10000000E+01 0.83300000E-07 0.83300000E-07 0.83300000E-07
 0.3003373514387E+08 0.1935000000000E+03
00160           0.10000000E+01 0.83300000E-07 0.83300000E-07 0.83300000E-07
 0.3003358631031E+08 0.1935000000000E+03
00161           0.10000000E+01 0.83300000E-07 0.83300000E-07 0.83300000E-07
 0.3003338722787E+08 0.1935000000000E+03
00162           0.10000000E+01 0.83300000E-07 0.83300000E-07 0.83300000E-07
 0.3003356426911E+08 0.1935000000000E+03
00163           0.10000000E+01 0.83300000E-07 0.83300000E-07 0.83300000E-07
 0.3003314492674E+08 0.1935000000000E+03
00164           0.10000000E+01 0.83300000E-07 0.83300000E-07 0.83300000E-07
 0.3003323215021E+08 0.1935000000000E+03
00165           0.10000000E+01 0.83300000E-07 0.83300000E-07 0.83300000E-07
 0.3003288340722E+08 0.1935000000000E+03
00166           0.10000000E+01 0.83300000E-07 0.83300000E-07 0.83300000E-07
 0.3003273674055E+08 0.1935000000000E+03
00167           0.10000000E+01 0.83300000E-07 0.83300000E-07 0.83300000E-07
 0.3003239617133E+08 0.1935000000000E+03
00168           0.10000000E+01 0.83300000E-07 0.83300000E-07 0.83300000E-07
 0.3003209599076E+08 0.1935000000000E+03
00169           0.10000000E+01 0.83300000E-07 0.83300000E-07 0.83300000E-07
 0.3003284270898E+08 0.1935000000000E+03
00170           0.10000000E+01 0.83300000E-07 0.83300000E-07 0.83300000E-07
 0.3003284725889E+08 0.1935000000000E+03
00171           0.10000000E+01 0.83300000E-07 0.83300000E-07 0.83300000E-07
 0.3003217863053E+08 0.1935000000000E+03
00172           0.10000000E+01 0.83300000E-07 0.83300000E-07 0.83300000E-07
 0.3003142959275E+08 0.1935000000000E+03
00173           0.10000000E+01 0.83300000E-07 0.83300000E-07 0.83300000E-07
 0.3003127925528E+08 0.1935000000000E+03
00174           0.10000000E+01 0.83300000E-07 0.83300000E-07 0.83300000E-07
 0.3003223529640E+08 0.1935000000000E+03
00175           0.10000000E+01 0.83300000E-07 0.83300000E-07 0.83300000E-07
 0.3003139228148E+08 0.1935000000000E+03
00176           0.10000000E+01 0.83300000E-07 0.83300000E-07 0.83300000E-07
 0.3003255977504E+08 0.1935000000000E+03
00177           0.10000000E+01 0.83300000E-07 0.83300000E-07 0.83300000E-07
 0.3003163611837E+08 0.1935000000000E+03
00178           0.10000000E+01 0.83300000E-07 0.83300000E-07 0.83300000E-07
 0.3003112031502E+08 0.1935000000000E+03
00179           0.10000000E+01 0.83300000E-07 0.83300000E-07 0.83300000E-07
 0.3003041908730E+08 0.1935000000000E+03
00180           0.10000000E+01 0.83300000E-07 0.83300000E-07 0.83300000E-07
 0.3002995131793E+08 0.1935000000000E+03
00181           0.10000000E+01 0.83300000E-07 0.83300000E-07 0.83300000E-07
 0.3003176234376E+08 0.1935000000000E+03
00182           0.10000000E+01 0.83300000E-07 0.83300000E-07 0.83300000E-07
 0.3002969862607E+08 0.1935000000000E+03
00183           0.10000000E+01 0.83300000E-07 0.83300000E-07 0.83300000E-07
 0.3003118792574E+08 0.1935000000000E+03
00184           0.10000000E+01 0.83300000E-07 0.83300000E-07 0.83300000E-07
 0.3003178362445E+08 0.1935000000000E+03
00185           0.10000000E+01 0.83300000E-07 0.83300000E-07 0.83300000E-07
 0.3003184669969E+08 0.1935000000000E+03
00186           0.10000000E+01 0.83300000E-07 0.83300000E-07 0.83300000E-07
 0.3003182891322E+08 0.1935000000000E+03
00187           0.10000000E+01 0.83300000E-07 0.83300000E-07 0.83300000E-07
 0.3002910160432E+08 0.1935000000000E+03
00188           0.10000000E+01 0.83300000E-07 0.83300000E-07 0.83300000E-07
 0.3002980147778E+08 0.1935000000000E+03
00189           0.10000000E+01 0.83300000E-07 0.83300000E-07 0.83300000E-07
 0.3003065734764E+08 0.1935000000000E+03
00190           0.10000000E+01 0.83300000E-07 0.83300000E-07 0.83300000E-07
 0.3003008102626E+08 0.1935000000000E+03
00191           0.10000000E+01 0.83300000E-07 0.83300000E-07 0.83300000E-07
 0.3002937928386E+08 0.1935000000000E+03
00192           0.10000000E+01 0.83300000E-07 0.83300000E-07 0.83300000E-07
 0.3003126902214E+08 0.1935000000000E+03
00193           0.10000000E+01 0.83300000E-07 0.83300000E-07 0.83300000E-07
 0.3002817199111E+08 0.1935000000000E+03
00194           0.10000000E+01 0.83300000E-07 0.83300000E-07 0.83300000E-07
 0.3003012662171E+08 0.1935000000000E+03
00195           0.10000000E+01 0.83300000E-07 0.83300000E-07 0.83300000E-07
 0.3002788462840E+08 0.1935000000000E+03
00196           0.10000000E+01 0.83300000E-07 0.83300000E-07 0.83300000E-07
 0.3002856471508E+08 0.1935000000000E+03
00197           0.10000000E+01 0.83300000E-07 0.83300000E-07 0.83300000E-07
 0.3003112415080E+08 0.1935000000000E+03
00198           0.10000000E+01 0.83300000E-07 0.83300000E-07 0.83300000E-07
 0.3003057266432E+08 0.1935000000000E+03
00199           0.10000000E+01 0.83300000E-07 0.83300000E-07 0.83300000E-07
 0.3002741659583E+08 0.1935000000000E+03
002 0           0.10000000E+01 0.83300000E-07 0.83300000E-07 0.83300000E-07
 0.3003109237086E+08 0.1935000000000E+03
002 1           0.10000000E+01 0.83300000E-07 0.83300000E-07 0.83300000E-07
 0.3003113288480E+08 0.1935000000000E+03
002 2           0.10000000E+01 0.83300000E-07 0.83300000E-07 0.83300000E-07
 0.3002713284030E+08 0.1935000000000E+03
002 3           0.10000000E+01 0.83300000E-07 0.83300000E-07 0.83300000E-07
 0.3003036356513E+08 0.1935000000000E+03
002 4           0.10000000E+01 0.83300000E-07 0.83300000E-07 0.83300000E-07
 0.3002609438320E+08 0.1935000000000E+03
002 5           0.10000000E+01 0.83300000E-07 0.83300000E-07 0.83300000E-07
 0.3002828318976E+08 0.1935000000000E+03
002 6           0.10000000E+01 0.83300000E-07 0.83300000E-07 0.83300000E-07
 0.3002953693609E+08 0.1935000000000E+03
002 7           0.10000000E+01 0.83300000E-07 0.83300000E-07 0.83300000E-07
 0.3002579837993E+08 0.1935000000000E+03
002 8           0.10000000E+01 0.83300000E-07 0.83300000E-07 0.83300000E-07
 0.3002565224032E+08 0.1935000000000E+03
002 9           0.10000000E+01 0.83300000E-07 0.83300000E-07 0.83300000E-07
 0.3002764103207E+08 0.1935000000000E+03
00210           0.10000000E+01 0.83300000E-07 0.83300000E-07 0.83300000E-07
 0.3002883939107E+08 0.1935000000000E+03
00211           0.10000000E+01 0.83300000E-07 0.83300000E-07 0.83300000E-07
 0.3002843598813E+08 0.1935000000000E+03
00212           0.10000000E+01 0.83300000E-07 0.83300000E-07 0.83300000E-07
 0.3002705282835E+08 0.1935000000000E+03
00213           0.10000000E+01 0.83300000E-07 0.83300000E-07 0.83300000E-07
 0.3002929740117E+08 0.1935000000000E+03
00214           0.10000000E+01 0.83300000E-07 0.83300000E-07 0.83300000E-07
 0.3002379527493E+08 0.1935000000000E+03
00215           0.10000000E+01 0.83300000E-07 0.83300000E-07 0.83300000E-07
 0.3002524862985E+08 0.1935000000000E+03
00216           0.10000000E+01 0.83300000E-07 0.83300000E-07 0.83300000E-07
 0.3002458348613E+08 0.1935000000000E+03
00217           0.10000000E+01 0.83300000E-07 0.83300000E-07 0.83300000E-07
 0.3003044279223E+08 0.1935000000000E+03
00218           0.10000000E+01 0.83300000E-07 0.83300000E-07 0.83300000E-07
 0.3003036210906E+08 0.1935000000000E+03
00219           0.10000000E+01 0.83300000E-07 0.83300000E-07 0.83300000E-07
 0.3002574299441E+08 0.1935000000000E+03
00220           0.10000000E+01 0.83300000E-07 0.83300000E-07 0.83300000E-07
 0.3002305155358E+08 0.1935000000000E+03
00221           0.10000000E+01 0.83300000E-07 0.83300000E-07 0.83300000E-07
 0.3003004903126E+08 0.1935000000000E+03
00222           0.10000000E+01 0.83300000E-07 0.83300000E-07 0.83300000E-07
 0.3002958940983E+08 0.1935000000000E+03
00223           0.10000000E+01 0.83300000E-07 0.83300000E-07 0.83300000E-07
 0.3002307418357E+08 0.1935000000000E+03
00224           0.10000000E+01 0.83300000E-07 0.83300000E-07 0.83300000E-07
 0.3002748967461E+08 0.1935000000000E+03
00225           0.10000000E+01 0.83300000E-07 0.83300000E-07 0.83300000E-07
 0.3002158676414E+08 0.1935000000000E+03
00226           0.10000000E+01 0.83300000E-07 0.83300000E-07 0.83300000E-07
 0.3002617706776E+08 0.1935000000000E+03
00227           0.10000000E+01 0.83300000E-07 0.83300000E-07 0.83300000E-07
 0.3002617229196E+08 0.1935000000000E+03
00228           0.10000000E+01 0.83300000E-07 0.83300000E-07 0.83300000E-07
 0.3002813444020E+08 0.1935000000000E+03
00229           0.10000000E+01 0.83300000E-07 0.83300000E-07 0.83300000E-07
 0.3002893528763E+08 0.1935000000000E+03
00230           0.10000000E+01 0.83300000E-07 0.83300000E-07 0.83300000E-07
 0.3002006132889E+08 0.1935000000000E+03
00231           0.10000000E+01 0.83300000E-07 0.83300000E-07 0.83300000E-07
 0.3002280227636E+08 0.1935000000000E+03
00232           0.10000000E+01 0.83300000E-07 0.83300000E-07 0.83300000E-07
 0.3002951225964E+08 0.1935000000000E+03
00233           0.10000000E+01 0.83300000E-07 0.83300000E-07 0.83300000E-07
 0.3002438941497E+08 0.1935000000000E+03
00234           0.10000000E+01 0.83300000E-07 0.83300000E-07 0.83300000E-07
 0.3002691082131E+08 0.1935000000000E+03
00235           0.10000000E+01 0.83300000E-07 0.83300000E-07 0.83300000E-07
 0.3001989439269E+08 0.1935000000000E+03
00236           0.10000000E+01 0.83300000E-07 0.83300000E-07 0.83300000E-07
 0.3002971476617E+08 0.1935000000000E+03
00237           0.10000000E+01 0.83300000E-07 0.83300000E-07 0.83300000E-07
 0.3002239778308E+08 0.1935000000000E+03
00238           0.10000000E+01 0.83300000E-07 0.83300000E-07 0.83300000E-07
 0.3002050727956E+08 0.1935000000000E+03
00239           0.10000000E+01 0.83300000E-07 0.83300000E-07 0.83300000E-07
 0.3002404132656E+08 0.1935000000000E+03
00240           0.10000000E+01 0.83300000E-07 0.83300000E-07 0.83300000E-07
 0.3002768932013E+08 0.1935000000000E+03
00241           0.10000000E+01 0.83300000E-07 0.83300000E-07 0.83300000E-07
 0.3002234142007E+08 0.1935000000000E+03
00242           0.10000000E+01 0.83300000E-07 0.83300000E-07 0.83300000E-07
 0.3002833821326E+08 0.1935000000000E+03
00243           0.10000000E+01 0.83300000E-07 0.83300000E-07 0.83300000E-07
 0.3002632841879E+08 0.1935000000000E+03
00244           0.10000000E+01 0.83300000E-07 0.83300000E-07 0.83300000E-07
 0.3002959568960E+08 0.1935000000000E+03
00245           0.10000000E+01 0.83300000E-07 0.83300000E-07 0.83300000E-07
 0.3001799731643E+08 0.1935000000000E+03
00246           0.10000000E+01 0.83300000E-07 0.83300000E-07 0.83300000E-07
 0.3001043649727E+08 0.1935000000000E+03
00247           0.10000000E+01 0.83300000E-07 0.83300000E-07 0.83300000E-07
 0.3001751629747E+08 0.1935000000000E+03
00248           0.10000000E+01 0.83300000E-07 0.83300000E-07 0.83300000E-07
 0.3002956398047E+08 0.1935000000000E+03
00249           0.10000000E+01 0.83300000E-07 0.83300000E-07 0.83300000E-07
 0.3002281880238E+08 0.1935000000000E+03
00250           0.10000000E+01 0.83300000E-07 0.83300000E-07 0.83300000E-07
 0.3002664671317E+08 0.1935000000000E+03
00251           0.10000000E+01 0.83300000E-07 0.83300000E-07 0.83300000E-07
 0.3002478301089E+08 0.1935000000000E+03
00252           0.10000000E+01 0.83300000E-07 0.83300000E-07 0.83300000E-07
 0.3002010571925E+08 0.1935000000000E+03
00253           0.10000000E+01 0.83300000E-07 0.83300000E-07 0.83300000E-07
 0.3002196226645E+08 0.1935000000000E+03
00254           0.10000000E+01 0.83300000E-07 0.83300000E-07 0.83300000E-07
 0.3001731904988E+08 0.1935000000000E+03
00255           0.10000000E+01 0.83300000E-07 0.83300000E-07 0.83300000E-07
 0.3002749330441E+08 0.1935000000000E+03
00256           0.10000000E+01 0.83300000E-07 0.83300000E-07 0.83300000E-07
 0.3002498955340E+08 0.1935000000000E+03
00257           0.10000000E+01 0.83300000E-07 0.83300000E-07 0.83300000E-07
 0.3002833626759E+08 0.1935000000000E+03
00258           0.10000000E+01 0.83300000E-07 0.83300000E-07 0.83300000E-07
 0.3001840376114E+08 0.1935000000000E+03
00259           0.10000000E+01 0.83300000E-07 0.83300000E-07 0.83300000E-07
 0.3002818094836E+08 0.1935000000000E+03
00260           0.10000000E+01 0.83300000E-07 0.83300000E-07 0.83300000E-07
 0.3002878598215E+08 0.1935000000000E+03
00261           0.10000000E+01 0.83300000E-07 0.83300000E-07 0.83300000E-07
 0.3002104325370E+08 0.1935000000000E+03
00262           0.10000000E+01 0.83300000E-07 0.83300000E-07 0.83300000E-07
 0.3002288864646E+08 0.1935000000000E+03
00263           0.10000000E+01 0.83300000E-07 0.83300000E-07 0.83300000E-07
 0.3002276320744E+08 0.1935000000000E+03
00264           0.10000000E+01 0.83300000E-07 0.83300000E-07 0.83300000E-07
 0.3002655845872E+08 0.1935000000000E+03
00265           0.10000000E+01 0.83300000E-07 0.83300000E-07 0.83300000E-07
 0.3001946819552E+08 0.1935000000000E+03
00266           0.10000000E+01 0.83300000E-07 0.83300000E-07 0.83300000E-07
 0.3002903098518E+08 0.1935000000000E+03
00267           0.10000000E+01 0.83300000E-07 0.83300000E-07 0.83300000E-07
 0.3002560105374E+08 0.1935000000000E+03
00268           0.10000000E+01 0.83300000E-07 0.83300000E-07 0.83300000E-07
 0.3002094541311E+08 0.1935000000000E+03
00269           0.10000000E+01 0.83300000E-07 0.83300000E-07 0.83300000E-07
 0.3002089131255E+08 0.1935000000000E+03
00270           0.10000000E+01 0.83300000E-07 0.83300000E-07 0.83300000E-07
 0.3002848624373E+08 0.1935000000000E+03
00271           0.10000000E+01 0.83300000E-07 0.83300000E-07 0.83300000E-07
 0.3002609853926E+08 0.1935000000000E+03
00272           0.10000000E+01 0.83300000E-07 0.83300000E-07 0.83300000E-07
 0.3002460320541E+08 0.1935000000000E+03
00273           0.10000000E+01 0.83300000E-07 0.83300000E-07 0.83300000E-07
 0.3002710346853E+08 0.1935000000000E+03
00274           0.10000000E+01 0.83300000E-07 0.83300000E-07 0.83300000E-07
 0.3002153318311E+08 0.1935000000000E+03
00275           0.10000000E+01 0.83300000E-07 0.83300000E-07 0.83300000E-07
 0.3002255966910E+08 0.1935000000000E+03
00276           0.10000000E+01 0.83300000E-07 0.83300000E-07 0.83300000E-07
 0.3002444816227E+08 0.1935000000000E+03
00277           0.10000000E+01 0.83300000E-07 0.83300000E-07 0.83300000E-07
 0.3002862885426E+08 0.1935000000000E+03
00278           0.10000000E+01 0.83300000E-07 0.83300000E-07 0.83300000E-07
 0.3002367426442E+08 0.1935000000000E+03
00279           0.10000000E+01 0.83300000E-07 0.83300000E-07 0.83300000E-07
 0.3002787374285E+08 0.1935000000000E+03
00280           0.10000000E+01 0.83300000E-07 0.83300000E-07 0.83300000E-07
 0.3002307495535E+08 0.1935000000000E+03
00281           0.10000000E+01 0.83300000E-07 0.83300000E-07 0.83300000E-07
 0.3002679456813E+08 0.1935000000000E+03
00282           0.10000000E+01 0.83300000E-07 0.83300000E-07 0.83300000E-07
 0.3002581175350E+08 0.1935000000000E+03
00283           0.10000000E+01 0.83300000E-07 0.83300000E-07 0.83300000E-07
 0.3002756087316E+08 0.1935000000000E+03
00284           0.10000000E+01 0.83300000E-07 0.83300000E-07 0.83300000E-07
 0.3002563527691E+08 0.1935000000000E+03
00285           0.10000000E+01 0.83300000E-07 0.83300000E-07 0.83300000E-07
 0.3002278448285E+08 0.1935000000000E+03
00286           0.10000000E+01 0.83300000E-07 0.83300000E-07 0.83300000E-07
 0.3002463595915E+08 0.1935000000000E+03
00287           0.10000000E+01 0.83300000E-07 0.83300000E-07 0.83300000E-07
 0.3002359080206E+08 0.1935000000000E+03
00288           0.10000000E+01 0.83300000E-07 0.83300000E-07 0.83300000E-07
 0.3002696099459E+08 0.1935000000000E+03
00289           0.10000000E+01 0.83300000E-07 0.83300000E-07 0.83300000E-07
 0.3002331224927E+08 0.1935000000000E+03
00290           0.10000000E+01 0.83300000E-07 0.83300000E-07 0.83300000E-07
 0.3002484952253E+08 0.1935000000000E+03
00291           0.10000000E+01 0.83300000E-07 0.83300000E-07 0.83300000E-07
 0.3002407309460E+08 0.1935000000000E+03
00292           0.10000000E+01 0.83300000E-07 0.83300000E-07 0.83300000E-07
 0.3002801534601E+08 0.1935000000000E+03
00293           0.10000000E+01 0.83300000E-07 0.83300000E-07 0.83300000E-07
 0.3002608182261E+08 0.1935000000000E+03
00294           0.10000000E+01 0.83300000E-07 0.83300000E-07 0.83300000E-07
 0.3002578236594E+08 0.1935000000000E+03
00295           0.10000000E+01 0.83300000E-07 0.83300000E-07 0.83300000E-07
 0.3002426542845E+08 0.1935000000000E+03
00296           0.10000000E+01 0.83300000E-07 0.83300000E-07 0.83300000E-07
 0.3002830965798E+08 0.1935000000000E+03
00297           0.10000000E+01 0.83300000E-07 0.83300000E-07 0.83300000E-07
 0.3002824011598E+08 0.1935000000000E+03
00298           0.10000000E+01 0.83300000E-07 0.83300000E-07 0.83300000E-07
 0.3002734946515E+08 0.1935000000000E+03
00299           0.10000000E+01 0.83300000E-07 0.83300000E-07 0.83300000E-07
 0.3002668263190E+08 0.1935000000000E+03
003 0           0.10000000E+01 0.83300000E-07 0.83300000E-07 0.83300000E-07
 0.3002519477342E+08 0.1935000000000E+03
003 1           0.10000000E+01 0.83300000E-07 0.83300000E-07 0.83300000E-07
 0.3002380882648E+08 0.1935000000000E+03
003 2           0.10000000E+01 0.83300000E-07 0.83300000E-07 0.83300000E-07
 0.3002755481299E+08 0.1935000000000E+03
003 3           0.10000000E+01 0.83300000E-07 0.83300000E-07 0.83300000E-07
 0.3002405946301E+08 0.1935000000000E+03
003 4           0.10000000E+01 0.83300000E-07 0.83300000E-07 0.83300000E-07
 0.3002807167077E+08 0.1935000000000E+03
003 5           0.10000000E+01 0.83300000E-07 0.83300000E-07 0.83300000E-07
 0.3002818223858E+08 0.1935000000000E+03
003 6           0.10000000E+01 0.83300000E-07 0.83300000E-07 0.83300000E-07
 0.3002453459264E+08 0.1935000000000E+03
003 7           0.10000000E+01 0.83300000E-07 0.83300000E-07 0.83300000E-07
 0.3002647836588E+08 0.1935000000000E+03
003 8           0.10000000E+01 0.83300000E-07 0.83300000E-07 0.83300000E-07
 0.3002484212519E+08 0.1935000000000E+03
003 9           0.10000000E+01 0.83300000E-07 0.83300000E-07 0.83300000E-07
 0.3002571562303E+08 0.1935000000000E+03
00310           0.10000000E+01 0.83300000E-07 0.83300000E-07 0.83300000E-07
 0.3002420472773E+08 0.1935000000000E+03
00311           0.10000000E+01 0.83300000E-07 0.83300000E-07 0.83300000E-07
 0.3002553618739E+08 0.1935000000000E+03
00312           0.10000000E+01 0.83300000E-07 0.83300000E-07 0.83300000E-07
 0.3002724381672E+08 0.1935000000000E+03
00313           0.10000000E+01 0.83300000E-07 0.83300000E-07 0.83300000E-07
 0.3002641662930E+08 0.1935000000000E+03
00314           0.10000000E+01 0.83300000E-07 0.83300000E-07 0.83300000E-07
 0.3002440266747E+08 0.1935000000000E+03
00315           0.10000000E+01 0.83300000E-07 0.83300000E-07 0.83300000E-07
 0.3002463423409E+08 0.1935000000000E+03
00316           0.10000000E+01 0.83300000E-07 0.83300000E-07 0.83300000E-07
 0.3002811011968E+08 0.1935000000000E+03
00317           0.10000000E+01 0.83300000E-07 0.83300000E-07 0.83300000E-07
 0.3002760649953E+08 0.1935000000000E+03
00318           0.10000000E+01 0.83300000E-07 0.83300000E-07 0.83300000E-07
 0.3002719536714E+08 0.1935000000000E+03
00319           0.10000000E+01 0.83300000E-07 0.83300000E-07 0.83300000E-07
 0.3002626603893E+08 0.1935000000000E+03
00320           0.10000000E+01 0.83300000E-07 0.83300000E-07 0.83300000E-07
 0.3002515414769E+08 0.1935000000000E+03
00321           0.10000000E+01 0.83300000E-07 0.83300000E-07 0.83300000E-07
 0.3002467330387E+08 0.1935000000000E+03
00322           0.10000000E+01 0.83300000E-07 0.83300000E-07 0.83300000E-07
 0.3002432868609E+08 0.1935000000000E+03
00323           0.10000000E+01 0.83300000E-07 0.83300000E-07 0.83300000E-07
 0.3002446407998E+08 0.1935000000000E+03
00324           0.10000000E+01 0.83300000E-07 0.83300000E-07 0.83300000E-07
 0.3002513955796E+08 0.1935000000000E+03
00325           0.10000000E+01 0.83300000E-07 0.83300000E-07 0.83300000E-07
 0.3002589811872E+08 0.1935000000000E+03
00326           0.10000000E+01 0.83300000E-07 0.83300000E-07 0.83300000E-07
 0.3002664047339E+08 0.1935000000000E+03
00327           0.10000000E+01 0.83300000E-07 0.83300000E-07 0.83300000E-07
 0.3002796237143E+08 0.1935000000000E+03
00328           0.10000000E+01 0.83300000E-07 0.83300000E-07 0.83300000E-07
 0.3002807093584E+08 0.1935000000000E+03


