INCON -- INITIAL CONDITIONS FOR  502 ELEMENTS AT TIME  0.864000E+09
000 1           0.10000000E+01 0.83300000E-07 0.83300000E-07 0.83300000E-07
 0.3003691379835E+08 0.1935000000000E+03
000 2           0.10000000E+01 0.83300000E-07 0.83300000E-07 0.83300000E-07
 0.3003725709613E+08 0.1935000000000E+03
000 3           0.10000000E+01 0.83300000E-07 0.83300000E-07 0.83300000E-07
 0.3003836770483E+08 0.1935000000000E+03
000 4           0.10000000E+01 0.83300000E-07 0.83300000E-07 0.83300000E-07
 0.3003891226735E+08 0.1935000000000E+03
000 5           0.10000000E+01 0.83300000E-07 0.83300000E-07 0.83300000E-07
 0.3003985347775E+08 0.1935000000000E+03
000 6           0.10000000E+01 0.83300000E-07 0.83300000E-07 0.83300000E-07
 0.3004042622929E+08 0.1935000000000E+03
000 7           0.10000000E+01 0.83300000E-07 0.83300000E-07 0.83300000E-07
 0.3004066318187E+08 0.1935000000000E+03
000 8           0.10000000E+01 0.83300000E-07 0.83300000E-07 0.83300000E-07
 0.3004037103551E+08 0.1935000000000E+03
000 9           0.10000000E+01 0.83300000E-07 0.83300000E-07 0.83300000E-07
 0.3003984916150E+08 0.1935000000000E+03
00010           0.10000000E+01 0.83300000E-07 0.83300000E-07 0.83300000E-07
 0.3003877934302E+08 0.1935000000000E+03
00011           0.10000000E+01 0.83300000E-07 0.83300000E-07 0.83300000E-07
 0.3003836827256E+08 0.1935000000000E+03
00012           0.10000000E+01 0.83300000E-07 0.83300000E-07 0.83300000E-07
 0.3003727225988E+08 0.1935000000000E+03
00013           0.10000000E+01 0.83300000E-07 0.83300000E-07 0.83300000E-07
 0.3003700637591E+08 0.1935000000000E+03
00014           0.10000000E+01 0.83300000E-07 0.83300000E-07 0.83300000E-07
 0.3003694302718E+08 0.1935000000000E+03
00015           0.10000000E+01 0.83300000E-07 0.83300000E-07 0.83300000E-07
 0.3004040235565E+08 0.1935000000000E+03
00016           0.10000000E+01 0.83300000E-07 0.83300000E-07 0.83300000E-07
 0.3004045971795E+08 0.1935000000000E+03
00017           0.10000000E+01 0.83300000E-07 0.83300000E-07 0.83300000E-07
 0.3004073837327E+08 0.1935000000000E+03
00018           0.10000000E+01 0.83300000E-07 0.83300000E-07 0.83300000E-07
 0.3003965793195E+08 0.1935000000000E+03
00019           0.10000000E+01 0.83300000E-07 0.83300000E-07 0.83300000E-07
 0.3003890446471E+08 0.1935000000000E+03
00020           0.10000000E+01 0.83300000E-07 0.83300000E-07 0.83300000E-07
 0.3003876945821E+08 0.1935000000000E+03
00021           0.10000000E+01 0.83300000E-07 0.83300000E-07 0.83300000E-07
 0.3003976848097E+08 0.1935000000000E+03
00022           0.10000000E+01 0.83300000E-07 0.83300000E-07 0.83300000E-07
 0.3003736833049E+08 0.1935000000000E+03
00023           0.10000000E+01 0.83300000E-07 0.83300000E-07 0.83300000E-07
 0.3004061183561E+08 0.1935000000000E+03
00024           0.10000000E+01 0.83300000E-07 0.83300000E-07 0.83300000E-07
 0.3003690265582E+08 0.1935000000000E+03
00025           0.10000000E+01 0.83300000E-07 0.83300000E-07 0.83300000E-07
 0.3004037966406E+08 0.1935000000000E+03
00026           0.10000000E+01 0.83300000E-07 0.83300000E-07 0.83300000E-07
 0.3004083771112E+08 0.1935000000000E+03
00027           0.10000000E+01 0.83300000E-07 0.83300000E-07 0.83300000E-07
 0.3003794022209E+08 0.1935000000000E+03
00028           0.10000000E+01 0.83300000E-07 0.83300000E-07 0.83300000E-07
 0.3003997134992E+08 0.1935000000000E+03
00029           0.10000000E+01 0.83300000E-07 0.83300000E-07 0.83300000E-07
 0.3003799475702E+08 0.1935000000000E+03
00030           0.10000000E+01 0.83300000E-07 0.83300000E-07 0.83300000E-07
 0.3003691678072E+08 0.1935000000000E+03
00031           0.10000000E+01 0.83300000E-07 0.83300000E-07 0.83300000E-07
 0.3003734459761E+08 0.1935000000000E+03
00032           0.10000000E+01 0.83300000E-07 0.83300000E-07 0.83300000E-07
 0.3004097402481E+08 0.1935000000000E+03
00033           0.10000000E+01 0.83300000E-07 0.83300000E-07 0.83300000E-07
 0.3003902941201E+08 0.1935000000000E+03
00034           0.10000000E+01 0.83300000E-07 0.83300000E-07 0.83300000E-07
 0.3004067600559E+08 0.1935000000000E+03
00035           0.10000000E+01 0.83300000E-07 0.83300000E-07 0.83300000E-07
 0.3003910857893E+08 0.1935000000000E+03
00036           0.10000000E+01 0.83300000E-07 0.83300000E-07 0.83300000E-07
 0.3003989890173E+08 0.1935000000000E+03
00037           0.10000000E+01 0.83300000E-07 0.83300000E-07 0.83300000E-07
 0.3004067571075E+08 0.1935000000000E+03
00038           0.10000000E+01 0.83300000E-07 0.83300000E-07 0.83300000E-07
 0.3003828228360E+08 0.1935000000000E+03
00039           0.10000000E+01 0.83300000E-07 0.83300000E-07 0.83300000E-07
 0.3004132333626E+08 0.1935000000000E+03
00040           0.10000000E+01 0.83300000E-07 0.83300000E-07 0.83300000E-07
 0.3004125027503E+08 0.1935000000000E+03
00041           0.10000000E+01 0.83300000E-07 0.83300000E-07 0.83300000E-07
 0.3003950016283E+08 0.1935000000000E+03
00042           0.10000000E+01 0.83300000E-07 0.83300000E-07 0.83300000E-07
 0.3004031309818E+08 0.1935000000000E+03
00043           0.10000000E+01 0.83300000E-07 0.83300000E-07 0.83300000E-07
 0.3003798281635E+08 0.1935000000000E+03
00044           0.10000000E+01 0.83300000E-07 0.83300000E-07 0.83300000E-07
 0.3004117775371E+08 0.1935000000000E+03
00045           0.10000000E+01 0.83300000E-07 0.83300000E-07 0.83300000E-07
 0.3004025699646E+08 0.1935000000000E+03
00046           0.10000000E+01 0.83300000E-07 0.83300000E-07 0.83300000E-07
 0.3003654949956E+08 0.1935000000000E+03
00047           0.10000000E+01 0.83300000E-07 0.83300000E-07 0.83300000E-07
 0.3003653405439E+08 0.1935000000000E+03
00048           0.10000000E+01 0.83300000E-07 0.83300000E-07 0.83300000E-07
 0.3003858243129E+08 0.1935000000000E+03
00049           0.10000000E+01 0.83300000E-07 0.83300000E-07 0.83300000E-07
 0.3003716859956E+08 0.1935000000000E+03
00050           0.10000000E+01 0.83300000E-07 0.83300000E-07 0.83300000E-07
 0.3003669182824E+08 0.1935000000000E+03
00051           0.10000000E+01 0.83300000E-07 0.83300000E-07 0.83300000E-07
 0.3004181016580E+08 0.1935000000000E+03
00052           0.10000000E+01 0.83300000E-07 0.83300000E-07 0.83300000E-07
 0.3004179788600E+08 0.1935000000000E+03
00053           0.10000000E+01 0.83300000E-07 0.83300000E-07 0.83300000E-07
 0.3004119018415E+08 0.1935000000000E+03
00054           0.10000000E+01 0.83300000E-07 0.83300000E-07 0.83300000E-07
 0.3003926979176E+08 0.1935000000000E+03
00055           0.10000000E+01 0.83300000E-07 0.83300000E-07 0.83300000E-07
 0.3003814125472E+08 0.1935000000000E+03
00056           0.10000000E+01 0.83300000E-07 0.83300000E-07 0.83300000E-07
 0.3004076384901E+08 0.1935000000000E+03
00057           0.10000000E+01 0.83300000E-07 0.83300000E-07 0.83300000E-07
 0.3004167005778E+08 0.1935000000000E+03
00058           0.10000000E+01 0.83300000E-07 0.83300000E-07 0.83300000E-07
 0.3003979127535E+08 0.1935000000000E+03
00059           0.10000000E+01 0.83300000E-07 0.83300000E-07 0.83300000E-07
 0.3004249959649E+08 0.1935000000000E+03
00060           0.10000000E+01 0.83300000E-07 0.83300000E-07 0.83300000E-07
 0.3003707978256E+08 0.1935000000000E+03
00061           0.10000000E+01 0.83300000E-07 0.83300000E-07 0.83300000E-07
 0.3003638514709E+08 0.1935000000000E+03
00062           0.10000000E+01 0.83300000E-07 0.83300000E-07 0.83300000E-07
 0.3004203894858E+08 0.1935000000000E+03
00063           0.10000000E+01 0.83300000E-07 0.83300000E-07 0.83300000E-07
 0.3004024663171E+08 0.1935000000000E+03
00064           0.10000000E+01 0.83300000E-07 0.83300000E-07 0.83300000E-07
 0.3003879426704E+08 0.1935000000000E+03
00065           0.10000000E+01 0.83300000E-07 0.83300000E-07 0.83300000E-07
 0.3004259823609E+08 0.1935000000000E+03
00066           0.10000000E+01 0.83300000E-07 0.83300000E-07 0.83300000E-07
 0.3004128566700E+08 0.1935000000000E+03
00067           0.10000000E+01 0.83300000E-07 0.83300000E-07 0.83300000E-07
 0.3004342672319E+08 0.1935000000000E+03
00068           0.10000000E+01 0.83300000E-07 0.83300000E-07 0.83300000E-07
 0.3003774855323E+08 0.1935000000000E+03
00069           0.10000000E+01 0.83300000E-07 0.83300000E-07 0.83300000E-07
 0.3004323501072E+08 0.1935000000000E+03
00070           0.10000000E+01 0.83300000E-07 0.83300000E-07 0.83300000E-07
 0.3004253340723E+08 0.1935000000000E+03
00071           0.10000000E+01 0.83300000E-07 0.83300000E-07 0.83300000E-07
 0.3004137835939E+08 0.1935000000000E+03
00072           0.10000000E+01 0.83300000E-07 0.83300000E-07 0.83300000E-07
 0.3003633303838E+08 0.1935000000000E+03
00073           0.10000000E+01 0.83300000E-07 0.83300000E-07 0.83300000E-07
 0.3004015492247E+08 0.1935000000000E+03
00074           0.10000000E+01 0.83300000E-07 0.83300000E-07 0.83300000E-07
 0.3004239982519E+08 0.1935000000000E+03
00075           0.10000000E+01 0.83300000E-07 0.83300000E-07 0.83300000E-07
 0.3003604056979E+08 0.1935000000000E+03
00076           0.10000000E+01 0.83300000E-07 0.83300000E-07 0.83300000E-07
 0.3003926329343E+08 0.1935000000000E+03
00077           0.10000000E+01 0.83300000E-07 0.83300000E-07 0.83300000E-07
 0.3004046199572E+08 0.1935000000000E+03
00078           0.10000000E+01 0.83300000E-07 0.83300000E-07 0.83300000E-07
 0.3003821861229E+08 0.1935000000000E+03
00079           0.10000000E+01 0.83300000E-07 0.83300000E-07 0.83300000E-07
 0.3004376392428E+08 0.1935000000000E+03
00080           0.10000000E+01 0.83300000E-07 0.83300000E-07 0.83300000E-07
 0.3003910665026E+08 0.1935000000000E+03
00081           0.10000000E+01 0.83300000E-07 0.83300000E-07 0.83300000E-07
 0.3003690670048E+08 0.1935000000000E+03
00082           0.10000000E+01 0.83300000E-07 0.83300000E-07 0.83300000E-07
 0.3003603530323E+08 0.1935000000000E+03
00083           0.10000000E+01 0.83300000E-07 0.83300000E-07 0.83300000E-07
 0.3003595208245E+08 0.1935000000000E+03
00084           0.10000000E+01 0.83300000E-07 0.83300000E-07 0.83300000E-07
 0.3004474474848E+08 0.1935000000000E+03
00085           0.10000000E+01 0.83300000E-07 0.83300000E-07 0.83300000E-07
 0.3003724884641E+08 0.1935000000000E+03
00086           0.10000000E+01 0.83300000E-07 0.83300000E-07 0.83300000E-07
 0.3004363855792E+08 0.1935000000000E+03
00087           0.10000000E+01 0.83300000E-07 0.83300000E-07 0.83300000E-07
 0.3004174942746E+08 0.1935000000000E+03
00088           0.10000000E+01 0.83300000E-07 0.83300000E-07 0.83300000E-07
 0.3003626971385E+08 0.1935000000000E+03
00089           0.10000000E+01 0.83300000E-07 0.83300000E-07 0.83300000E-07
 0.3004501799149E+08 0.1935000000000E+03
00090           0.10000000E+01 0.83300000E-07 0.83300000E-07 0.83300000E-07
 0.3004055824488E+08 0.1935000000000E+03
00091           0.10000000E+01 0.83300000E-07 0.83300000E-07 0.83300000E-07
 0.3003794682186E+08 0.1935000000000E+03
00092           0.10000000E+01 0.83300000E-07 0.83300000E-07 0.83300000E-07
 0.3004296220712E+08 0.1935000000000E+03
00093           0.10000000E+01 0.83300000E-07 0.83300000E-07 0.83300000E-07
 0.3003994217097E+08 0.1935000000000E+03
00094           0.10000000E+01 0.83300000E-07 0.83300000E-07 0.83300000E-07
 0.3004282531739E+08 0.1935000000000E+03
00095           0.10000000E+01 0.83300000E-07 0.83300000E-07 0.83300000E-07
 0.3004572412785E+08 0.1935000000000E+03
00096           0.10000000E+01 0.83300000E-07 0.83300000E-07 0.83300000E-07
 0.3004080553518E+08 0.1935000000000E+03
00097           0.10000000E+01 0.83300000E-07 0.83300000E-07 0.83300000E-07
 0.3004174928797E+08 0.1935000000000E+03
00098           0.10000000E+01 0.83300000E-07 0.83300000E-07 0.83300000E-07
 0.3004781794819E+08 0.1935000000000E+03
00099           0.10000000E+01 0.83300000E-07 0.83300000E-07 0.83300000E-07
 0.3004494433237E+08 0.1935000000000E+03
001 0           0.10000000E+01 0.83300000E-07 0.83300000E-07 0.83300000E-07
 0.3003915389560E+08 0.1935000000000E+03
001 1           0.10000000E+01 0.83300000E-07 0.83300000E-07 0.83300000E-07
 0.3004657937343E+08 0.1935000000000E+03
001 2           0.10000000E+01 0.83300000E-07 0.83300000E-07 0.83300000E-07
 0.3003929480873E+08 0.1935000000000E+03
001 3           0.10000000E+01 0.83300000E-07 0.83300000E-07 0.83300000E-07
 0.3003842601612E+08 0.1935000000000E+03
001 4           0.10000000E+01 0.83300000E-07 0.83300000E-07 0.83300000E-07
 0.3003830972053E+08 0.1935000000000E+03
001 5           0.10000000E+01 0.83300000E-07 0.83300000E-07 0.83300000E-07
 0.3004466207886E+08 0.1935000000000E+03
001 6           0.10000000E+01 0.83300000E-07 0.83300000E-07 0.83300000E-07
 0.3004960575347E+08 0.1935000000000E+03
001 7           0.10000000E+01 0.83300000E-07 0.83300000E-07 0.83300000E-07
 0.3003589027347E+08 0.1935000000000E+03
001 8           0.10000000E+01 0.83300000E-07 0.83300000E-07 0.83300000E-07
 0.3004793173587E+08 0.1935000000000E+03
001 9           0.10000000E+01 0.83300000E-07 0.83300000E-07 0.83300000E-07
 0.3004937118431E+08 0.1935000000000E+03
00110           0.10000000E+01 0.83300000E-07 0.83300000E-07 0.83300000E-07
 0.3004025084015E+08 0.1935000000000E+03
00111           0.10000000E+01 0.83300000E-07 0.83300000E-07 0.83300000E-07
 0.3004158905003E+08 0.1935000000000E+03
00112           0.10000000E+01 0.83300000E-07 0.83300000E-07 0.83300000E-07
 0.3004665192534E+08 0.1935000000000E+03
00113           0.10000000E+01 0.83300000E-07 0.83300000E-07 0.83300000E-07
 0.3004567820003E+08 0.1935000000000E+03
00114           0.10000000E+01 0.83300000E-07 0.83300000E-07 0.83300000E-07
 0.3004307859373E+08 0.1935000000000E+03
00115           0.10000000E+01 0.83300000E-07 0.83300000E-07 0.83300000E-07
 0.3003987520554E+08 0.1935000000000E+03
00116           0.10000000E+01 0.83300000E-07 0.83300000E-07 0.83300000E-07
 0.3003730446072E+08 0.1935000000000E+03
00117           0.10000000E+01 0.83300000E-07 0.83300000E-07 0.83300000E-07
 0.3003618433948E+08 0.1935000000000E+03
00118           0.10000000E+01 0.83300000E-07 0.83300000E-07 0.83300000E-07
 0.3004263252284E+08 0.1935000000000E+03
00119           0.10000000E+01 0.83300000E-07 0.83300000E-07 0.83300000E-07
 0.3003536676879E+08 0.1935000000000E+03
00120           0.10000000E+01 0.83300000E-07 0.83300000E-07 0.83300000E-07
 0.3005038715767E+08 0.1935000000000E+03
00121           0.10000000E+01 0.83300000E-07 0.83300000E-07 0.83300000E-07
 0.3005747514890E+08 0.1935000000000E+03
00122           0.10000000E+01 0.83300000E-07 0.83300000E-07 0.83300000E-07
 0.3004998713774E+08 0.1935000000000E+03
00123           0.10000000E+01 0.83300000E-07 0.83300000E-07 0.83300000E-07
 0.3003537494500E+08 0.1935000000000E+03
00124           0.10000000E+01 0.83300000E-07 0.83300000E-07 0.83300000E-07
 0.3003665482452E+08 0.1935000000000E+03
00125           0.10000000E+01 0.83300000E-07 0.83300000E-07 0.83300000E-07
 0.3004720485680E+08 0.1935000000000E+03
00126           0.10000000E+01 0.83300000E-07 0.83300000E-07 0.83300000E-07
 0.3004537665877E+08 0.1935000000000E+03
00127           0.10000000E+01 0.83300000E-07 0.83300000E-07 0.83300000E-07
 0.3005187705471E+08 0.1935000000000E+03
00128           0.10000000E+01 0.83300000E-07 0.83300000E-07 0.83300000E-07
 0.3003746299408E+08 0.1935000000000E+03
00129           0.10000000E+01 0.83300000E-07 0.83300000E-07 0.83300000E-07
 0.3004075003130E+08 0.1935000000000E+03
00130           0.10000000E+01 0.83300000E-07 0.83300000E-07 0.83300000E-07
 0.3004727424607E+08 0.1935000000000E+03
00131           0.10000000E+01 0.83300000E-07 0.83300000E-07 0.83300000E-07
 0.3004423564468E+08 0.1935000000000E+03
00132           0.10000000E+01 0.83300000E-07 0.83300000E-07 0.83300000E-07
 0.3003644617572E+08 0.1935000000000E+03
00133           0.10000000E+01 0.83300000E-07 0.83300000E-07 0.83300000E-07
 0.3004749001763E+08 0.1935000000000E+03
00134           0.10000000E+01 0.83300000E-07 0.83300000E-07 0.83300000E-07
 0.3003999844171E+08 0.1935000000000E+03
00135           0.10000000E+01 0.83300000E-07 0.83300000E-07 0.83300000E-07
 0.3003843604529E+08 0.1935000000000E+03
00136           0.10000000E+01 0.83300000E-07 0.83300000E-07 0.83300000E-07
 0.3004535060200E+08 0.1935000000000E+03
00137           0.10000000E+01 0.83300000E-07 0.83300000E-07 0.83300000E-07
 0.3004145501268E+08 0.1935000000000E+03
00138           0.10000000E+01 0.83300000E-07 0.83300000E-07 0.83300000E-07
 0.3003911732798E+08 0.1935000000000E+03
00139           0.10000000E+01 0.83300000E-07 0.83300000E-07 0.83300000E-07
 0.3004449214481E+08 0.1935000000000E+03
00140           0.10000000E+01 0.83300000E-07 0.83300000E-07 0.83300000E-07
 0.3004600634760E+08 0.1935000000000E+03
00141           0.10000000E+01 0.83300000E-07 0.83300000E-07 0.83300000E-07
 0.3003518464723E+08 0.1935000000000E+03
00142           0.10000000E+01 0.83300000E-07 0.83300000E-07 0.83300000E-07
 0.3003561547127E+08 0.1935000000000E+03
00143           0.10000000E+01 0.83300000E-07 0.83300000E-07 0.83300000E-07
 0.3004115181554E+08 0.1935000000000E+03
00144           0.10000000E+01 0.83300000E-07 0.83300000E-07 0.83300000E-07
 0.3004262542507E+08 0.1935000000000E+03
00145           0.10000000E+01 0.83300000E-07 0.83300000E-07 0.83300000E-07
 0.3003780844004E+08 0.1935000000000E+03
00146           0.10000000E+01 0.83300000E-07 0.83300000E-07 0.83300000E-07
 0.3004476598809E+08 0.1935000000000E+03
00147           0.10000000E+01 0.83300000E-07 0.83300000E-07 0.83300000E-07
 0.3004247818984E+08 0.1935000000000E+03
00148           0.10000000E+01 0.83300000E-07 0.83300000E-07 0.83300000E-07
 0.3003714472455E+08 0.1935000000000E+03
00149           0.10000000E+01 0.83300000E-07 0.83300000E-07 0.83300000E-07
 0.3003990188564E+08 0.1935000000000E+03
00150           0.10000000E+01 0.83300000E-07 0.83300000E-07 0.83300000E-07
 0.3003874951257E+08 0.1935000000000E+03
00151           0.10000000E+01 0.83300000E-07 0.83300000E-07 0.83300000E-07
 0.3003940496084E+08 0.1935000000000E+03
00152           0.10000000E+01 0.83300000E-07 0.83300000E-07 0.83300000E-07
 0.3004281674705E+08 0.1935000000000E+03
00153           0.10000000E+01 0.83300000E-07 0.83300000E-07 0.83300000E-07
 0.3003478040927E+08 0.1935000000000E+03
00154           0.10000000E+01 0.83300000E-07 0.83300000E-07 0.83300000E-07
 0.3004195861274E+08 0.1935000000000E+03
00155           0.10000000E+01 0.83300000E-07 0.83300000E-07 0.83300000E-07
 0.3003641120285E+08 0.1935000000000E+03
00156           0.10000000E+01 0.83300000E-07 0.83300000E-07 0.83300000E-07
 0.3004027965902E+08 0.1935000000000E+03
00157           0.10000000E+01 0.83300000E-07 0.83300000E-07 0.83300000E-07
 0.3004189001005E+08 0.1935000000000E+03
00158           0.10000000E+01 0.83300000E-07 0.83300000E-07 0.83300000E-07
 0.3003601682428E+08 0.1935000000000E+03
00159           0.10000000E+01 0.83300000E-07 0.83300000E-07 0.83300000E-07
 0.3004127807208E+08 0.1935000000000E+03
00160           0.10000000E+01 0.83300000E-07 0.83300000E-07 0.83300000E-07
 0.3004011698568E+08 0.1935000000000E+03
00161           0.10000000E+01 0.83300000E-07 0.83300000E-07 0.83300000E-07
 0.3003757463087E+08 0.1935000000000E+03
00162           0.10000000E+01 0.83300000E-07 0.83300000E-07 0.83300000E-07
 0.3003792347187E+08 0.1935000000000E+03
00163           0.10000000E+01 0.83300000E-07 0.83300000E-07 0.83300000E-07
 0.3003477513237E+08 0.1935000000000E+03
00164           0.10000000E+01 0.83300000E-07 0.83300000E-07 0.83300000E-07
 0.3003519336038E+08 0.1935000000000E+03
00165           0.10000000E+01 0.83300000E-07 0.83300000E-07 0.83300000E-07
 0.3003547255725E+08 0.1935000000000E+03
00166           0.10000000E+01 0.83300000E-07 0.83300000E-07 0.83300000E-07
 0.3003666636195E+08 0.1935000000000E+03
00167           0.10000000E+01 0.83300000E-07 0.83300000E-07 0.83300000E-07
 0.3004057622213E+08 0.1935000000000E+03
00168           0.10000000E+01 0.83300000E-07 0.83300000E-07 0.83300000E-07
 0.3003823627623E+08 0.1935000000000E+03
00169           0.10000000E+01 0.83300000E-07 0.83300000E-07 0.83300000E-07
 0.3003988216754E+08 0.1935000000000E+03
00170           0.10000000E+01 0.83300000E-07 0.83300000E-07 0.83300000E-07
 0.3003945391044E+08 0.1935000000000E+03
00171           0.10000000E+01 0.83300000E-07 0.83300000E-07 0.83300000E-07
 0.3003842241667E+08 0.1935000000000E+03
00172           0.10000000E+01 0.83300000E-07 0.83300000E-07 0.83300000E-07
 0.3003861589423E+08 0.1935000000000E+03
00173           0.10000000E+01 0.83300000E-07 0.83300000E-07 0.83300000E-07
 0.3003575354875E+08 0.1935000000000E+03
00174           0.10000000E+01 0.83300000E-07 0.83300000E-07 0.83300000E-07
 0.3003428609593E+08 0.1935000000000E+03
00175           0.10000000E+01 0.83300000E-07 0.83300000E-07 0.83300000E-07
 0.3003629459429E+08 0.1935000000000E+03
00176           0.10000000E+01 0.83300000E-07 0.83300000E-07 0.83300000E-07
 0.3003895601442E+08 0.1935000000000E+03
00177           0.10000000E+01 0.83300000E-07 0.83300000E-07 0.83300000E-07
 0.3003699136414E+08 0.1935000000000E+03
00178           0.10000000E+01 0.83300000E-07 0.83300000E-07 0.83300000E-07
 0.3003870202005E+08 0.1935000000000E+03
00179           0.10000000E+01 0.83300000E-07 0.83300000E-07 0.83300000E-07
 0.3003396665816E+08 0.1935000000000E+03
00180           0.10000000E+01 0.83300000E-07 0.83300000E-07 0.83300000E-07
 0.3003715530213E+08 0.1935000000000E+03
00181           0.10000000E+01 0.83300000E-07 0.83300000E-07 0.83300000E-07
 0.3003808639039E+08 0.1935000000000E+03
00182           0.10000000E+01 0.83300000E-07 0.83300000E-07 0.83300000E-07
 0.3003622280015E+08 0.1935000000000E+03
00183           0.10000000E+01 0.83300000E-07 0.83300000E-07 0.83300000E-07
 0.3003785131056E+08 0.1935000000000E+03
00184           0.10000000E+01 0.83300000E-07 0.83300000E-07 0.83300000E-07
 0.3003439450524E+08 0.1935000000000E+03
00185           0.10000000E+01 0.83300000E-07 0.83300000E-07 0.83300000E-07
 0.3003518917703E+08 0.1935000000000E+03
00186           0.10000000E+01 0.83300000E-07 0.83300000E-07 0.83300000E-07
 0.3003680936411E+08 0.1935000000000E+03
00187           0.10000000E+01 0.83300000E-07 0.83300000E-07 0.83300000E-07
 0.3003688760156E+08 0.1935000000000E+03
00188           0.10000000E+01 0.83300000E-07 0.83300000E-07 0.83300000E-07
 0.3003353123394E+08 0.1935000000000E+03
00189           0.10000000E+01 0.83300000E-07 0.83300000E-07 0.83300000E-07
 0.3003353302574E+08 0.1935000000000E+03
00190           0.10000000E+01 0.83300000E-07 0.83300000E-07 0.83300000E-07
 0.3003436621782E+08 0.1935000000000E+03
00191           0.10000000E+01 0.83300000E-07 0.83300000E-07 0.83300000E-07
 0.3003712522444E+08 0.1935000000000E+03
00192           0.10000000E+01 0.83300000E-07 0.83300000E-07 0.83300000E-07
 0.3003485726186E+08 0.1935000000000E+03
00193           0.10000000E+01 0.83300000E-07 0.83300000E-07 0.83300000E-07
 0.3003668836303E+08 0.1935000000000E+03
00194           0.10000000E+01 0.83300000E-07 0.83300000E-07 0.83300000E-07
 0.3003639720285E+08 0.1935000000000E+03
00195           0.10000000E+01 0.83300000E-07 0.83300000E-07 0.83300000E-07
 0.3003580840020E+08 0.1935000000000E+03
00196           0.10000000E+01 0.83300000E-07 0.83300000E-07 0.83300000E-07
 0.3003537195804E+08 0.1935000000000E+03
00197           0.10000000E+01 0.83300000E-07 0.83300000E-07 0.83300000E-07
 0.3003366333080E+08 0.1935000000000E+03
00198           0.10000000E+01 0.83300000E-07 0.83300000E-07 0.83300000E-07
 0.3003502716345E+08 0.1935000000000E+03
00199           0.10000000E+01 0.83300000E-07 0.83300000E-07 0.83300000E-07
 0.3003408785299E+08 0.1935000000000E+03
002 0           0.10000000E+01 0.83300000E-07 0.83300000E-07 0.83300000E-07
 0.3003326066472E+08 0.1935000000000E+03
002 1           0.10000000E+01 0.83300000E-07 0.83300000E-07 0.83300000E-07
 0.3003323960216E+08 0.1935000000000E+03
002 2           0.10000000E+01 0.83300000E-07 0.83300000E-07 0.83300000E-07
 0.3003516008042E+08 0.1935000000000E+03
002 3           0.10000000E+01 0.83300000E-07 0.83300000E-07 0.83300000E-07
 0.3003531872032E+08 0.1935000000000E+03
002 4           0.10000000E+01 0.83300000E-07 0.83300000E-07 0.83300000E-07
 0.3003525770433E+08 0.1935000000000E+03
002 5           0.10000000E+01 0.83300000E-07 0.83300000E-07 0.83300000E-07
 0.3003284629084E+08 0.1935000000000E+03
002 6           0.10000000E+01 0.83300000E-07 0.83300000E-07 0.83300000E-07
 0.3003287437793E+08 0.1935000000000E+03
002 7           0.10000000E+01 0.83300000E-07 0.83300000E-07 0.83300000E-07
 0.3003413191469E+08 0.1935000000000E+03
002 8           0.10000000E+01 0.83300000E-07 0.83300000E-07 0.83300000E-07
 0.3003431904730E+08 0.1935000000000E+03
002 9           0.10000000E+01 0.83300000E-07 0.83300000E-07 0.83300000E-07
 0.3003346125341E+08 0.1935000000000E+03
00210           0.10000000E+01 0.83300000E-07 0.83300000E-07 0.83300000E-07
 0.3003269419430E+08 0.1935000000000E+03
00211           0.10000000E+01 0.83300000E-07 0.83300000E-07 0.83300000E-07
 0.3003366491468E+08 0.1935000000000E+03
00212           0.10000000E+01 0.83300000E-07 0.83300000E-07 0.83300000E-07
 0.3003384810662E+08 0.1935000000000E+03
00213           0.10000000E+01 0.83300000E-07 0.83300000E-07 0.83300000E-07
 0.3003389602374E+08 0.1935000000000E+03
00214           0.10000000E+01 0.83300000E-07 0.83300000E-07 0.83300000E-07
 0.3003396433190E+08 0.1935000000000E+03
00215           0.10000000E+01 0.83300000E-07 0.83300000E-07 0.83300000E-07
 0.3003263967463E+08 0.1935000000000E+03
00216           0.10000000E+01 0.83300000E-07 0.83300000E-07 0.83300000E-07
 0.3003366211579E+08 0.1935000000000E+03
00217           0.10000000E+01 0.83300000E-07 0.83300000E-07 0.83300000E-07
 0.3003259704919E+08 0.1935000000000E+03
00218           0.10000000E+01 0.83300000E-07 0.83300000E-07 0.83300000E-07
 0.3003267913160E+08 0.1935000000000E+03
00219           0.10000000E+01 0.83300000E-07 0.83300000E-07 0.83300000E-07
 0.3003215416245E+08 0.1935000000000E+03
00220           0.10000000E+01 0.83300000E-07 0.83300000E-07 0.83300000E-07
 0.3003213692830E+08 0.1935000000000E+03
00221           0.10000000E+01 0.83300000E-07 0.83300000E-07 0.83300000E-07
 0.3003287358651E+08 0.1935000000000E+03
00222           0.10000000E+01 0.83300000E-07 0.83300000E-07 0.83300000E-07
 0.3003275032782E+08 0.1935000000000E+03
00223           0.10000000E+01 0.83300000E-07 0.83300000E-07 0.83300000E-07
 0.3003271029297E+08 0.1935000000000E+03
00224           0.10000000E+01 0.83300000E-07 0.83300000E-07 0.83300000E-07
 0.3003194996754E+08 0.1935000000000E+03
00225           0.10000000E+01 0.83300000E-07 0.83300000E-07 0.83300000E-07
 0.3003187922644E+08 0.1935000000000E+03
00226           0.10000000E+01 0.83300000E-07 0.83300000E-07 0.83300000E-07
 0.3003201657034E+08 0.1935000000000E+03
00227           0.10000000E+01 0.83300000E-07 0.83300000E-07 0.83300000E-07
 0.3003233397615E+08 0.1935000000000E+03
00228           0.10000000E+01 0.83300000E-07 0.83300000E-07 0.83300000E-07
 0.3003210121660E+08 0.1935000000000E+03
00229           0.10000000E+01 0.83300000E-07 0.83300000E-07 0.83300000E-07
 0.3003188362355E+08 0.1935000000000E+03
00230           0.10000000E+01 0.83300000E-07 0.83300000E-07 0.83300000E-07
 0.3003161449745E+08 0.1935000000000E+03
00231           0.10000000E+01 0.83300000E-07 0.83300000E-07 0.83300000E-07
 0.3003157088401E+08 0.1935000000000E+03
00232           0.10000000E+01 0.83300000E-07 0.83300000E-07 0.83300000E-07
 0.3003132201440E+08 0.1935000000000E+03
00233           0.10000000E+01 0.83300000E-07 0.83300000E-07 0.83300000E-07
 0.3003126311156E+08 0.1935000000000E+03
00234           0.10000000E+01 0.83300000E-07 0.83300000E-07 0.83300000E-07
 0.3003125738874E+08 0.1935000000000E+03
00235           0.10000000E+01 0.83300000E-07 0.83300000E-07 0.83300000E-07
 0.3003110411979E+08 0.1935000000000E+03
00236           0.10000000E+01 0.83300000E-07 0.83300000E-07 0.83300000E-07
 0.3003099581277E+08 0.1935000000000E+03
00237           0.10000000E+01 0.83300000E-07 0.83300000E-07 0.83300000E-07
 0.3003094196897E+08 0.1935000000000E+03
00238           0.10000000E+01 0.83300000E-07 0.83300000E-07 0.83300000E-07
 0.3003072333823E+08 0.1935000000000E+03
00239           0.10000000E+01 0.83300000E-07 0.83300000E-07 0.83300000E-07
 0.3003069712115E+08 0.1935000000000E+03
00240           0.10000000E+01 0.83300000E-07 0.83300000E-07 0.83300000E-07
 0.3003081475928E+08 0.1935000000000E+03
00241           0.10000000E+01 0.83300000E-07 0.83300000E-07 0.83300000E-07
 0.3003074326585E+08 0.1935000000000E+03
00242           0.10000000E+01 0.83300000E-07 0.83300000E-07 0.83300000E-07
 0.3003042578946E+08 0.1935000000000E+03
00243           0.10000000E+01 0.83300000E-07 0.83300000E-07 0.83300000E-07
 0.3003072474441E+08 0.1935000000000E+03
00244           0.10000000E+01 0.83300000E-07 0.83300000E-07 0.83300000E-07
 0.3003024887687E+08 0.1935000000000E+03
00245           0.10000000E+01 0.83300000E-07 0.83300000E-07 0.83300000E-07
 0.3002983517589E+08 0.1935000000000E+03
00246           0.10000000E+01 0.83300000E-07 0.83300000E-07 0.83300000E-07
 0.3003030111631E+08 0.1935000000000E+03
00247           0.10000000E+01 0.83300000E-07 0.83300000E-07 0.83300000E-07
 0.3002909672529E+08 0.1935000000000E+03
00248           0.10000000E+01 0.83300000E-07 0.83300000E-07 0.83300000E-07
 0.3002920117696E+08 0.1935000000000E+03
00249           0.10000000E+01 0.83300000E-07 0.83300000E-07 0.83300000E-07
 0.3002923195346E+08 0.1935000000000E+03
00250           0.10000000E+01 0.83300000E-07 0.83300000E-07 0.83300000E-07
 0.3003030662014E+08 0.1935000000000E+03
00251           0.10000000E+01 0.83300000E-07 0.83300000E-07 0.83300000E-07
 0.3003032485874E+08 0.1935000000000E+03
00252           0.10000000E+01 0.83300000E-07 0.83300000E-07 0.83300000E-07
 0.3002965671924E+08 0.1935000000000E+03
00253           0.10000000E+01 0.83300000E-07 0.83300000E-07 0.83300000E-07
 0.3002951765870E+08 0.1935000000000E+03
00254           0.10000000E+01 0.83300000E-07 0.83300000E-07 0.83300000E-07
 0.3002954276682E+08 0.1935000000000E+03
00255           0.10000000E+01 0.83300000E-07 0.83300000E-07 0.83300000E-07
 0.3002827181152E+08 0.1935000000000E+03
00256           0.10000000E+01 0.83300000E-07 0.83300000E-07 0.83300000E-07
 0.3002885088889E+08 0.1935000000000E+03
00257           0.10000000E+01 0.83300000E-07 0.83300000E-07 0.83300000E-07
 0.3002866186022E+08 0.1935000000000E+03
00258           0.10000000E+01 0.83300000E-07 0.83300000E-07 0.83300000E-07
 0.3002745568060E+08 0.1935000000000E+03
00259           0.10000000E+01 0.83300000E-07 0.83300000E-07 0.83300000E-07
 0.3002764206843E+08 0.1935000000000E+03
00260           0.10000000E+01 0.83300000E-07 0.83300000E-07 0.83300000E-07
 0.3002925470534E+08 0.1935000000000E+03
00261           0.10000000E+01 0.83300000E-07 0.83300000E-07 0.83300000E-07
 0.3002894210776E+08 0.1935000000000E+03
00262           0.10000000E+01 0.83300000E-07 0.83300000E-07 0.83300000E-07
 0.3002950391779E+08 0.1935000000000E+03
00263           0.10000000E+01 0.83300000E-07 0.83300000E-07 0.83300000E-07
 0.3002962193225E+08 0.1935000000000E+03
00264           0.10000000E+01 0.83300000E-07 0.83300000E-07 0.83300000E-07
 0.3002958555276E+08 0.1935000000000E+03
00265           0.10000000E+01 0.83300000E-07 0.83300000E-07 0.83300000E-07
 0.3002751238130E+08 0.1935000000000E+03
00266           0.10000000E+01 0.83300000E-07 0.83300000E-07 0.83300000E-07
 0.3002927975025E+08 0.1935000000000E+03
00267           0.10000000E+01 0.83300000E-07 0.83300000E-07 0.83300000E-07
 0.3002777183678E+08 0.1935000000000E+03
00268           0.10000000E+01 0.83300000E-07 0.83300000E-07 0.83300000E-07
 0.3002834210014E+08 0.1935000000000E+03
00269           0.10000000E+01 0.83300000E-07 0.83300000E-07 0.83300000E-07
 0.3002789941091E+08 0.1935000000000E+03
00270           0.10000000E+01 0.83300000E-07 0.83300000E-07 0.83300000E-07
 0.3002647456853E+08 0.1935000000000E+03
00271           0.10000000E+01 0.83300000E-07 0.83300000E-07 0.83300000E-07
 0.3002628273123E+08 0.1935000000000E+03
00272           0.10000000E+01 0.83300000E-07 0.83300000E-07 0.83300000E-07
 0.3002695630757E+08 0.1935000000000E+03
00273           0.10000000E+01 0.83300000E-07 0.83300000E-07 0.83300000E-07
 0.3002597802407E+08 0.1935000000000E+03
00274           0.10000000E+01 0.83300000E-07 0.83300000E-07 0.83300000E-07
 0.3002829982432E+08 0.1935000000000E+03
00275           0.10000000E+01 0.83300000E-07 0.83300000E-07 0.83300000E-07
 0.3002584292272E+08 0.1935000000000E+03
00276           0.10000000E+01 0.83300000E-07 0.83300000E-07 0.83300000E-07
 0.3002886845841E+08 0.1935000000000E+03
00277           0.10000000E+01 0.83300000E-07 0.83300000E-07 0.83300000E-07
 0.3002899968213E+08 0.1935000000000E+03
00278           0.10000000E+01 0.83300000E-07 0.83300000E-07 0.83300000E-07
 0.3002898000771E+08 0.1935000000000E+03
00279           0.10000000E+01 0.83300000E-07 0.83300000E-07 0.83300000E-07
 0.3002660553358E+08 0.1935000000000E+03
00280           0.10000000E+01 0.83300000E-07 0.83300000E-07 0.83300000E-07
 0.3002706364230E+08 0.1935000000000E+03
00281           0.10000000E+01 0.83300000E-07 0.83300000E-07 0.83300000E-07
 0.3002548212038E+08 0.1935000000000E+03
00282           0.10000000E+01 0.83300000E-07 0.83300000E-07 0.83300000E-07
 0.3002489215471E+08 0.1935000000000E+03
00283           0.10000000E+01 0.83300000E-07 0.83300000E-07 0.83300000E-07
 0.3002730980123E+08 0.1935000000000E+03
00284           0.10000000E+01 0.83300000E-07 0.83300000E-07 0.83300000E-07
 0.3002834136741E+08 0.1935000000000E+03
00285           0.10000000E+01 0.83300000E-07 0.83300000E-07 0.83300000E-07
 0.3002448897832E+08 0.1935000000000E+03
00286           0.10000000E+01 0.83300000E-07 0.83300000E-07 0.83300000E-07
 0.3002783648159E+08 0.1935000000000E+03
00287           0.10000000E+01 0.83300000E-07 0.83300000E-07 0.83300000E-07
 0.3002552592373E+08 0.1935000000000E+03
00288           0.10000000E+01 0.83300000E-07 0.83300000E-07 0.83300000E-07
 0.3002628572206E+08 0.1935000000000E+03
00289           0.10000000E+01 0.83300000E-07 0.83300000E-07 0.83300000E-07
 0.3002536388778E+08 0.1935000000000E+03
00290           0.10000000E+01 0.83300000E-07 0.83300000E-07 0.83300000E-07
 0.3002416820142E+08 0.1935000000000E+03
00291           0.10000000E+01 0.83300000E-07 0.83300000E-07 0.83300000E-07
 0.3002691853192E+08 0.1935000000000E+03
00292           0.10000000E+01 0.83300000E-07 0.83300000E-07 0.83300000E-07
 0.3002383262485E+08 0.1935000000000E+03
00293           0.10000000E+01 0.83300000E-07 0.83300000E-07 0.83300000E-07
 0.3002298234234E+08 0.1935000000000E+03
00294           0.10000000E+01 0.83300000E-07 0.83300000E-07 0.83300000E-07
 0.3002376359697E+08 0.1935000000000E+03
00295           0.10000000E+01 0.83300000E-07 0.83300000E-07 0.83300000E-07
 0.3002430267073E+08 0.1935000000000E+03
00296           0.10000000E+01 0.83300000E-07 0.83300000E-07 0.83300000E-07
 0.3002569917181E+08 0.1935000000000E+03
00297           0.10000000E+01 0.83300000E-07 0.83300000E-07 0.83300000E-07
 0.3002780082845E+08 0.1935000000000E+03
00298           0.10000000E+01 0.83300000E-07 0.83300000E-07 0.83300000E-07
 0.3002346599427E+08 0.1935000000000E+03
00299           0.10000000E+01 0.83300000E-07 0.83300000E-07 0.83300000E-07
 0.3002719169138E+08 0.1935000000000E+03
003 0           0.10000000E+01 0.83300000E-07 0.83300000E-07 0.83300000E-07
 0.3002480362266E+08 0.1935000000000E+03
003 1           0.10000000E+01 0.83300000E-07 0.83300000E-07 0.83300000E-07
 0.3002801599676E+08 0.1935000000000E+03
003 2           0.10000000E+01 0.83300000E-07 0.83300000E-07 0.83300000E-07
 0.3002215895529E+08 0.1935000000000E+03
003 3           0.10000000E+01 0.83300000E-07 0.83300000E-07 0.83300000E-07
 0.3002593181779E+08 0.1935000000000E+03
003 4           0.10000000E+01 0.83300000E-07 0.83300000E-07 0.83300000E-07
 0.3002205192732E+08 0.1935000000000E+03
003 5           0.10000000E+01 0.83300000E-07 0.83300000E-07 0.83300000E-07
 0.3002345604483E+08 0.1935000000000E+03
003 6           0.10000000E+01 0.83300000E-07 0.83300000E-07 0.83300000E-07
 0.3002439033809E+08 0.1935000000000E+03
003 7           0.10000000E+01 0.83300000E-07 0.83300000E-07 0.83300000E-07
 0.3002185346082E+08 0.1935000000000E+03
003 8           0.10000000E+01 0.83300000E-07 0.83300000E-07 0.83300000E-07
 0.3002642530140E+08 0.1935000000000E+03
003 9           0.10000000E+01 0.83300000E-07 0.83300000E-07 0.83300000E-07
 0.3002797266829E+08 0.1935000000000E+03
00310           0.10000000E+01 0.83300000E-07 0.83300000E-07 0.83300000E-07
 0.3002791386125E+08 0.1935000000000E+03
00311           0.10000000E+01 0.83300000E-07 0.83300000E-07 0.83300000E-07
 0.3002317934727E+08 0.1935000000000E+03
00312           0.10000000E+01 0.83300000E-07 0.83300000E-07 0.83300000E-07
 0.3002076447731E+08 0.1935000000000E+03
00313           0.10000000E+01 0.83300000E-07 0.83300000E-07 0.83300000E-07
 0.3002196547369E+08 0.1935000000000E+03
00314           0.10000000E+01 0.83300000E-07 0.83300000E-07 0.83300000E-07
 0.3002181537890E+08 0.1935000000000E+03
00315           0.10000000E+01 0.83300000E-07 0.83300000E-07 0.83300000E-07
 0.3002019639294E+08 0.1935000000000E+03
00316           0.10000000E+01 0.83300000E-07 0.83300000E-07 0.83300000E-07
 0.3002477009477E+08 0.1935000000000E+03
00317           0.10000000E+01 0.83300000E-07 0.83300000E-07 0.83300000E-07
 0.3002624091949E+08 0.1935000000000E+03
00318           0.10000000E+01 0.83300000E-07 0.83300000E-07 0.83300000E-07
 0.3002363923798E+08 0.1935000000000E+03
00319           0.10000000E+01 0.83300000E-07 0.83300000E-07 0.83300000E-07
 0.3002684490620E+08 0.1935000000000E+03
00320           0.10000000E+01 0.83300000E-07 0.83300000E-07 0.83300000E-07
 0.3002543128484E+08 0.1935000000000E+03
00321           0.10000000E+01 0.83300000E-07 0.83300000E-07 0.83300000E-07
 0.3001935027290E+08 0.1935000000000E+03
00322           0.10000000E+01 0.83300000E-07 0.83300000E-07 0.83300000E-07
 0.3002465830179E+08 0.1935000000000E+03
00323           0.10000000E+01 0.83300000E-07 0.83300000E-07 0.83300000E-07
 0.3001994373289E+08 0.1935000000000E+03
00324           0.10000000E+01 0.83300000E-07 0.83300000E-07 0.83300000E-07
 0.3002737258075E+08 0.1935000000000E+03
00325           0.10000000E+01 0.83300000E-07 0.83300000E-07 0.83300000E-07
 0.3002754485491E+08 0.1935000000000E+03
00326           0.10000000E+01 0.83300000E-07 0.83300000E-07 0.83300000E-07
 0.3002173844949E+08 0.1935000000000E+03
00327           0.10000000E+01 0.83300000E-07 0.83300000E-07 0.83300000E-07
 0.3002291897351E+08 0.1935000000000E+03
00328           0.10000000E+01 0.83300000E-07 0.83300000E-07 0.83300000E-07
 0.3002046544049E+08 0.1935000000000E+03
00329           0.10000000E+01 0.83300000E-07 0.83300000E-07 0.83300000E-07
 0.3001829287985E+08 0.1935000000000E+03
00330           0.10000000E+01 0.83300000E-07 0.83300000E-07 0.83300000E-07
 0.3002194230801E+08 0.1935000000000E+03
00331           0.10000000E+01 0.83300000E-07 0.83300000E-07 0.83300000E-07
 0.3001872999005E+08 0.1935000000000E+03
00332           0.10000000E+01 0.83300000E-07 0.83300000E-07 0.83300000E-07
 0.3002375470020E+08 0.1935000000000E+03
00333           0.10000000E+01 0.83300000E-07 0.83300000E-07 0.83300000E-07
 0.3001686107087E+08 0.1935000000000E+03
00334           0.10000000E+01 0.83300000E-07 0.83300000E-07 0.83300000E-07
 0.3002640989691E+08 0.1935000000000E+03
00335           0.10000000E+01 0.83300000E-07 0.83300000E-07 0.83300000E-07
 0.3001683336473E+08 0.1935000000000E+03
00336           0.10000000E+01 0.83300000E-07 0.83300000E-07 0.83300000E-07
 0.3002033902265E+08 0.1935000000000E+03
00337           0.10000000E+01 0.83300000E-07 0.83300000E-07 0.83300000E-07
 0.3002315215177E+08 0.1935000000000E+03
00338           0.10000000E+01 0.83300000E-07 0.83300000E-07 0.83300000E-07
 0.3001875526347E+08 0.1935000000000E+03
00339           0.10000000E+01 0.83300000E-07 0.83300000E-07 0.83300000E-07
 0.3002692952829E+08 0.1935000000000E+03
00340           0.10000000E+01 0.83300000E-07 0.83300000E-07 0.83300000E-07
 0.3001703471695E+08 0.1935000000000E+03
00341           0.10000000E+01 0.83300000E-07 0.83300000E-07 0.83300000E-07
 0.3001529472035E+08 0.1935000000000E+03
00342           0.10000000E+01 0.83300000E-07 0.83300000E-07 0.83300000E-07
 0.3002031576700E+08 0.1935000000000E+03
00343           0.10000000E+01 0.83300000E-07 0.83300000E-07 0.83300000E-07
 0.3002483847969E+08 0.1935000000000E+03
00344           0.10000000E+01 0.83300000E-07 0.83300000E-07 0.83300000E-07
 0.3002179078820E+08 0.1935000000000E+03
00345           0.10000000E+01 0.83300000E-07 0.83300000E-07 0.83300000E-07
 0.3001817389345E+08 0.1935000000000E+03
00346           0.10000000E+01 0.83300000E-07 0.83300000E-07 0.83300000E-07
 0.3002380543544E+08 0.1935000000000E+03
00347           0.10000000E+01 0.83300000E-07 0.83300000E-07 0.83300000E-07
 0.3001574936945E+08 0.1935000000000E+03
00348           0.10000000E+01 0.83300000E-07 0.83300000E-07 0.83300000E-07
 0.3001327549976E+08 0.1935000000000E+03
00349           0.10000000E+01 0.83300000E-07 0.83300000E-07 0.83300000E-07
 0.3001800423858E+08 0.1935000000000E+03
00350           0.10000000E+01 0.83300000E-07 0.83300000E-07 0.83300000E-07
 0.3002526036069E+08 0.1935000000000E+03
00351           0.10000000E+01 0.83300000E-07 0.83300000E-07 0.83300000E-07
 0.3002024332035E+08 0.1935000000000E+03
00352           0.10000000E+01 0.83300000E-07 0.83300000E-07 0.83300000E-07
 0.3001308240595E+08 0.1935000000000E+03
00353           0.10000000E+01 0.83300000E-07 0.83300000E-07 0.83300000E-07
 0.3002546588690E+08 0.1935000000000E+03
00354           0.10000000E+01 0.83300000E-07 0.83300000E-07 0.83300000E-07
 0.3002421433349E+08 0.1935000000000E+03
00355           0.10000000E+01 0.83300000E-07 0.83300000E-07 0.83300000E-07
 0.3001598436001E+08 0.1935000000000E+03
00356           0.10000000E+01 0.83300000E-07 0.83300000E-07 0.83300000E-07
 0.3002031852335E+08 0.1935000000000E+03
00357           0.10000000E+01 0.83300000E-07 0.83300000E-07 0.83300000E-07
 0.3002277140514E+08 0.1935000000000E+03
00358           0.10000000E+01 0.83300000E-07 0.83300000E-07 0.83300000E-07
 0.3001811449793E+08 0.1935000000000E+03
00359           0.10000000E+01 0.83300000E-07 0.83300000E-07 0.83300000E-07
 0.3002714575343E+08 0.1935000000000E+03
00360           0.10000000E+01 0.83300000E-07 0.83300000E-07 0.83300000E-07
 0.3001225051134E+08 0.1935000000000E+03
00361           0.10000000E+01 0.83300000E-07 0.83300000E-07 0.83300000E-07
 0.3000485126736E+08 0.1935000000000E+03
00362           0.10000000E+01 0.83300000E-07 0.83300000E-07 0.83300000E-07
 0.3001200948457E+08 0.1935000000000E+03
00363           0.10000000E+01 0.83300000E-07 0.83300000E-07 0.83300000E-07
 0.3002712692920E+08 0.1935000000000E+03
00364           0.10000000E+01 0.83300000E-07 0.83300000E-07 0.83300000E-07
 0.3001627239911E+08 0.1935000000000E+03
00365           0.10000000E+01 0.83300000E-07 0.83300000E-07 0.83300000E-07
 0.3002152663480E+08 0.1935000000000E+03
00366           0.10000000E+01 0.83300000E-07 0.83300000E-07 0.83300000E-07
 0.3002636290094E+08 0.1935000000000E+03
00367           0.10000000E+01 0.83300000E-07 0.83300000E-07 0.83300000E-07
 0.3002279608169E+08 0.1935000000000E+03
00368           0.10000000E+01 0.83300000E-07 0.83300000E-07 0.83300000E-07
 0.3002125627386E+08 0.1935000000000E+03
00369           0.10000000E+01 0.83300000E-07 0.83300000E-07 0.83300000E-07
 0.3001830630136E+08 0.1935000000000E+03
00370           0.10000000E+01 0.83300000E-07 0.83300000E-07 0.83300000E-07
 0.3001641644985E+08 0.1935000000000E+03
00371           0.10000000E+01 0.83300000E-07 0.83300000E-07 0.83300000E-07
 0.3001457425863E+08 0.1935000000000E+03
00372           0.10000000E+01 0.83300000E-07 0.83300000E-07 0.83300000E-07
 0.3001960571889E+08 0.1935000000000E+03
00373           0.10000000E+01 0.83300000E-07 0.83300000E-07 0.83300000E-07
 0.3001260580563E+08 0.1935000000000E+03
00374           0.10000000E+01 0.83300000E-07 0.83300000E-07 0.83300000E-07
 0.3001573149920E+08 0.1935000000000E+03
00375           0.10000000E+01 0.83300000E-07 0.83300000E-07 0.83300000E-07
 0.3002019337046E+08 0.1935000000000E+03
00376           0.10000000E+01 0.83300000E-07 0.83300000E-07 0.83300000E-07
 0.3001775549493E+08 0.1935000000000E+03
00377           0.10000000E+01 0.83300000E-07 0.83300000E-07 0.83300000E-07
 0.3002591457957E+08 0.1935000000000E+03
00378           0.10000000E+01 0.83300000E-07 0.83300000E-07 0.83300000E-07
 0.3001377610107E+08 0.1935000000000E+03
00379           0.10000000E+01 0.83300000E-07 0.83300000E-07 0.83300000E-07
 0.3001472068906E+08 0.1935000000000E+03
00380           0.10000000E+01 0.83300000E-07 0.83300000E-07 0.83300000E-07
 0.3001780077146E+08 0.1935000000000E+03
00381           0.10000000E+01 0.83300000E-07 0.83300000E-07 0.83300000E-07
 0.3002276254399E+08 0.1935000000000E+03
00382           0.10000000E+01 0.83300000E-07 0.83300000E-07 0.83300000E-07
 0.3002665683737E+08 0.1935000000000E+03
00383           0.10000000E+01 0.83300000E-07 0.83300000E-07 0.83300000E-07
 0.3002355338799E+08 0.1935000000000E+03
00384           0.10000000E+01 0.83300000E-07 0.83300000E-07 0.83300000E-07
 0.3002174244793E+08 0.1935000000000E+03
00385           0.10000000E+01 0.83300000E-07 0.83300000E-07 0.83300000E-07
 0.3002455276788E+08 0.1935000000000E+03
00386           0.10000000E+01 0.83300000E-07 0.83300000E-07 0.83300000E-07
 0.3002025799983E+08 0.1935000000000E+03
00387           0.10000000E+01 0.83300000E-07 0.83300000E-07 0.83300000E-07
 0.3001582579800E+08 0.1935000000000E+03
00388           0.10000000E+01 0.83300000E-07 0.83300000E-07 0.83300000E-07
 0.3001709747778E+08 0.1935000000000E+03
00389           0.10000000E+01 0.83300000E-07 0.83300000E-07 0.83300000E-07
 0.3001586323248E+08 0.1935000000000E+03
00390           0.10000000E+01 0.83300000E-07 0.83300000E-07 0.83300000E-07
 0.3002540460038E+08 0.1935000000000E+03
00391           0.10000000E+01 0.83300000E-07 0.83300000E-07 0.83300000E-07
 0.3001900028333E+08 0.1935000000000E+03
00392           0.10000000E+01 0.83300000E-07 0.83300000E-07 0.83300000E-07
 0.3001717459216E+08 0.1935000000000E+03
00393           0.10000000E+01 0.83300000E-07 0.83300000E-07 0.83300000E-07
 0.3002209479292E+08 0.1935000000000E+03
00394           0.10000000E+01 0.83300000E-07 0.83300000E-07 0.83300000E-07
 0.3002339726001E+08 0.1935000000000E+03
00395           0.10000000E+01 0.83300000E-07 0.83300000E-07 0.83300000E-07
 0.3001966799548E+08 0.1935000000000E+03
00396           0.10000000E+01 0.83300000E-07 0.83300000E-07 0.83300000E-07
 0.3002082687806E+08 0.1935000000000E+03
00397           0.10000000E+01 0.83300000E-07 0.83300000E-07 0.83300000E-07
 0.3002632341075E+08 0.1935000000000E+03
00398           0.10000000E+01 0.83300000E-07 0.83300000E-07 0.83300000E-07
 0.3002086514041E+08 0.1935000000000E+03
00399           0.10000000E+01 0.83300000E-07 0.83300000E-07 0.83300000E-07
 0.3001911052041E+08 0.1935000000000E+03
004 0           0.10000000E+01 0.83300000E-07 0.83300000E-07 0.83300000E-07
 0.3001793024099E+08 0.1935000000000E+03
004 1           0.10000000E+01 0.83300000E-07 0.83300000E-07 0.83300000E-07
 0.3002406495325E+08 0.1935000000000E+03
004 2           0.10000000E+01 0.83300000E-07 0.83300000E-07 0.83300000E-07
 0.3002482133286E+08 0.1935000000000E+03
004 3           0.10000000E+01 0.83300000E-07 0.83300000E-07 0.83300000E-07
 0.3001826445114E+08 0.1935000000000E+03
004 4           0.10000000E+01 0.83300000E-07 0.83300000E-07 0.83300000E-07
 0.3001895601290E+08 0.1935000000000E+03
004 5           0.10000000E+01 0.83300000E-07 0.83300000E-07 0.83300000E-07
 0.3001784936655E+08 0.1935000000000E+03
004 6           0.10000000E+01 0.83300000E-07 0.83300000E-07 0.83300000E-07
 0.3002161592908E+08 0.1935000000000E+03
004 7           0.10000000E+01 0.83300000E-07 0.83300000E-07 0.83300000E-07
 0.3001996472272E+08 0.1935000000000E+03
004 8           0.10000000E+01 0.83300000E-07 0.83300000E-07 0.83300000E-07
 0.3002243159703E+08 0.1935000000000E+03
004 9           0.10000000E+01 0.83300000E-07 0.83300000E-07 0.83300000E-07
 0.3002364996198E+08 0.1935000000000E+03
00410           0.10000000E+01 0.83300000E-07 0.83300000E-07 0.83300000E-07
 0.3002245197061E+08 0.1935000000000E+03
00411           0.10000000E+01 0.83300000E-07 0.83300000E-07 0.83300000E-07
 0.3002582146524E+08 0.1935000000000E+03
00412           0.10000000E+01 0.83300000E-07 0.83300000E-07 0.83300000E-07
 0.3002440086657E+08 0.1935000000000E+03
00413           0.10000000E+01 0.83300000E-07 0.83300000E-07 0.83300000E-07
 0.3001910629906E+08 0.1935000000000E+03
00414           0.10000000E+01 0.83300000E-07 0.83300000E-07 0.83300000E-07
 0.3002310506088E+08 0.1935000000000E+03
00415           0.10000000E+01 0.83300000E-07 0.83300000E-07 0.83300000E-07
 0.3002152567564E+08 0.1935000000000E+03
00416           0.10000000E+01 0.83300000E-07 0.83300000E-07 0.83300000E-07
 0.3001960627193E+08 0.1935000000000E+03
00417           0.10000000E+01 0.83300000E-07 0.83300000E-07 0.83300000E-07
 0.3002632299837E+08 0.1935000000000E+03
00418           0.10000000E+01 0.83300000E-07 0.83300000E-07 0.83300000E-07
 0.3002639843582E+08 0.1935000000000E+03
00419           0.10000000E+01 0.83300000E-07 0.83300000E-07 0.83300000E-07
 0.3002050496072E+08 0.1935000000000E+03
00420           0.10000000E+01 0.83300000E-07 0.83300000E-07 0.83300000E-07
 0.3001898970021E+08 0.1935000000000E+03
00421           0.10000000E+01 0.83300000E-07 0.83300000E-07 0.83300000E-07
 0.3001926506067E+08 0.1935000000000E+03
00422           0.10000000E+01 0.83300000E-07 0.83300000E-07 0.83300000E-07
 0.3002303378741E+08 0.1935000000000E+03
00423           0.10000000E+01 0.83300000E-07 0.83300000E-07 0.83300000E-07
 0.3002099600449E+08 0.1935000000000E+03
00424           0.10000000E+01 0.83300000E-07 0.83300000E-07 0.83300000E-07
 0.3002544862037E+08 0.1935000000000E+03
00425           0.10000000E+01 0.83300000E-07 0.83300000E-07 0.83300000E-07
 0.3002021254680E+08 0.1935000000000E+03
00426           0.10000000E+01 0.83300000E-07 0.83300000E-07 0.83300000E-07
 0.3002508507836E+08 0.1935000000000E+03
00427           0.10000000E+01 0.83300000E-07 0.83300000E-07 0.83300000E-07
 0.3002179756610E+08 0.1935000000000E+03
00428           0.10000000E+01 0.83300000E-07 0.83300000E-07 0.83300000E-07
 0.3002626576488E+08 0.1935000000000E+03
00429           0.10000000E+01 0.83300000E-07 0.83300000E-07 0.83300000E-07
 0.3002618170827E+08 0.1935000000000E+03
00430           0.10000000E+01 0.83300000E-07 0.83300000E-07 0.83300000E-07
 0.3001980630717E+08 0.1935000000000E+03
00431           0.10000000E+01 0.83300000E-07 0.83300000E-07 0.83300000E-07
 0.3001993847722E+08 0.1935000000000E+03
00432           0.10000000E+01 0.83300000E-07 0.83300000E-07 0.83300000E-07
 0.3002465386533E+08 0.1935000000000E+03
00433           0.10000000E+01 0.83300000E-07 0.83300000E-07 0.83300000E-07
 0.3002220861835E+08 0.1935000000000E+03
00434           0.10000000E+01 0.83300000E-07 0.83300000E-07 0.83300000E-07
 0.3001983925704E+08 0.1935000000000E+03
00435           0.10000000E+01 0.83300000E-07 0.83300000E-07 0.83300000E-07
 0.3002253746289E+08 0.1935000000000E+03
00436           0.10000000E+01 0.83300000E-07 0.83300000E-07 0.83300000E-07
 0.3002054114695E+08 0.1935000000000E+03
00437           0.10000000E+01 0.83300000E-07 0.83300000E-07 0.83300000E-07
 0.3002138495250E+08 0.1935000000000E+03
00438           0.10000000E+01 0.83300000E-07 0.83300000E-07 0.83300000E-07
 0.3002120759275E+08 0.1935000000000E+03
00439           0.10000000E+01 0.83300000E-07 0.83300000E-07 0.83300000E-07
 0.3002357047768E+08 0.1935000000000E+03
00440           0.10000000E+01 0.83300000E-07 0.83300000E-07 0.83300000E-07
 0.3002318424734E+08 0.1935000000000E+03
00441           0.10000000E+01 0.83300000E-07 0.83300000E-07 0.83300000E-07
 0.3002071678917E+08 0.1935000000000E+03
00442           0.10000000E+01 0.83300000E-07 0.83300000E-07 0.83300000E-07
 0.3002042555144E+08 0.1935000000000E+03
00443           0.10000000E+01 0.83300000E-07 0.83300000E-07 0.83300000E-07
 0.3002065495080E+08 0.1935000000000E+03
00444           0.10000000E+01 0.83300000E-07 0.83300000E-07 0.83300000E-07
 0.3002394599583E+08 0.1935000000000E+03
00445           0.10000000E+01 0.83300000E-07 0.83300000E-07 0.83300000E-07
 0.3002197522581E+08 0.1935000000000E+03
00446           0.10000000E+01 0.83300000E-07 0.83300000E-07 0.83300000E-07
 0.3002572092995E+08 0.1935000000000E+03
00447           0.10000000E+01 0.83300000E-07 0.83300000E-07 0.83300000E-07
 0.3002273305092E+08 0.1935000000000E+03
00448           0.10000000E+01 0.83300000E-07 0.83300000E-07 0.83300000E-07
 0.3002597088895E+08 0.1935000000000E+03
00449           0.10000000E+01 0.83300000E-07 0.83300000E-07 0.83300000E-07
 0.3002597197634E+08 0.1935000000000E+03
00450           0.10000000E+01 0.83300000E-07 0.83300000E-07 0.83300000E-07
 0.3002528940139E+08 0.1935000000000E+03
00451           0.10000000E+01 0.83300000E-07 0.83300000E-07 0.83300000E-07
 0.3002224444072E+08 0.1935000000000E+03
00452           0.10000000E+01 0.83300000E-07 0.83300000E-07 0.83300000E-07
 0.3002136240847E+08 0.1935000000000E+03
00453           0.10000000E+01 0.83300000E-07 0.83300000E-07 0.83300000E-07
 0.3002499578825E+08 0.1935000000000E+03
00454           0.10000000E+01 0.83300000E-07 0.83300000E-07 0.83300000E-07
 0.3002131354006E+08 0.1935000000000E+03
00455           0.10000000E+01 0.83300000E-07 0.83300000E-07 0.83300000E-07
 0.3002394360601E+08 0.1935000000000E+03
00456           0.10000000E+01 0.83300000E-07 0.83300000E-07 0.83300000E-07
 0.3002098442403E+08 0.1935000000000E+03
00457           0.10000000E+01 0.83300000E-07 0.83300000E-07 0.83300000E-07
 0.3002553966067E+08 0.1935000000000E+03
00458           0.10000000E+01 0.83300000E-07 0.83300000E-07 0.83300000E-07
 0.3002460056626E+08 0.1935000000000E+03
00459           0.10000000E+01 0.83300000E-07 0.83300000E-07 0.83300000E-07
 0.3002106531233E+08 0.1935000000000E+03
00460           0.10000000E+01 0.83300000E-07 0.83300000E-07 0.83300000E-07
 0.3002184370558E+08 0.1935000000000E+03
00461           0.10000000E+01 0.83300000E-07 0.83300000E-07 0.83300000E-07
 0.3002314766659E+08 0.1935000000000E+03
00462           0.10000000E+01 0.83300000E-07 0.83300000E-07 0.83300000E-07
 0.3002284899479E+08 0.1935000000000E+03
00463           0.10000000E+01 0.83300000E-07 0.83300000E-07 0.83300000E-07
 0.3002243952419E+08 0.1935000000000E+03
00464           0.10000000E+01 0.83300000E-07 0.83300000E-07 0.83300000E-07
 0.3002155096583E+08 0.1935000000000E+03
00465           0.10000000E+01 0.83300000E-07 0.83300000E-07 0.83300000E-07
 0.3002135914819E+08 0.1935000000000E+03
00466           0.10000000E+01 0.83300000E-07 0.83300000E-07 0.83300000E-07
 0.3002154746370E+08 0.1935000000000E+03
00467           0.10000000E+01 0.83300000E-07 0.83300000E-07 0.83300000E-07
 0.3002209171101E+08 0.1935000000000E+03
00468           0.10000000E+01 0.83300000E-07 0.83300000E-07 0.83300000E-07
 0.3002418979955E+08 0.1935000000000E+03
00469           0.10000000E+01 0.83300000E-07 0.83300000E-07 0.83300000E-07
 0.3002566473767E+08 0.1935000000000E+03
00470           0.10000000E+01 0.83300000E-07 0.83300000E-07 0.83300000E-07
 0.3002563823358E+08 0.1935000000000E+03
00471           0.10000000E+01 0.83300000E-07 0.83300000E-07 0.83300000E-07
 0.3002373921854E+08 0.1935000000000E+03
00472           0.10000000E+01 0.83300000E-07 0.83300000E-07 0.83300000E-07
 0.3002161235950E+08 0.1935000000000E+03
00473           0.10000000E+01 0.83300000E-07 0.83300000E-07 0.83300000E-07
 0.3002208277050E+08 0.1935000000000E+03
00474           0.10000000E+01 0.83300000E-07 0.83300000E-07 0.83300000E-07
 0.3002327579027E+08 0.1935000000000E+03
00475           0.10000000E+01 0.83300000E-07 0.83300000E-07 0.83300000E-07
 0.3002449864269E+08 0.1935000000000E+03
00476           0.10000000E+01 0.83300000E-07 0.83300000E-07 0.83300000E-07
 0.3002262363265E+08 0.1935000000000E+03
00477           0.10000000E+01 0.83300000E-07 0.83300000E-07 0.83300000E-07
 0.3002177506114E+08 0.1935000000000E+03
00478           0.10000000E+01 0.83300000E-07 0.83300000E-07 0.83300000E-07
 0.3002482584665E+08 0.1935000000000E+03
00479           0.10000000E+01 0.83300000E-07 0.83300000E-07 0.83300000E-07
 0.3002189067741E+08 0.1935000000000E+03
00480           0.10000000E+01 0.83300000E-07 0.83300000E-07 0.83300000E-07
 0.3002513561320E+08 0.1935000000000E+03
00481           0.10000000E+01 0.83300000E-07 0.83300000E-07 0.83300000E-07
 0.3002248748529E+08 0.1935000000000E+03
00482           0.10000000E+01 0.83300000E-07 0.83300000E-07 0.83300000E-07
 0.3002307090757E+08 0.1935000000000E+03
00483           0.10000000E+01 0.83300000E-07 0.83300000E-07 0.83300000E-07
 0.3002384350282E+08 0.1935000000000E+03
00484           0.10000000E+01 0.83300000E-07 0.83300000E-07 0.83300000E-07
 0.3002178781503E+08 0.1935000000000E+03
00485           0.10000000E+01 0.83300000E-07 0.83300000E-07 0.83300000E-07
 0.3002366206138E+08 0.1935000000000E+03
00486           0.10000000E+01 0.83300000E-07 0.83300000E-07 0.83300000E-07
 0.3002208266679E+08 0.1935000000000E+03
00487           0.10000000E+01 0.83300000E-07 0.83300000E-07 0.83300000E-07
 0.3002202502740E+08 0.1935000000000E+03
00488           0.10000000E+01 0.83300000E-07 0.83300000E-07 0.83300000E-07
 0.3002561057081E+08 0.1935000000000E+03
00489           0.10000000E+01 0.83300000E-07 0.83300000E-07 0.83300000E-07
 0.3002522297398E+08 0.1935000000000E+03
00490           0.10000000E+01 0.83300000E-07 0.83300000E-07 0.83300000E-07
 0.3002475191222E+08 0.1935000000000E+03
00491           0.10000000E+01 0.83300000E-07 0.83300000E-07 0.83300000E-07
 0.3002413045693E+08 0.1935000000000E+03
00492           0.10000000E+01 0.83300000E-07 0.83300000E-07 0.83300000E-07
 0.3002340598253E+08 0.1935000000000E+03
00493           0.10000000E+01 0.83300000E-07 0.83300000E-07 0.83300000E-07
 0.3002265630481E+08 0.1935000000000E+03
00494           0.10000000E+01 0.83300000E-07 0.83300000E-07 0.83300000E-07
 0.3002205007127E+08 0.1935000000000E+03
00495           0.10000000E+01 0.83300000E-07 0.83300000E-07 0.83300000E-07
 0.3002184631618E+08 0.1935000000000E+03
00496           0.10000000E+01 0.83300000E-07 0.83300000E-07 0.83300000E-07
 0.3002211203456E+08 0.1935000000000E+03
00497           0.10000000E+01 0.83300000E-07 0.83300000E-07 0.83300000E-07
 0.3002266783944E+08 0.1935000000000E+03
00498           0.10000000E+01 0.83300000E-07 0.83300000E-07 0.83300000E-07
 0.3002365711102E+08 0.1935000000000E+03
00499           0.10000000E+01 0.83300000E-07 0.83300000E-07 0.83300000E-07
 0.3002415169898E+08 0.1935000000000E+03
005 0           0.10000000E+01 0.83300000E-07 0.83300000E-07 0.83300000E-07
 0.3002525487664E+08 0.1935000000000E+03
005 1           0.10000000E+01 0.83300000E-07 0.83300000E-07 0.83300000E-07
 0.3002560250770E+08 0.1935000000000E+03
005 2           0.10000000E+01 0.83300000E-07 0.83300000E-07 0.83300000E-07
 0.3002308558772E+08 0.1935000000000E+03


