INCON -- INITIAL CONDITIONS FOR  667 ELEMENTS AT TIME  0.864000E+09
000 1           0.10000000E+01 0.83300000E-07 0.83300000E-07 0.83300000E-07
 0.3004082391240E+08 0.1935000000000E+03
000 2           0.10000000E+01 0.83300000E-07 0.83300000E-07 0.83300000E-07
 0.3004097406025E+08 0.1935000000000E+03
000 3           0.10000000E+01 0.83300000E-07 0.83300000E-07 0.83300000E-07
 0.3004225099711E+08 0.1935000000000E+03
000 4           0.10000000E+01 0.83300000E-07 0.83300000E-07 0.83300000E-07
 0.3004301960443E+08 0.1935000000000E+03
000 5           0.10000000E+01 0.83300000E-07 0.83300000E-07 0.83300000E-07
 0.3004375255377E+08 0.1935000000000E+03
000 6           0.10000000E+01 0.83300000E-07 0.83300000E-07 0.83300000E-07
 0.3004448800299E+08 0.1935000000000E+03
000 7           0.10000000E+01 0.83300000E-07 0.83300000E-07 0.83300000E-07
 0.3004435834226E+08 0.1935000000000E+03
000 8           0.10000000E+01 0.83300000E-07 0.83300000E-07 0.83300000E-07
 0.3004391876768E+08 0.1935000000000E+03
000 9           0.10000000E+01 0.83300000E-07 0.83300000E-07 0.83300000E-07
 0.3004310492914E+08 0.1935000000000E+03
00010           0.10000000E+01 0.83300000E-07 0.83300000E-07 0.83300000E-07
 0.3004226879998E+08 0.1935000000000E+03
00011           0.10000000E+01 0.83300000E-07 0.83300000E-07 0.83300000E-07
 0.3004106812318E+08 0.1935000000000E+03
00012           0.10000000E+01 0.83300000E-07 0.83300000E-07 0.83300000E-07
 0.3004084937284E+08 0.1935000000000E+03
00013           0.10000000E+01 0.83300000E-07 0.83300000E-07 0.83300000E-07
 0.3004453345042E+08 0.1935000000000E+03
00014           0.10000000E+01 0.83300000E-07 0.83300000E-07 0.83300000E-07
 0.3004310670819E+08 0.1935000000000E+03
00015           0.10000000E+01 0.83300000E-07 0.83300000E-07 0.83300000E-07
 0.3004301824311E+08 0.1935000000000E+03
00016           0.10000000E+01 0.83300000E-07 0.83300000E-07 0.83300000E-07
 0.3004099520295E+08 0.1935000000000E+03
00017           0.10000000E+01 0.83300000E-07 0.83300000E-07 0.83300000E-07
 0.3004467405760E+08 0.1935000000000E+03
00018           0.10000000E+01 0.83300000E-07 0.83300000E-07 0.83300000E-07
 0.3004400443671E+08 0.1935000000000E+03
00019           0.10000000E+01 0.83300000E-07 0.83300000E-07 0.83300000E-07
 0.3004091368395E+08 0.1935000000000E+03
00020           0.10000000E+01 0.83300000E-07 0.83300000E-07 0.83300000E-07
 0.3004200714611E+08 0.1935000000000E+03
00021           0.10000000E+01 0.83300000E-07 0.83300000E-07 0.83300000E-07
 0.3004393622344E+08 0.1935000000000E+03
00022           0.10000000E+01 0.83300000E-07 0.83300000E-07 0.83300000E-07
 0.3004218219720E+08 0.1935000000000E+03
00023           0.10000000E+01 0.83300000E-07 0.83300000E-07 0.83300000E-07
 0.3004483479697E+08 0.1935000000000E+03
00024           0.10000000E+01 0.83300000E-07 0.83300000E-07 0.83300000E-07
 0.3004132477541E+08 0.1935000000000E+03
00025           0.10000000E+01 0.83300000E-07 0.83300000E-07 0.83300000E-07
 0.3004296676364E+08 0.1935000000000E+03
00026           0.10000000E+01 0.83300000E-07 0.83300000E-07 0.83300000E-07
 0.3004464412478E+08 0.1935000000000E+03
00027           0.10000000E+01 0.83300000E-07 0.83300000E-07 0.83300000E-07
 0.3004134689362E+08 0.1935000000000E+03
00028           0.10000000E+01 0.83300000E-07 0.83300000E-07 0.83300000E-07
 0.3004297997966E+08 0.1935000000000E+03
00029           0.10000000E+01 0.83300000E-07 0.83300000E-07 0.83300000E-07
 0.3004540099965E+08 0.1935000000000E+03
00030           0.10000000E+01 0.83300000E-07 0.83300000E-07 0.83300000E-07
 0.3004048121991E+08 0.1935000000000E+03
00031           0.10000000E+01 0.83300000E-07 0.83300000E-07 0.83300000E-07
 0.3004387864561E+08 0.1935000000000E+03
00032           0.10000000E+01 0.83300000E-07 0.83300000E-07 0.83300000E-07
 0.3004431005123E+08 0.1935000000000E+03
00033           0.10000000E+01 0.83300000E-07 0.83300000E-07 0.83300000E-07
 0.3004546554517E+08 0.1935000000000E+03
00034           0.10000000E+01 0.83300000E-07 0.83300000E-07 0.83300000E-07
 0.3004208859063E+08 0.1935000000000E+03
00035           0.10000000E+01 0.83300000E-07 0.83300000E-07 0.83300000E-07
 0.3004040034861E+08 0.1935000000000E+03
00036           0.10000000E+01 0.83300000E-07 0.83300000E-07 0.83300000E-07
 0.3004040440954E+08 0.1935000000000E+03
00037           0.10000000E+01 0.83300000E-07 0.83300000E-07 0.83300000E-07
 0.3004172794249E+08 0.1935000000000E+03
00038           0.10000000E+01 0.83300000E-07 0.83300000E-07 0.83300000E-07
 0.3004511317874E+08 0.1935000000000E+03
00039           0.10000000E+01 0.83300000E-07 0.83300000E-07 0.83300000E-07
 0.3004063155337E+08 0.1935000000000E+03
00040           0.10000000E+01 0.83300000E-07 0.83300000E-07 0.83300000E-07
 0.3004297953694E+08 0.1935000000000E+03
00041           0.10000000E+01 0.83300000E-07 0.83300000E-07 0.83300000E-07
 0.3004028000922E+08 0.1935000000000E+03
00042           0.10000000E+01 0.83300000E-07 0.83300000E-07 0.83300000E-07
 0.3004088536684E+08 0.1935000000000E+03
00043           0.10000000E+01 0.83300000E-07 0.83300000E-07 0.83300000E-07
 0.3004665763092E+08 0.1935000000000E+03
00044           0.10000000E+01 0.83300000E-07 0.83300000E-07 0.83300000E-07
 0.3004361181164E+08 0.1935000000000E+03
00045           0.10000000E+01 0.83300000E-07 0.83300000E-07 0.83300000E-07
 0.3004119591030E+08 0.1935000000000E+03
00046           0.10000000E+01 0.83300000E-07 0.83300000E-07 0.83300000E-07
 0.3004644246863E+08 0.1935000000000E+03
00047           0.10000000E+01 0.83300000E-07 0.83300000E-07 0.83300000E-07
 0.3004600761627E+08 0.1935000000000E+03
00048           0.10000000E+01 0.83300000E-07 0.83300000E-07 0.83300000E-07
 0.3004252247299E+08 0.1935000000000E+03
00049           0.10000000E+01 0.83300000E-07 0.83300000E-07 0.83300000E-07
 0.3004441509325E+08 0.1935000000000E+03
00050           0.10000000E+01 0.83300000E-07 0.83300000E-07 0.83300000E-07
 0.3004811789206E+08 0.1935000000000E+03
00051           0.10000000E+01 0.83300000E-07 0.83300000E-07 0.83300000E-07
 0.3004481595890E+08 0.1935000000000E+03
00052           0.10000000E+01 0.83300000E-07 0.83300000E-07 0.83300000E-07
 0.3004187898968E+08 0.1935000000000E+03
00053           0.10000000E+01 0.83300000E-07 0.83300000E-07 0.83300000E-07
 0.3004900948760E+08 0.1935000000000E+03
00054           0.10000000E+01 0.83300000E-07 0.83300000E-07 0.83300000E-07
 0.3004013922552E+08 0.1935000000000E+03
00055           0.10000000E+01 0.83300000E-07 0.83300000E-07 0.83300000E-07
 0.3004081261675E+08 0.1935000000000E+03
00056           0.10000000E+01 0.83300000E-07 0.83300000E-07 0.83300000E-07
 0.3004048876757E+08 0.1935000000000E+03
00057           0.10000000E+01 0.83300000E-07 0.83300000E-07 0.83300000E-07
 0.3003974486348E+08 0.1935000000000E+03
00058           0.10000000E+01 0.83300000E-07 0.83300000E-07 0.83300000E-07
 0.3004635421848E+08 0.1935000000000E+03
00059           0.10000000E+01 0.83300000E-07 0.83300000E-07 0.83300000E-07
 0.3004669297956E+08 0.1935000000000E+03
00060           0.10000000E+01 0.83300000E-07 0.83300000E-07 0.83300000E-07
 0.3004289069841E+08 0.1935000000000E+03
00061           0.10000000E+01 0.83300000E-07 0.83300000E-07 0.83300000E-07
 0.3003961747620E+08 0.1935000000000E+03
00062           0.10000000E+01 0.83300000E-07 0.83300000E-07 0.83300000E-07
 0.3004163981518E+08 0.1935000000000E+03
00063           0.10000000E+01 0.83300000E-07 0.83300000E-07 0.83300000E-07
 0.3003990348296E+08 0.1935000000000E+03
00064           0.10000000E+01 0.83300000E-07 0.83300000E-07 0.83300000E-07
 0.3003945423211E+08 0.1935000000000E+03
00065           0.10000000E+01 0.83300000E-07 0.83300000E-07 0.83300000E-07
 0.3004428945318E+08 0.1935000000000E+03
00066           0.10000000E+01 0.83300000E-07 0.83300000E-07 0.83300000E-07
 0.3004487065518E+08 0.1935000000000E+03
00067           0.10000000E+01 0.83300000E-07 0.83300000E-07 0.83300000E-07
 0.3004311409332E+08 0.1935000000000E+03
00068           0.10000000E+01 0.83300000E-07 0.83300000E-07 0.83300000E-07
 0.3004941035215E+08 0.1935000000000E+03
00069           0.10000000E+01 0.83300000E-07 0.83300000E-07 0.83300000E-07
 0.3005685699294E+08 0.1935000000000E+03
00070           0.10000000E+01 0.83300000E-07 0.83300000E-07 0.83300000E-07
 0.3004917272700E+08 0.1935000000000E+03
00071           0.10000000E+01 0.83300000E-07 0.83300000E-07 0.83300000E-07
 0.3004083271584E+08 0.1935000000000E+03
00072           0.10000000E+01 0.83300000E-07 0.83300000E-07 0.83300000E-07
 0.3004619515634E+08 0.1935000000000E+03
00073           0.10000000E+01 0.83300000E-07 0.83300000E-07 0.83300000E-07
 0.3004500822318E+08 0.1935000000000E+03
00074           0.10000000E+01 0.83300000E-07 0.83300000E-07 0.83300000E-07
 0.3003908649537E+08 0.1935000000000E+03
00075           0.10000000E+01 0.83300000E-07 0.83300000E-07 0.83300000E-07
 0.3003925237814E+08 0.1935000000000E+03
00076           0.10000000E+01 0.83300000E-07 0.83300000E-07 0.83300000E-07
 0.3004159369802E+08 0.1935000000000E+03
00077           0.10000000E+01 0.83300000E-07 0.83300000E-07 0.83300000E-07
 0.3003919622155E+08 0.1935000000000E+03
00078           0.10000000E+01 0.83300000E-07 0.83300000E-07 0.83300000E-07
 0.3003989738855E+08 0.1935000000000E+03
00079           0.10000000E+01 0.83300000E-07 0.83300000E-07 0.83300000E-07
 0.3004772593592E+08 0.1935000000000E+03
00080           0.10000000E+01 0.83300000E-07 0.83300000E-07 0.83300000E-07
 0.3003976903213E+08 0.1935000000000E+03
00081           0.10000000E+01 0.83300000E-07 0.83300000E-07 0.83300000E-07
 0.3004331558696E+08 0.1935000000000E+03
00082           0.10000000E+01 0.83300000E-07 0.83300000E-07 0.83300000E-07
 0.3004795212952E+08 0.1935000000000E+03
00083           0.10000000E+01 0.83300000E-07 0.83300000E-07 0.83300000E-07
 0.3004056909166E+08 0.1935000000000E+03
00084           0.10000000E+01 0.83300000E-07 0.83300000E-07 0.83300000E-07
 0.3004294154514E+08 0.1935000000000E+03
00085           0.10000000E+01 0.83300000E-07 0.83300000E-07 0.83300000E-07
 0.3003934899436E+08 0.1935000000000E+03
00086           0.10000000E+01 0.83300000E-07 0.83300000E-07 0.83300000E-07
 0.3003878657944E+08 0.1935000000000E+03
00087           0.10000000E+01 0.83300000E-07 0.83300000E-07 0.83300000E-07
 0.3004130934681E+08 0.1935000000000E+03
00088           0.10000000E+01 0.83300000E-07 0.83300000E-07 0.83300000E-07
 0.3004741444476E+08 0.1935000000000E+03
00089           0.10000000E+01 0.83300000E-07 0.83300000E-07 0.83300000E-07
 0.3003872151714E+08 0.1935000000000E+03
00090           0.10000000E+01 0.83300000E-07 0.83300000E-07 0.83300000E-07
 0.3004474436743E+08 0.1935000000000E+03
00091           0.10000000E+01 0.83300000E-07 0.83300000E-07 0.83300000E-07
 0.3004367672599E+08 0.1935000000000E+03
00092           0.10000000E+01 0.83300000E-07 0.83300000E-07 0.83300000E-07
 0.3003895981131E+08 0.1935000000000E+03
00093           0.10000000E+01 0.83300000E-07 0.83300000E-07 0.83300000E-07
 0.3004492968109E+08 0.1935000000000E+03
00094           0.10000000E+01 0.83300000E-07 0.83300000E-07 0.83300000E-07
 0.3004030260390E+08 0.1935000000000E+03
00095           0.10000000E+01 0.83300000E-07 0.83300000E-07 0.83300000E-07
 0.3003959480288E+08 0.1935000000000E+03
00096           0.10000000E+01 0.83300000E-07 0.83300000E-07 0.83300000E-07
 0.3004174153159E+08 0.1935000000000E+03
00097           0.10000000E+01 0.83300000E-07 0.83300000E-07 0.83300000E-07
 0.3004288431475E+08 0.1935000000000E+03
00098           0.10000000E+01 0.83300000E-07 0.83300000E-07 0.83300000E-07
 0.3003842909264E+08 0.1935000000000E+03
00099           0.10000000E+01 0.83300000E-07 0.83300000E-07 0.83300000E-07
 0.3004412909465E+08 0.1935000000000E+03
001 0           0.10000000E+01 0.83300000E-07 0.83300000E-07 0.83300000E-07
 0.3003844311455E+08 0.1935000000000E+03
001 1           0.10000000E+01 0.83300000E-07 0.83300000E-07 0.83300000E-07
 0.3003819831519E+08 0.1935000000000E+03
001 2           0.10000000E+01 0.83300000E-07 0.83300000E-07 0.83300000E-07
 0.3004145760211E+08 0.1935000000000E+03
001 3           0.10000000E+01 0.83300000E-07 0.83300000E-07 0.83300000E-07
 0.3003940074237E+08 0.1935000000000E+03
001 4           0.10000000E+01 0.83300000E-07 0.83300000E-07 0.83300000E-07
 0.3003856324651E+08 0.1935000000000E+03
001 5           0.10000000E+01 0.83300000E-07 0.83300000E-07 0.83300000E-07
 0.3004244703092E+08 0.1935000000000E+03
001 6           0.10000000E+01 0.83300000E-07 0.83300000E-07 0.83300000E-07
 0.3004037430415E+08 0.1935000000000E+03
001 7           0.10000000E+01 0.83300000E-07 0.83300000E-07 0.83300000E-07
 0.3004317610170E+08 0.1935000000000E+03
001 8           0.10000000E+01 0.83300000E-07 0.83300000E-07 0.83300000E-07
 0.3003859563608E+08 0.1935000000000E+03
001 9           0.10000000E+01 0.83300000E-07 0.83300000E-07 0.83300000E-07
 0.3003963656596E+08 0.1935000000000E+03
00110           0.10000000E+01 0.83300000E-07 0.83300000E-07 0.83300000E-07
 0.3003788027055E+08 0.1935000000000E+03
00111           0.10000000E+01 0.83300000E-07 0.83300000E-07 0.83300000E-07
 0.3003860076004E+08 0.1935000000000E+03
00112           0.10000000E+01 0.83300000E-07 0.83300000E-07 0.83300000E-07
 0.3004161285177E+08 0.1935000000000E+03
00113           0.10000000E+01 0.83300000E-07 0.83300000E-07 0.83300000E-07
 0.3003781511579E+08 0.1935000000000E+03
00114           0.10000000E+01 0.83300000E-07 0.83300000E-07 0.83300000E-07
 0.3003780083291E+08 0.1935000000000E+03
00115           0.10000000E+01 0.83300000E-07 0.83300000E-07 0.83300000E-07
 0.3003795977959E+08 0.1935000000000E+03
00116           0.10000000E+01 0.83300000E-07 0.83300000E-07 0.83300000E-07
 0.3004090855727E+08 0.1935000000000E+03
00117           0.10000000E+01 0.83300000E-07 0.83300000E-07 0.83300000E-07
 0.3003894154920E+08 0.1935000000000E+03
00118           0.10000000E+01 0.83300000E-07 0.83300000E-07 0.83300000E-07
 0.3004188074591E+08 0.1935000000000E+03
00119           0.10000000E+01 0.83300000E-07 0.83300000E-07 0.83300000E-07
 0.3003972433201E+08 0.1935000000000E+03
00120           0.10000000E+01 0.83300000E-07 0.83300000E-07 0.83300000E-07
 0.3003790849592E+08 0.1935000000000E+03
00121           0.10000000E+01 0.83300000E-07 0.83300000E-07 0.83300000E-07
 0.3003766305968E+08 0.1935000000000E+03
00122           0.10000000E+01 0.83300000E-07 0.83300000E-07 0.83300000E-07
 0.3003759129819E+08 0.1935000000000E+03
00123           0.10000000E+01 0.83300000E-07 0.83300000E-07 0.83300000E-07
 0.3004010176026E+08 0.1935000000000E+03
00124           0.10000000E+01 0.83300000E-07 0.83300000E-07 0.83300000E-07
 0.3003896683105E+08 0.1935000000000E+03
00125           0.10000000E+01 0.83300000E-07 0.83300000E-07 0.83300000E-07
 0.3003822272888E+08 0.1935000000000E+03
00126           0.10000000E+01 0.83300000E-07 0.83300000E-07 0.83300000E-07
 0.3004072328507E+08 0.1935000000000E+03
00127           0.10000000E+01 0.83300000E-07 0.83300000E-07 0.83300000E-07
 0.3003732122492E+08 0.1935000000000E+03
00128           0.10000000E+01 0.83300000E-07 0.83300000E-07 0.83300000E-07
 0.3003812914786E+08 0.1935000000000E+03
00129           0.10000000E+01 0.83300000E-07 0.83300000E-07 0.83300000E-07
 0.3004045105840E+08 0.1935000000000E+03
00130           0.10000000E+01 0.83300000E-07 0.83300000E-07 0.83300000E-07
 0.3003744697281E+08 0.1935000000000E+03
00131           0.10000000E+01 0.83300000E-07 0.83300000E-07 0.83300000E-07
 0.3003917602135E+08 0.1935000000000E+03
00132           0.10000000E+01 0.83300000E-07 0.83300000E-07 0.83300000E-07
 0.3003975050169E+08 0.1935000000000E+03
00133           0.10000000E+01 0.83300000E-07 0.83300000E-07 0.83300000E-07
 0.3003737265405E+08 0.1935000000000E+03
00134           0.10000000E+01 0.83300000E-07 0.83300000E-07 0.83300000E-07
 0.3003693622340E+08 0.1935000000000E+03
00135           0.10000000E+01 0.83300000E-07 0.83300000E-07 0.83300000E-07
 0.3003695999758E+08 0.1935000000000E+03
00136           0.10000000E+01 0.83300000E-07 0.83300000E-07 0.83300000E-07
 0.3003819928646E+08 0.1935000000000E+03
00137           0.10000000E+01 0.83300000E-07 0.83300000E-07 0.83300000E-07
 0.3003684790687E+08 0.1935000000000E+03
00138           0.10000000E+01 0.83300000E-07 0.83300000E-07 0.83300000E-07
 0.3003897832575E+08 0.1935000000000E+03
00139           0.10000000E+01 0.83300000E-07 0.83300000E-07 0.83300000E-07
 0.3003684454417E+08 0.1935000000000E+03
00140           0.10000000E+01 0.83300000E-07 0.83300000E-07 0.83300000E-07
 0.3003826614979E+08 0.1935000000000E+03
00141           0.10000000E+01 0.83300000E-07 0.83300000E-07 0.83300000E-07
 0.3003687220797E+08 0.1935000000000E+03
00142           0.10000000E+01 0.83300000E-07 0.83300000E-07 0.83300000E-07
 0.3003716156491E+08 0.1935000000000E+03
00143           0.10000000E+01 0.83300000E-07 0.83300000E-07 0.83300000E-07
 0.3003732956927E+08 0.1935000000000E+03
00144           0.10000000E+01 0.83300000E-07 0.83300000E-07 0.83300000E-07
 0.3003766169910E+08 0.1935000000000E+03
00145           0.10000000E+01 0.83300000E-07 0.83300000E-07 0.83300000E-07
 0.3003685363150E+08 0.1935000000000E+03
00146           0.10000000E+01 0.83300000E-07 0.83300000E-07 0.83300000E-07
 0.3003755688015E+08 0.1935000000000E+03
00147           0.10000000E+01 0.83300000E-07 0.83300000E-07 0.83300000E-07
 0.3003718134702E+08 0.1935000000000E+03
00148           0.10000000E+01 0.83300000E-07 0.83300000E-07 0.83300000E-07
 0.3003824744902E+08 0.1935000000000E+03
00149           0.10000000E+01 0.83300000E-07 0.83300000E-07 0.83300000E-07
 0.3003674220506E+08 0.1935000000000E+03
00150           0.10000000E+01 0.83300000E-07 0.83300000E-07 0.83300000E-07
 0.3003854435874E+08 0.1935000000000E+03
00151           0.10000000E+01 0.83300000E-07 0.83300000E-07 0.83300000E-07
 0.3003830204013E+08 0.1935000000000E+03
00152           0.10000000E+01 0.83300000E-07 0.83300000E-07 0.83300000E-07
 0.3003648747540E+08 0.1935000000000E+03
00153           0.10000000E+01 0.83300000E-07 0.83300000E-07 0.83300000E-07
 0.3003637784613E+08 0.1935000000000E+03
00154           0.10000000E+01 0.83300000E-07 0.83300000E-07 0.83300000E-07
 0.3003722934279E+08 0.1935000000000E+03
00155           0.10000000E+01 0.83300000E-07 0.83300000E-07 0.83300000E-07
 0.3003812636029E+08 0.1935000000000E+03
00156           0.10000000E+01 0.83300000E-07 0.83300000E-07 0.83300000E-07
 0.3003690828315E+08 0.1935000000000E+03
00157           0.10000000E+01 0.83300000E-07 0.83300000E-07 0.83300000E-07
 0.3003747207401E+08 0.1935000000000E+03
00158           0.10000000E+01 0.83300000E-07 0.83300000E-07 0.83300000E-07
 0.3003654057425E+08 0.1935000000000E+03
00159           0.10000000E+01 0.83300000E-07 0.83300000E-07 0.83300000E-07
 0.3003754464424E+08 0.1935000000000E+03
00160           0.10000000E+01 0.83300000E-07 0.83300000E-07 0.83300000E-07
 0.3003675222136E+08 0.1935000000000E+03
00161           0.10000000E+01 0.83300000E-07 0.83300000E-07 0.83300000E-07
 0.3003644116425E+08 0.1935000000000E+03
00162           0.10000000E+01 0.83300000E-07 0.83300000E-07 0.83300000E-07
 0.3003759167745E+08 0.1935000000000E+03
00163           0.10000000E+01 0.83300000E-07 0.83300000E-07 0.83300000E-07
 0.3003621506711E+08 0.1935000000000E+03
00164           0.10000000E+01 0.83300000E-07 0.83300000E-07 0.83300000E-07
 0.3003646682011E+08 0.1935000000000E+03
00165           0.10000000E+01 0.83300000E-07 0.83300000E-07 0.83300000E-07
 0.3003637318107E+08 0.1935000000000E+03
00166           0.10000000E+01 0.83300000E-07 0.83300000E-07 0.83300000E-07
 0.3003616684715E+08 0.1935000000000E+03
00167           0.10000000E+01 0.83300000E-07 0.83300000E-07 0.83300000E-07
 0.3003611871427E+08 0.1935000000000E+03
00168           0.10000000E+01 0.83300000E-07 0.83300000E-07 0.83300000E-07
 0.3003611357833E+08 0.1935000000000E+03
00169           0.10000000E+01 0.83300000E-07 0.83300000E-07 0.83300000E-07
 0.3003610776283E+08 0.1935000000000E+03
00170           0.10000000E+01 0.83300000E-07 0.83300000E-07 0.83300000E-07
 0.3003649357010E+08 0.1935000000000E+03
00171           0.10000000E+01 0.83300000E-07 0.83300000E-07 0.83300000E-07
 0.3003663813152E+08 0.1935000000000E+03
00172           0.10000000E+01 0.83300000E-07 0.83300000E-07 0.83300000E-07
 0.3003702842531E+08 0.1935000000000E+03
00173           0.10000000E+01 0.83300000E-07 0.83300000E-07 0.83300000E-07
 0.3003626941439E+08 0.1935000000000E+03
00174           0.10000000E+01 0.83300000E-07 0.83300000E-07 0.83300000E-07
 0.3003602038576E+08 0.1935000000000E+03
00175           0.10000000E+01 0.83300000E-07 0.83300000E-07 0.83300000E-07
 0.3003661539010E+08 0.1935000000000E+03
00176           0.10000000E+01 0.83300000E-07 0.83300000E-07 0.83300000E-07
 0.3003592529354E+08 0.1935000000000E+03
00177           0.10000000E+01 0.83300000E-07 0.83300000E-07 0.83300000E-07
 0.3003618647474E+08 0.1935000000000E+03
00178           0.10000000E+01 0.83300000E-07 0.83300000E-07 0.83300000E-07
 0.3003582041523E+08 0.1935000000000E+03
00179           0.10000000E+01 0.83300000E-07 0.83300000E-07 0.83300000E-07
 0.3003574602545E+08 0.1935000000000E+03
00180           0.10000000E+01 0.83300000E-07 0.83300000E-07 0.83300000E-07
 0.3003592697979E+08 0.1935000000000E+03
00181           0.10000000E+01 0.83300000E-07 0.83300000E-07 0.83300000E-07
 0.3003639470030E+08 0.1935000000000E+03
00182           0.10000000E+01 0.83300000E-07 0.83300000E-07 0.83300000E-07
 0.3003622697672E+08 0.1935000000000E+03
00183           0.10000000E+01 0.83300000E-07 0.83300000E-07 0.83300000E-07
 0.3003651688457E+08 0.1935000000000E+03
00184           0.10000000E+01 0.83300000E-07 0.83300000E-07 0.83300000E-07
 0.3003644863456E+08 0.1935000000000E+03
00185           0.10000000E+01 0.83300000E-07 0.83300000E-07 0.83300000E-07
 0.3003648729527E+08 0.1935000000000E+03
00186           0.10000000E+01 0.83300000E-07 0.83300000E-07 0.83300000E-07
 0.3003570878815E+08 0.1935000000000E+03
00187           0.10000000E+01 0.83300000E-07 0.83300000E-07 0.83300000E-07
 0.3003628510798E+08 0.1935000000000E+03
00188           0.10000000E+01 0.83300000E-07 0.83300000E-07 0.83300000E-07
 0.3003563498760E+08 0.1935000000000E+03
00189           0.10000000E+01 0.83300000E-07 0.83300000E-07 0.83300000E-07
 0.3003565824452E+08 0.1935000000000E+03
00190           0.10000000E+01 0.83300000E-07 0.83300000E-07 0.83300000E-07
 0.3003515891771E+08 0.1935000000000E+03
00191           0.10000000E+01 0.83300000E-07 0.83300000E-07 0.83300000E-07
 0.3003515910271E+08 0.1935000000000E+03
00192           0.10000000E+01 0.83300000E-07 0.83300000E-07 0.83300000E-07
 0.3003515951477E+08 0.1935000000000E+03
00193           0.10000000E+01 0.83300000E-07 0.83300000E-07 0.83300000E-07
 0.3003515996438E+08 0.1935000000000E+03
00194           0.10000000E+01 0.83300000E-07 0.83300000E-07 0.83300000E-07
 0.3003515883949E+08 0.1935000000000E+03
00195           0.10000000E+01 0.83300000E-07 0.83300000E-07 0.83300000E-07
 0.3003515880621E+08 0.1935000000000E+03
00196           0.10000000E+01 0.83300000E-07 0.83300000E-07 0.83300000E-07
 0.3003516280246E+08 0.1935000000000E+03
00197           0.10000000E+01 0.83300000E-07 0.83300000E-07 0.83300000E-07
 0.3003516229892E+08 0.1935000000000E+03
00198           0.10000000E+01 0.83300000E-07 0.83300000E-07 0.83300000E-07
 0.3003516042815E+08 0.1935000000000E+03
00199           0.10000000E+01 0.83300000E-07 0.83300000E-07 0.83300000E-07
 0.3003516751644E+08 0.1935000000000E+03
002 0           0.10000000E+01 0.83300000E-07 0.83300000E-07 0.83300000E-07
 0.3003516611746E+08 0.1935000000000E+03
002 1           0.10000000E+01 0.83300000E-07 0.83300000E-07 0.83300000E-07
 0.3003516367229E+08 0.1935000000000E+03
002 2           0.10000000E+01 0.83300000E-07 0.83300000E-07 0.83300000E-07
 0.3003516434253E+08 0.1935000000000E+03
002 3           0.10000000E+01 0.83300000E-07 0.83300000E-07 0.83300000E-07
 0.3003516574005E+08 0.1935000000000E+03
002 4           0.10000000E+01 0.83300000E-07 0.83300000E-07 0.83300000E-07
 0.3003516625375E+08 0.1935000000000E+03
002 5           0.10000000E+01 0.83300000E-07 0.83300000E-07 0.83300000E-07
 0.3003516780157E+08 0.1935000000000E+03
002 6           0.10000000E+01 0.83300000E-07 0.83300000E-07 0.83300000E-07
 0.3003516629437E+08 0.1935000000000E+03
002 7           0.10000000E+01 0.83300000E-07 0.83300000E-07 0.83300000E-07
 0.3003515903630E+08 0.1935000000000E+03
002 8           0.10000000E+01 0.83300000E-07 0.83300000E-07 0.83300000E-07
 0.3003516595847E+08 0.1935000000000E+03
002 9           0.10000000E+01 0.83300000E-07 0.83300000E-07 0.83300000E-07
 0.3003515803557E+08 0.1935000000000E+03
00210           0.10000000E+01 0.83300000E-07 0.83300000E-07 0.83300000E-07
 0.3003516354069E+08 0.1935000000000E+03
00211           0.10000000E+01 0.83300000E-07 0.83300000E-07 0.83300000E-07
 0.3003516178113E+08 0.1935000000000E+03
00212           0.10000000E+01 0.83300000E-07 0.83300000E-07 0.83300000E-07
 0.3003516246944E+08 0.1935000000000E+03
00213           0.10000000E+01 0.83300000E-07 0.83300000E-07 0.83300000E-07
 0.3003515956345E+08 0.1935000000000E+03
00214           0.10000000E+01 0.83300000E-07 0.83300000E-07 0.83300000E-07
 0.3003516058786E+08 0.1935000000000E+03
00215           0.10000000E+01 0.83300000E-07 0.83300000E-07 0.83300000E-07
 0.3003515931701E+08 0.1935000000000E+03
00216           0.10000000E+01 0.83300000E-07 0.83300000E-07 0.83300000E-07
 0.3003515952221E+08 0.1935000000000E+03
00217           0.10000000E+01 0.83300000E-07 0.83300000E-07 0.83300000E-07
 0.3003515946412E+08 0.1935000000000E+03
00218           0.10000000E+01 0.83300000E-07 0.83300000E-07 0.83300000E-07
 0.3003516186279E+08 0.1935000000000E+03
00219           0.10000000E+01 0.83300000E-07 0.83300000E-07 0.83300000E-07
 0.3003515987798E+08 0.1935000000000E+03
00220           0.10000000E+01 0.83300000E-07 0.83300000E-07 0.83300000E-07
 0.3003515950238E+08 0.1935000000000E+03
00221           0.10000000E+01 0.83300000E-07 0.83300000E-07 0.83300000E-07
 0.3003516057409E+08 0.1935000000000E+03
00222           0.10000000E+01 0.83300000E-07 0.83300000E-07 0.83300000E-07
 0.3003516218177E+08 0.1935000000000E+03
00223           0.10000000E+01 0.83300000E-07 0.83300000E-07 0.83300000E-07
 0.3003516187748E+08 0.1935000000000E+03
00224           0.10000000E+01 0.83300000E-07 0.83300000E-07 0.83300000E-07
 0.3003516463196E+08 0.1935000000000E+03
00225           0.10000000E+01 0.83300000E-07 0.83300000E-07 0.83300000E-07
 0.3003516365441E+08 0.1935000000000E+03
00226           0.10000000E+01 0.83300000E-07 0.83300000E-07 0.83300000E-07
 0.3003516113081E+08 0.1935000000000E+03
00227           0.10000000E+01 0.83300000E-07 0.83300000E-07 0.83300000E-07
 0.3003516306102E+08 0.1935000000000E+03
00228           0.10000000E+01 0.83300000E-07 0.83300000E-07 0.83300000E-07
 0.3003516440604E+08 0.1935000000000E+03
00229           0.10000000E+01 0.83300000E-07 0.83300000E-07 0.83300000E-07
 0.3003515996805E+08 0.1935000000000E+03
00230           0.10000000E+01 0.83300000E-07 0.83300000E-07 0.83300000E-07
 0.3003516252087E+08 0.1935000000000E+03
00231           0.10000000E+01 0.83300000E-07 0.83300000E-07 0.83300000E-07
 0.3003515984107E+08 0.1935000000000E+03
00232           0.10000000E+01 0.83300000E-07 0.83300000E-07 0.83300000E-07
 0.3003516515106E+08 0.1935000000000E+03
00233           0.10000000E+01 0.83300000E-07 0.83300000E-07 0.83300000E-07
 0.3003516054247E+08 0.1935000000000E+03
00234           0.10000000E+01 0.83300000E-07 0.83300000E-07 0.83300000E-07
 0.3003516009293E+08 0.1935000000000E+03
00235           0.10000000E+01 0.83300000E-07 0.83300000E-07 0.83300000E-07
 0.3003516518191E+08 0.1935000000000E+03
00236           0.10000000E+01 0.83300000E-07 0.83300000E-07 0.83300000E-07
 0.3003515975472E+08 0.1935000000000E+03
00237           0.10000000E+01 0.83300000E-07 0.83300000E-07 0.83300000E-07
 0.3003516016395E+08 0.1935000000000E+03
00238           0.10000000E+01 0.83300000E-07 0.83300000E-07 0.83300000E-07
 0.3003516195626E+08 0.1935000000000E+03
00239           0.10000000E+01 0.83300000E-07 0.83300000E-07 0.83300000E-07
 0.3003516445044E+08 0.1935000000000E+03
00240           0.10000000E+01 0.83300000E-07 0.83300000E-07 0.83300000E-07
 0.3003516177975E+08 0.1935000000000E+03
00241           0.10000000E+01 0.83300000E-07 0.83300000E-07 0.83300000E-07
 0.3003516053955E+08 0.1935000000000E+03
00242           0.10000000E+01 0.83300000E-07 0.83300000E-07 0.83300000E-07
 0.3003516036092E+08 0.1935000000000E+03
00243           0.10000000E+01 0.83300000E-07 0.83300000E-07 0.83300000E-07
 0.3003516140252E+08 0.1935000000000E+03
00244           0.10000000E+01 0.83300000E-07 0.83300000E-07 0.83300000E-07
 0.3003516242888E+08 0.1935000000000E+03
00245           0.10000000E+01 0.83300000E-07 0.83300000E-07 0.83300000E-07
 0.3003516021197E+08 0.1935000000000E+03
00246           0.10000000E+01 0.83300000E-07 0.83300000E-07 0.83300000E-07
 0.3003516417732E+08 0.1935000000000E+03
00247           0.10000000E+01 0.83300000E-07 0.83300000E-07 0.83300000E-07
 0.3003516465731E+08 0.1935000000000E+03
00248           0.10000000E+01 0.83300000E-07 0.83300000E-07 0.83300000E-07
 0.3003516406319E+08 0.1935000000000E+03
00249           0.10000000E+01 0.83300000E-07 0.83300000E-07 0.83300000E-07
 0.3003516422061E+08 0.1935000000000E+03
00250           0.10000000E+01 0.83300000E-07 0.83300000E-07 0.83300000E-07
 0.3003516156106E+08 0.1935000000000E+03
00251           0.10000000E+01 0.83300000E-07 0.83300000E-07 0.83300000E-07
 0.3003516022927E+08 0.1935000000000E+03
00252           0.10000000E+01 0.83300000E-07 0.83300000E-07 0.83300000E-07
 0.3003516010904E+08 0.1935000000000E+03
00253           0.10000000E+01 0.83300000E-07 0.83300000E-07 0.83300000E-07
 0.3003516214063E+08 0.1935000000000E+03
00254           0.10000000E+01 0.83300000E-07 0.83300000E-07 0.83300000E-07
 0.3003516330894E+08 0.1935000000000E+03
00255           0.10000000E+01 0.83300000E-07 0.83300000E-07 0.83300000E-07
 0.3003516295534E+08 0.1935000000000E+03
00256           0.10000000E+01 0.83300000E-07 0.83300000E-07 0.83300000E-07
 0.3003516358066E+08 0.1935000000000E+03
00257           0.10000000E+01 0.83300000E-07 0.83300000E-07 0.83300000E-07
 0.3003516017035E+08 0.1935000000000E+03
00258           0.10000000E+01 0.83300000E-07 0.83300000E-07 0.83300000E-07
 0.3003516067559E+08 0.1935000000000E+03
00259           0.10000000E+01 0.83300000E-07 0.83300000E-07 0.83300000E-07
 0.3003516119599E+08 0.1935000000000E+03
00260           0.10000000E+01 0.83300000E-07 0.83300000E-07 0.83300000E-07
 0.3003516211357E+08 0.1935000000000E+03
00261           0.10000000E+01 0.83300000E-07 0.83300000E-07 0.83300000E-07
 0.3003516063385E+08 0.1935000000000E+03
00262           0.10000000E+01 0.83300000E-07 0.83300000E-07 0.83300000E-07
 0.3003516272827E+08 0.1935000000000E+03
00263           0.10000000E+01 0.83300000E-07 0.83300000E-07 0.83300000E-07
 0.3003516093834E+08 0.1935000000000E+03
00264           0.10000000E+01 0.83300000E-07 0.83300000E-07 0.83300000E-07
 0.3003516153388E+08 0.1935000000000E+03
00265           0.10000000E+01 0.83300000E-07 0.83300000E-07 0.83300000E-07
 0.3003516064738E+08 0.1935000000000E+03
00266           0.10000000E+01 0.83300000E-07 0.83300000E-07 0.83300000E-07
 0.3003516065106E+08 0.1935000000000E+03
00267           0.10000000E+01 0.83300000E-07 0.83300000E-07 0.83300000E-07
 0.3003516117004E+08 0.1935000000000E+03
00268           0.10000000E+01 0.83300000E-07 0.83300000E-07 0.83300000E-07
 0.3003516358892E+08 0.1935000000000E+03
00269           0.10000000E+01 0.83300000E-07 0.83300000E-07 0.83300000E-07
 0.3003516399192E+08 0.1935000000000E+03
00270           0.10000000E+01 0.83300000E-07 0.83300000E-07 0.83300000E-07
 0.3003516377477E+08 0.1935000000000E+03
00271           0.10000000E+01 0.83300000E-07 0.83300000E-07 0.83300000E-07
 0.3003516395628E+08 0.1935000000000E+03
00272           0.10000000E+01 0.83300000E-07 0.83300000E-07 0.83300000E-07
 0.3003516056218E+08 0.1935000000000E+03
00273           0.10000000E+01 0.83300000E-07 0.83300000E-07 0.83300000E-07
 0.3003516046245E+08 0.1935000000000E+03
00274           0.10000000E+01 0.83300000E-07 0.83300000E-07 0.83300000E-07
 0.3003516048554E+08 0.1935000000000E+03
00275           0.10000000E+01 0.83300000E-07 0.83300000E-07 0.83300000E-07
 0.3003516340708E+08 0.1935000000000E+03
00276           0.10000000E+01 0.83300000E-07 0.83300000E-07 0.83300000E-07
 0.3003516197706E+08 0.1935000000000E+03
00277           0.10000000E+01 0.83300000E-07 0.83300000E-07 0.83300000E-07
 0.3003516299827E+08 0.1935000000000E+03
00278           0.10000000E+01 0.83300000E-07 0.83300000E-07 0.83300000E-07
 0.3003516205008E+08 0.1935000000000E+03
00279           0.10000000E+01 0.83300000E-07 0.83300000E-07 0.83300000E-07
 0.3003516174836E+08 0.1935000000000E+03
00280           0.10000000E+01 0.83300000E-07 0.83300000E-07 0.83300000E-07
 0.3003516249451E+08 0.1935000000000E+03
00281           0.10000000E+01 0.83300000E-07 0.83300000E-07 0.83300000E-07
 0.3003516112855E+08 0.1935000000000E+03
00282           0.10000000E+01 0.83300000E-07 0.83300000E-07 0.83300000E-07
 0.3003516072266E+08 0.1935000000000E+03
00283           0.10000000E+01 0.83300000E-07 0.83300000E-07 0.83300000E-07
 0.3003516102528E+08 0.1935000000000E+03
00284           0.10000000E+01 0.83300000E-07 0.83300000E-07 0.83300000E-07
 0.3003516128028E+08 0.1935000000000E+03
00285           0.10000000E+01 0.83300000E-07 0.83300000E-07 0.83300000E-07
 0.3003516274507E+08 0.1935000000000E+03
00286           0.10000000E+01 0.83300000E-07 0.83300000E-07 0.83300000E-07
 0.3003516231681E+08 0.1935000000000E+03
00287           0.10000000E+01 0.83300000E-07 0.83300000E-07 0.83300000E-07
 0.3003516107901E+08 0.1935000000000E+03
00288           0.10000000E+01 0.83300000E-07 0.83300000E-07 0.83300000E-07
 0.3003516340976E+08 0.1935000000000E+03
00289           0.10000000E+01 0.83300000E-07 0.83300000E-07 0.83300000E-07
 0.3003516176405E+08 0.1935000000000E+03
00290           0.10000000E+01 0.83300000E-07 0.83300000E-07 0.83300000E-07
 0.3003516096658E+08 0.1935000000000E+03
00291           0.10000000E+01 0.83300000E-07 0.83300000E-07 0.83300000E-07
 0.3003516313990E+08 0.1935000000000E+03
00292           0.10000000E+01 0.83300000E-07 0.83300000E-07 0.83300000E-07
 0.3003516119284E+08 0.1935000000000E+03
00293           0.10000000E+01 0.83300000E-07 0.83300000E-07 0.83300000E-07
 0.3003516322766E+08 0.1935000000000E+03
00294           0.10000000E+01 0.83300000E-07 0.83300000E-07 0.83300000E-07
 0.3003516149325E+08 0.1935000000000E+03
00295           0.10000000E+01 0.83300000E-07 0.83300000E-07 0.83300000E-07
 0.3003516170632E+08 0.1935000000000E+03
00296           0.10000000E+01 0.83300000E-07 0.83300000E-07 0.83300000E-07
 0.3003516297588E+08 0.1935000000000E+03
00297           0.10000000E+01 0.83300000E-07 0.83300000E-07 0.83300000E-07
 0.3003516265140E+08 0.1935000000000E+03
00298           0.10000000E+01 0.83300000E-07 0.83300000E-07 0.83300000E-07
 0.3003516139859E+08 0.1935000000000E+03
00299           0.10000000E+01 0.83300000E-07 0.83300000E-07 0.83300000E-07
 0.3003516310758E+08 0.1935000000000E+03
003 0           0.10000000E+01 0.83300000E-07 0.83300000E-07 0.83300000E-07
 0.3003516222261E+08 0.1935000000000E+03
003 1           0.10000000E+01 0.83300000E-07 0.83300000E-07 0.83300000E-07
 0.3003516130265E+08 0.1935000000000E+03
003 2           0.10000000E+01 0.83300000E-07 0.83300000E-07 0.83300000E-07
 0.3003516122022E+08 0.1935000000000E+03
003 3           0.10000000E+01 0.83300000E-07 0.83300000E-07 0.83300000E-07
 0.3003516298559E+08 0.1935000000000E+03
003 4           0.10000000E+01 0.83300000E-07 0.83300000E-07 0.83300000E-07
 0.3003516166797E+08 0.1935000000000E+03
003 5           0.10000000E+01 0.83300000E-07 0.83300000E-07 0.83300000E-07
 0.3003516237305E+08 0.1935000000000E+03
003 6           0.10000000E+01 0.83300000E-07 0.83300000E-07 0.83300000E-07
 0.3003516265988E+08 0.1935000000000E+03
003 7           0.10000000E+01 0.83300000E-07 0.83300000E-07 0.83300000E-07
 0.3003516152075E+08 0.1935000000000E+03
003 8           0.10000000E+01 0.83300000E-07 0.83300000E-07 0.83300000E-07
 0.3003516203285E+08 0.1935000000000E+03
003 9           0.10000000E+01 0.83300000E-07 0.83300000E-07 0.83300000E-07
 0.3003516132232E+08 0.1935000000000E+03
00310           0.10000000E+01 0.83300000E-07 0.83300000E-07 0.83300000E-07
 0.3003516297844E+08 0.1935000000000E+03
00311           0.10000000E+01 0.83300000E-07 0.83300000E-07 0.83300000E-07
 0.3003516191827E+08 0.1935000000000E+03
00312           0.10000000E+01 0.83300000E-07 0.83300000E-07 0.83300000E-07
 0.3003516272694E+08 0.1935000000000E+03
00313           0.10000000E+01 0.83300000E-07 0.83300000E-07 0.83300000E-07
 0.3003516153537E+08 0.1935000000000E+03
00314           0.10000000E+01 0.83300000E-07 0.83300000E-07 0.83300000E-07
 0.3003516164688E+08 0.1935000000000E+03
00315           0.10000000E+01 0.83300000E-07 0.83300000E-07 0.83300000E-07
 0.3003516276794E+08 0.1935000000000E+03
00316           0.10000000E+01 0.83300000E-07 0.83300000E-07 0.83300000E-07
 0.3003516183340E+08 0.1935000000000E+03
00317           0.10000000E+01 0.83300000E-07 0.83300000E-07 0.83300000E-07
 0.3003516241093E+08 0.1935000000000E+03
00318           0.10000000E+01 0.83300000E-07 0.83300000E-07 0.83300000E-07
 0.3003516156150E+08 0.1935000000000E+03
00319           0.10000000E+01 0.83300000E-07 0.83300000E-07 0.83300000E-07
 0.3003516209021E+08 0.1935000000000E+03
00320           0.10000000E+01 0.83300000E-07 0.83300000E-07 0.83300000E-07
 0.3003516272058E+08 0.1935000000000E+03
00321           0.10000000E+01 0.83300000E-07 0.83300000E-07 0.83300000E-07
 0.3003516152955E+08 0.1935000000000E+03
00322           0.10000000E+01 0.83300000E-07 0.83300000E-07 0.83300000E-07
 0.3003516247924E+08 0.1935000000000E+03
00323           0.10000000E+01 0.83300000E-07 0.83300000E-07 0.83300000E-07
 0.3003516224588E+08 0.1935000000000E+03
00324           0.10000000E+01 0.83300000E-07 0.83300000E-07 0.83300000E-07
 0.3003516272880E+08 0.1935000000000E+03
00325           0.10000000E+01 0.83300000E-07 0.83300000E-07 0.83300000E-07
 0.3003516182972E+08 0.1935000000000E+03
00326           0.10000000E+01 0.83300000E-07 0.83300000E-07 0.83300000E-07
 0.3003516250341E+08 0.1935000000000E+03
00327           0.10000000E+01 0.83300000E-07 0.83300000E-07 0.83300000E-07
 0.3003516227857E+08 0.1935000000000E+03
00328           0.10000000E+01 0.83300000E-07 0.83300000E-07 0.83300000E-07
 0.3003516206129E+08 0.1935000000000E+03
00329           0.10000000E+01 0.83300000E-07 0.83300000E-07 0.83300000E-07
 0.3003516170041E+08 0.1935000000000E+03
00330           0.10000000E+01 0.83300000E-07 0.83300000E-07 0.83300000E-07
 0.3003516253506E+08 0.1935000000000E+03
00331           0.10000000E+01 0.83300000E-07 0.83300000E-07 0.83300000E-07
 0.3003516185842E+08 0.1935000000000E+03
00332           0.10000000E+01 0.83300000E-07 0.83300000E-07 0.83300000E-07
 0.3003516181708E+08 0.1935000000000E+03
00333           0.10000000E+01 0.83300000E-07 0.83300000E-07 0.83300000E-07
 0.3003516207336E+08 0.1935000000000E+03
00334           0.10000000E+01 0.83300000E-07 0.83300000E-07 0.83300000E-07
 0.3003516255806E+08 0.1935000000000E+03
00335           0.10000000E+01 0.83300000E-07 0.83300000E-07 0.83300000E-07
 0.3003516251366E+08 0.1935000000000E+03
00336           0.10000000E+01 0.83300000E-07 0.83300000E-07 0.83300000E-07
 0.3003516231021E+08 0.1935000000000E+03
00337           0.10000000E+01 0.83300000E-07 0.83300000E-07 0.83300000E-07
 0.3003516174019E+08 0.1935000000000E+03
00338           0.10000000E+01 0.83300000E-07 0.83300000E-07 0.83300000E-07
 0.3003516187148E+08 0.1935000000000E+03
00339           0.10000000E+01 0.83300000E-07 0.83300000E-07 0.83300000E-07
 0.3003516231813E+08 0.1935000000000E+03
00340           0.10000000E+01 0.83300000E-07 0.83300000E-07 0.83300000E-07
 0.3003516210401E+08 0.1935000000000E+03
00341           0.10000000E+01 0.83300000E-07 0.83300000E-07 0.83300000E-07
 0.3003516245158E+08 0.1935000000000E+03
00342           0.10000000E+01 0.83300000E-07 0.83300000E-07 0.83300000E-07
 0.3003516248323E+08 0.1935000000000E+03
00343           0.10000000E+01 0.83300000E-07 0.83300000E-07 0.83300000E-07
 0.3003516211027E+08 0.1935000000000E+03
00344           0.10000000E+01 0.83300000E-07 0.83300000E-07 0.83300000E-07
 0.3003516195352E+08 0.1935000000000E+03
00345           0.10000000E+01 0.83300000E-07 0.83300000E-07 0.83300000E-07
 0.3003516189821E+08 0.1935000000000E+03
00346           0.10000000E+01 0.83300000E-07 0.83300000E-07 0.83300000E-07
 0.3003516235553E+08 0.1935000000000E+03
00347           0.10000000E+01 0.83300000E-07 0.83300000E-07 0.83300000E-07
 0.3003516231510E+08 0.1935000000000E+03
00348           0.10000000E+01 0.83300000E-07 0.83300000E-07 0.83300000E-07
 0.3003516184086E+08 0.1935000000000E+03
00349           0.10000000E+01 0.83300000E-07 0.83300000E-07 0.83300000E-07
 0.3003516190938E+08 0.1935000000000E+03
00350           0.10000000E+01 0.83300000E-07 0.83300000E-07 0.83300000E-07
 0.3003516214361E+08 0.1935000000000E+03
00351           0.10000000E+01 0.83300000E-07 0.83300000E-07 0.83300000E-07
 0.3003516234655E+08 0.1935000000000E+03
00352           0.10000000E+01 0.83300000E-07 0.83300000E-07 0.83300000E-07
 0.3003516245970E+08 0.1935000000000E+03
00353           0.10000000E+01 0.83300000E-07 0.83300000E-07 0.83300000E-07
 0.3003516241830E+08 0.1935000000000E+03
00354           0.10000000E+01 0.83300000E-07 0.83300000E-07 0.83300000E-07
 0.3003516230938E+08 0.1935000000000E+03
00355           0.10000000E+01 0.83300000E-07 0.83300000E-07 0.83300000E-07
 0.3003516217973E+08 0.1935000000000E+03
00356           0.10000000E+01 0.83300000E-07 0.83300000E-07 0.83300000E-07
 0.3003516197181E+08 0.1935000000000E+03
00357           0.10000000E+01 0.83300000E-07 0.83300000E-07 0.83300000E-07
 0.3003516192971E+08 0.1935000000000E+03
00358           0.10000000E+01 0.83300000E-07 0.83300000E-07 0.83300000E-07
 0.3003516183075E+08 0.1875000000000E+03
00359           0.10000000E+01 0.83300000E-07 0.83300000E-07 0.83300000E-07
 0.3003516214783E+08 0.1875000000000E+03
00360           0.10000000E+01 0.83300000E-07 0.83300000E-07 0.83300000E-07
 0.3003516246145E+08 0.1875000000000E+03
00361           0.10000000E+01 0.83300000E-07 0.83300000E-07 0.83300000E-07
 0.3003516218896E+08 0.1875000000000E+03
00362           0.10000000E+01 0.83300000E-07 0.83300000E-07 0.83300000E-07
 0.3003516194014E+08 0.1875000000000E+03
00363           0.10000000E+01 0.83300000E-07 0.83300000E-07 0.83300000E-07
 0.3003516197702E+08 0.1875000000000E+03
00364           0.10000000E+01 0.83300000E-07 0.83300000E-07 0.83300000E-07
 0.3003516238558E+08 0.1875000000000E+03
00365           0.10000000E+01 0.83300000E-07 0.83300000E-07 0.83300000E-07
 0.3003516237633E+08 0.1875000000000E+03
00366           0.10000000E+01 0.83300000E-07 0.83300000E-07 0.83300000E-07
 0.3003516199604E+08 0.1875000000000E+03
00367           0.10000000E+01 0.83300000E-07 0.83300000E-07 0.83300000E-07
 0.3003516238394E+08 0.1880550000000E+03
00368           0.10000000E+01 0.83300000E-07 0.83300000E-07 0.83300000E-07
 0.3003516197073E+08 0.1880969999999E+03
00369           0.10000000E+01 0.83300000E-07 0.83300000E-07 0.83300000E-07
 0.3003516239712E+08 0.1881180000000E+03
00370           0.10000000E+01 0.83300000E-07 0.83300000E-07 0.83300000E-07
 0.3003516198480E+08 0.1881390000000E+03
00371           0.10000000E+01 0.83300000E-07 0.83300000E-07 0.83300000E-07
 0.3003516219031E+08 0.1883070000000E+03
00372           0.10000000E+01 0.83300000E-07 0.83300000E-07 0.83300000E-07
 0.3003516249072E+08 0.1883670000000E+03
00373           0.10000000E+01 0.83300000E-07 0.83300000E-07 0.83300000E-07
 0.3003516218303E+08 0.1884210000000E+03
00374           0.10000000E+01 0.83300000E-07 0.83300000E-07 0.83300000E-07
 0.3003516183721E+08 0.1886070000000E+03
00375           0.10000000E+01 0.83300000E-07 0.83300000E-07 0.83300000E-07
 0.3003516247400E+08 0.1888890000000E+03
00376           0.10000000E+01 0.83300000E-07 0.83300000E-07 0.83300000E-07
 0.3003516208412E+08 0.1889460000000E+03
00377           0.10000000E+01 0.83300000E-07 0.83300000E-07 0.83300000E-07
 0.3003516232114E+08 0.1890060000000E+03
00378           0.10000000E+01 0.83300000E-07 0.83300000E-07 0.83300000E-07
 0.3003516194629E+08 0.1890240000000E+03
00379           0.10000000E+01 0.83300000E-07 0.83300000E-07 0.83300000E-07
 0.3003516174640E+08 0.1890270000000E+03
00380           0.10000000E+01 0.83300000E-07 0.83300000E-07 0.83300000E-07
 0.3003516252502E+08 0.1890540000000E+03
00381           0.10000000E+01 0.83300000E-07 0.83300000E-07 0.83300000E-07
 0.3003516237367E+08 0.1891170000000E+03
00382           0.10000000E+01 0.83300000E-07 0.83300000E-07 0.83300000E-07
 0.3003516190764E+08 0.1891260000000E+03
00383           0.10000000E+01 0.83300000E-07 0.83300000E-07 0.83300000E-07
 0.3003516184363E+08 0.1891410000000E+03
00384           0.10000000E+01 0.83300000E-07 0.83300000E-07 0.83300000E-07
 0.3003516214109E+08 0.1893570000000E+03
00385           0.10000000E+01 0.83300000E-07 0.83300000E-07 0.83300000E-07
 0.3003516260191E+08 0.1893690000000E+03
00386           0.10000000E+01 0.83300000E-07 0.83300000E-07 0.83300000E-07
 0.3003516170332E+08 0.1896060000000E+03
00387           0.10000000E+01 0.83300000E-07 0.83300000E-07 0.83300000E-07
 0.3003516221828E+08 0.1897380000000E+03
00388           0.10000000E+01 0.83300000E-07 0.83300000E-07 0.83300000E-07
 0.3003516256601E+08 0.1898189999999E+03
00389           0.10000000E+01 0.83300000E-07 0.83300000E-07 0.83300000E-07
 0.3003516189616E+08 0.1898310000000E+03
00390           0.10000000E+01 0.83300000E-07 0.83300000E-07 0.83300000E-07
 0.3003516175950E+08 0.1898550000000E+03
00391           0.10000000E+01 0.83300000E-07 0.83300000E-07 0.83300000E-07
 0.3003516260424E+08 0.1899210000000E+03
00392           0.10000000E+01 0.83300000E-07 0.83300000E-07 0.83300000E-07
 0.3003516205852E+08 0.1899210000000E+03
00393           0.10000000E+01 0.83300000E-07 0.83300000E-07 0.83300000E-07
 0.3003516188825E+08 0.1899780000000E+03
00394           0.10000000E+01 0.83300000E-07 0.83300000E-07 0.83300000E-07
 0.3003516272762E+08 0.1899930000000E+03
00395           0.10000000E+01 0.83300000E-07 0.83300000E-07 0.83300000E-07
 0.3003516241198E+08 0.1900679999999E+03
00396           0.10000000E+01 0.83300000E-07 0.83300000E-07 0.83300000E-07
 0.3003516222783E+08 0.1900710000000E+03
00397           0.10000000E+01 0.83300000E-07 0.83300000E-07 0.83300000E-07
 0.3003516246976E+08 0.1901670000000E+03
00398           0.10000000E+01 0.83300000E-07 0.83300000E-07 0.83300000E-07
 0.3003516148531E+08 0.1902270000000E+03
00399           0.10000000E+01 0.83300000E-07 0.83300000E-07 0.83300000E-07
 0.3003516279441E+08 0.1902570000000E+03
004 0           0.10000000E+01 0.83300000E-07 0.83300000E-07 0.83300000E-07
 0.3003516162961E+08 0.1902960000000E+03
004 1           0.10000000E+01 0.83300000E-07 0.83300000E-07 0.83300000E-07
 0.3003516169001E+08 0.1904790000000E+03
004 2           0.10000000E+01 0.83300000E-07 0.83300000E-07 0.83300000E-07
 0.3003516194872E+08 0.1905231000000E+03
004 3           0.10000000E+01 0.83300000E-07 0.83300000E-07 0.83300000E-07
 0.3003516158556E+08 0.1905258000000E+03
004 4           0.10000000E+01 0.83300000E-07 0.83300000E-07 0.83300000E-07
 0.3003516219202E+08 0.1906014000000E+03
004 5           0.10000000E+01 0.83300000E-07 0.83300000E-07 0.83300000E-07
 0.3003516137645E+08 0.1906575000000E+03
004 6           0.10000000E+01 0.83300000E-07 0.83300000E-07 0.83300000E-07
 0.3003516291513E+08 0.1907541000000E+03
004 7           0.10000000E+01 0.83300000E-07 0.83300000E-07 0.83300000E-07
 0.3003516286274E+08 0.1907616000000E+03
004 8           0.10000000E+01 0.83300000E-07 0.83300000E-07 0.83300000E-07
 0.3003516151600E+08 0.1907721000000E+03
004 9           0.10000000E+01 0.83300000E-07 0.83300000E-07 0.83300000E-07
 0.3003516175504E+08 0.1908362999999E+03
00410           0.10000000E+01 0.83300000E-07 0.83300000E-07 0.83300000E-07
 0.3003516275403E+08 0.1908536999999E+03
00411           0.10000000E+01 0.83300000E-07 0.83300000E-07 0.83300000E-07
 0.3003516268925E+08 0.1908729000000E+03
00412           0.10000000E+01 0.83300000E-07 0.83300000E-07 0.83300000E-07
 0.3003516243172E+08 0.1909212000000E+03
00413           0.10000000E+01 0.83300000E-07 0.83300000E-07 0.83300000E-07
 0.3003516171765E+08 0.1909317000000E+03
00414           0.10000000E+01 0.83300000E-07 0.83300000E-07 0.83300000E-07
 0.3003516307606E+08 0.1909335000000E+03
00415           0.10000000E+01 0.83300000E-07 0.83300000E-07 0.83300000E-07
 0.3003516241671E+08 0.1909533000000E+03
00416           0.10000000E+01 0.83300000E-07 0.83300000E-07 0.83300000E-07
 0.3003516205475E+08 0.1909821000000E+03
00417           0.10000000E+01 0.83300000E-07 0.83300000E-07 0.83300000E-07
 0.3003516148146E+08 0.1911963000000E+03
00418           0.10000000E+01 0.83300000E-07 0.83300000E-07 0.83300000E-07
 0.3003516193293E+08 0.1912110000000E+03
00419           0.10000000E+01 0.83300000E-07 0.83300000E-07 0.83300000E-07
 0.3003516128749E+08 0.1912422000000E+03
00420           0.10000000E+01 0.83300000E-07 0.83300000E-07 0.83300000E-07
 0.3003516130299E+08 0.1912470000000E+03
00421           0.10000000E+01 0.83300000E-07 0.83300000E-07 0.83300000E-07
 0.3003516321304E+08 0.1912761000000E+03
00422           0.10000000E+01 0.83300000E-07 0.83300000E-07 0.83300000E-07
 0.3003516097072E+08 0.1914258000000E+03
00423           0.10000000E+01 0.83300000E-07 0.83300000E-07 0.83300000E-07
 0.3003516219548E+08 0.1915005000000E+03
00424           0.10000000E+01 0.83300000E-07 0.83300000E-07 0.83300000E-07
 0.3003516335135E+08 0.1915308000000E+03
00425           0.10000000E+01 0.83300000E-07 0.83300000E-07 0.83300000E-07
 0.3003516255367E+08 0.1915350000000E+03
00426           0.10000000E+01 0.83300000E-07 0.83300000E-07 0.83300000E-07
 0.3003516099490E+08 0.1915914000000E+03
00427           0.10000000E+01 0.83300000E-07 0.83300000E-07 0.83300000E-07
 0.3003516117646E+08 0.1916106000000E+03
00428           0.10000000E+01 0.83300000E-07 0.83300000E-07 0.83300000E-07
 0.3003516323626E+08 0.1916604000000E+03
00429           0.10000000E+01 0.83300000E-07 0.83300000E-07 0.83300000E-07
 0.3003516322024E+08 0.1916663999999E+03
00430           0.10000000E+01 0.83300000E-07 0.83300000E-07 0.83300000E-07
 0.3003516286478E+08 0.1916862000000E+03
00431           0.10000000E+01 0.83300000E-07 0.83300000E-07 0.83300000E-07
 0.3003516084515E+08 0.1916940000000E+03
00432           0.10000000E+01 0.83300000E-07 0.83300000E-07 0.83300000E-07
 0.3003516157491E+08 0.1916952000000E+03
00433           0.10000000E+01 0.83300000E-07 0.83300000E-07 0.83300000E-07
 0.3003516126667E+08 0.1917087000000E+03
00434           0.10000000E+01 0.83300000E-07 0.83300000E-07 0.83300000E-07
 0.3003516169502E+08 0.1917462000000E+03
00435           0.10000000E+01 0.83300000E-07 0.83300000E-07 0.83300000E-07
 0.3003516237466E+08 0.1917969000000E+03
00436           0.10000000E+01 0.83300000E-07 0.83300000E-07 0.83300000E-07
 0.3003516120890E+08 0.1918407000000E+03
00437           0.10000000E+01 0.83300000E-07 0.83300000E-07 0.83300000E-07
 0.3003516366861E+08 0.1918659000000E+03
00438           0.10000000E+01 0.83300000E-07 0.83300000E-07 0.83300000E-07
 0.3003516292584E+08 0.1918968000000E+03
00439           0.10000000E+01 0.83300000E-07 0.83300000E-07 0.83300000E-07
 0.3003516184152E+08 0.1919723999999E+03
00440           0.10000000E+01 0.83300000E-07 0.83300000E-07 0.83300000E-07
 0.3003516089015E+08 0.1920033000000E+03
00441           0.10000000E+01 0.83300000E-07 0.83300000E-07 0.83300000E-07
 0.3003516050285E+08 0.1921230000000E+03
00442           0.10000000E+01 0.83300000E-07 0.83300000E-07 0.83300000E-07
 0.3003516396352E+08 0.1921995000000E+03
00443           0.10000000E+01 0.83300000E-07 0.83300000E-07 0.83300000E-07
 0.3003516198422E+08 0.1922289000000E+03
00444           0.10000000E+01 0.83300000E-07 0.83300000E-07 0.83300000E-07
 0.3003516207603E+08 0.1922379000000E+03
00445           0.10000000E+01 0.83300000E-07 0.83300000E-07 0.83300000E-07
 0.3003516239974E+08 0.1922631000000E+03
00446           0.10000000E+01 0.83300000E-07 0.83300000E-07 0.83300000E-07
 0.3003516049716E+08 0.1922712000000E+03
00447           0.10000000E+01 0.83300000E-07 0.83300000E-07 0.83300000E-07
 0.3003516107707E+08 0.1922943000000E+03
00448           0.10000000E+01 0.83300000E-07 0.83300000E-07 0.83300000E-07
 0.3003516064410E+08 0.1923210000000E+03
00449           0.10000000E+01 0.83300000E-07 0.83300000E-07 0.83300000E-07
 0.3003516352694E+08 0.1923663000000E+03
00450           0.10000000E+01 0.83300000E-07 0.83300000E-07 0.83300000E-07
 0.3003516065067E+08 0.1923738000000E+03
00451           0.10000000E+01 0.83300000E-07 0.83300000E-07 0.83300000E-07
 0.3003516396226E+08 0.1924200000000E+03
00452           0.10000000E+01 0.83300000E-07 0.83300000E-07 0.83300000E-07
 0.3003516082742E+08 0.1924344000000E+03
00453           0.10000000E+01 0.83300000E-07 0.83300000E-07 0.83300000E-07
 0.3003516070123E+08 0.1924824000000E+03
00454           0.10000000E+01 0.83300000E-07 0.83300000E-07 0.83300000E-07
 0.3003516019993E+08 0.1925304000000E+03
00455           0.10000000E+01 0.83300000E-07 0.83300000E-07 0.83300000E-07
 0.3003516117959E+08 0.1925418000000E+03
00456           0.10000000E+01 0.83300000E-07 0.83300000E-07 0.83300000E-07
 0.3003516420150E+08 0.1925757000000E+03
00457           0.10000000E+01 0.83300000E-07 0.83300000E-07 0.83300000E-07
 0.3003516359352E+08 0.1925787000000E+03
00458           0.10000000E+01 0.83300000E-07 0.83300000E-07 0.83300000E-07
 0.3003516395946E+08 0.1925802000000E+03
00459           0.10000000E+01 0.83300000E-07 0.83300000E-07 0.83300000E-07
 0.3003516151396E+08 0.1926012000000E+03
00460           0.10000000E+01 0.83300000E-07 0.83300000E-07 0.83300000E-07
 0.3003516216888E+08 0.1926036000000E+03
00461           0.10000000E+01 0.83300000E-07 0.83300000E-07 0.83300000E-07
 0.3003516327023E+08 0.1926249000000E+03
00462           0.10000000E+01 0.83300000E-07 0.83300000E-07 0.83300000E-07
 0.3003516439887E+08 0.1926840000000E+03
00463           0.10000000E+01 0.83300000E-07 0.83300000E-07 0.83300000E-07
 0.3003516079818E+08 0.1926960000000E+03
00464           0.10000000E+01 0.83300000E-07 0.83300000E-07 0.83300000E-07
 0.3003516258656E+08 0.1927038000000E+03
00465           0.10000000E+01 0.83300000E-07 0.83300000E-07 0.83300000E-07
 0.3003516191127E+08 0.1927212000000E+03
00466           0.10000000E+01 0.83300000E-07 0.83300000E-07 0.83300000E-07
 0.3003516474898E+08 0.1927410000000E+03
00467           0.10000000E+01 0.83300000E-07 0.83300000E-07 0.83300000E-07
 0.3003516028139E+08 0.1927596000000E+03
00468           0.10000000E+01 0.83300000E-07 0.83300000E-07 0.83300000E-07
 0.3003516147270E+08 0.1927662000000E+03
00469           0.10000000E+01 0.83300000E-07 0.83300000E-07 0.83300000E-07
 0.3003516410146E+08 0.1927836000000E+03
00470           0.10000000E+01 0.83300000E-07 0.83300000E-07 0.83300000E-07
 0.3003516073577E+08 0.1928049000000E+03
00471           0.10000000E+01 0.83300000E-07 0.83300000E-07 0.83300000E-07
 0.3003516278861E+08 0.1928151000000E+03
00472           0.10000000E+01 0.83300000E-07 0.83300000E-07 0.83300000E-07
 0.3003515987393E+08 0.1928202000000E+03
00473           0.10000000E+01 0.83300000E-07 0.83300000E-07 0.83300000E-07
 0.3003516004304E+08 0.1928544000000E+03
00474           0.10000000E+01 0.83300000E-07 0.83300000E-07 0.83300000E-07
 0.3003516230624E+08 0.1928724000000E+03
00475           0.10000000E+01 0.83300000E-07 0.83300000E-07 0.83300000E-07
 0.3003516017305E+08 0.1928964000000E+03
00476           0.10000000E+01 0.83300000E-07 0.83300000E-07 0.83300000E-07
 0.3003516011020E+08 0.1929504000000E+03
00477           0.10000000E+01 0.83300000E-07 0.83300000E-07 0.83300000E-07
 0.3003516195818E+08 0.1929618000000E+03
00478           0.10000000E+01 0.83300000E-07 0.83300000E-07 0.83300000E-07
 0.3003516226466E+08 0.1929867000000E+03
00479           0.10000000E+01 0.83300000E-07 0.83300000E-07 0.83300000E-07
 0.3003516459729E+08 0.1929978000000E+03
00480           0.10000000E+01 0.83300000E-07 0.83300000E-07 0.83300000E-07
 0.3003516044714E+08 0.1930128000000E+03
00481           0.10000000E+01 0.83300000E-07 0.83300000E-07 0.83300000E-07
 0.3003516446602E+08 0.1930239000000E+03
00482           0.10000000E+01 0.83300000E-07 0.83300000E-07 0.83300000E-07
 0.3003516004033E+08 0.1930584000000E+03
00483           0.10000000E+01 0.83300000E-07 0.83300000E-07 0.83300000E-07
 0.3003516070342E+08 0.1930734000000E+03
00484           0.10000000E+01 0.83300000E-07 0.83300000E-07 0.83300000E-07
 0.3003516251143E+08 0.1930784999999E+03
00485           0.10000000E+01 0.83300000E-07 0.83300000E-07 0.83300000E-07
 0.3003516161281E+08 0.1931115000000E+03
00486           0.10000000E+01 0.83300000E-07 0.83300000E-07 0.83300000E-07
 0.3003515955986E+08 0.1931361000000E+03
00487           0.10000000E+01 0.83300000E-07 0.83300000E-07 0.83300000E-07
 0.3003516459305E+08 0.1931541000000E+03
00488           0.10000000E+01 0.83300000E-07 0.83300000E-07 0.83300000E-07
 0.3003516495186E+08 0.1931751000000E+03
00489           0.10000000E+01 0.83300000E-07 0.83300000E-07 0.83300000E-07
 0.3003515991795E+08 0.1931865000000E+03
00490           0.10000000E+01 0.83300000E-07 0.83300000E-07 0.83300000E-07
 0.3003516601394E+08 0.1931883000000E+03
00491           0.10000000E+01 0.83300000E-07 0.83300000E-07 0.83300000E-07
 0.3003516361498E+08 0.1931925000000E+03
00492           0.10000000E+01 0.83300000E-07 0.83300000E-07 0.83300000E-07
 0.3003516424181E+08 0.1932168000000E+03
00493           0.10000000E+01 0.83300000E-07 0.83300000E-07 0.83300000E-07
 0.3003516204374E+08 0.1932288600000E+03
00494           0.10000000E+01 0.83300000E-07 0.83300000E-07 0.83300000E-07
 0.3003515978330E+08 0.1932293700000E+03
00495           0.10000000E+01 0.83300000E-07 0.83300000E-07 0.83300000E-07
 0.3003446714452E+08 0.1937535300000E+03
00496           0.10000000E+01 0.83300000E-07 0.83300000E-07 0.83300000E-07
 0.3003466734310E+08 0.1937665800000E+03
00497           0.10000000E+01 0.83300000E-07 0.83300000E-07 0.83300000E-07
 0.3003456979165E+08 0.1937842800000E+03
00498           0.10000000E+01 0.83300000E-07 0.83300000E-07 0.83300000E-07
 0.3003398352554E+08 0.1938162000000E+03
00499           0.10000000E+01 0.83300000E-07 0.83300000E-07 0.83300000E-07
 0.3003382292312E+08 0.1938762000000E+03
005 0           0.10000000E+01 0.83300000E-07 0.83300000E-07 0.83300000E-07
 0.3003416049806E+08 0.1939119000000E+03
005 1           0.10000000E+01 0.83300000E-07 0.83300000E-07 0.83300000E-07
 0.3003447510103E+08 0.1939251000000E+03
005 2           0.10000000E+01 0.83300000E-07 0.83300000E-07 0.83300000E-07
 0.3003383958899E+08 0.1939287000000E+03
005 3           0.10000000E+01 0.83300000E-07 0.83300000E-07 0.83300000E-07
 0.3003443329152E+08 0.1939305000000E+03
005 4           0.10000000E+01 0.83300000E-07 0.83300000E-07 0.83300000E-07
 0.3003448543076E+08 0.1939307999999E+03
005 5           0.10000000E+01 0.83300000E-07 0.83300000E-07 0.83300000E-07
 0.3003388290556E+08 0.1939551000000E+03
005 6           0.10000000E+01 0.83300000E-07 0.83300000E-07 0.83300000E-07
 0.3003416045719E+08 0.1939824000000E+03
005 7           0.10000000E+01 0.83300000E-07 0.83300000E-07 0.83300000E-07
 0.3003360952068E+08 0.1939938000000E+03
005 8           0.10000000E+01 0.83300000E-07 0.83300000E-07 0.83300000E-07
 0.3003428626893E+08 0.1939941000000E+03
005 9           0.10000000E+01 0.83300000E-07 0.83300000E-07 0.83300000E-07
 0.3003343922249E+08 0.1940019000000E+03
00510           0.10000000E+01 0.83300000E-07 0.83300000E-07 0.83300000E-07
 0.3003430131147E+08 0.1940136000000E+03
00511           0.10000000E+01 0.83300000E-07 0.83300000E-07 0.83300000E-07
 0.3003323766801E+08 0.1940147999999E+03
00512           0.10000000E+01 0.83300000E-07 0.83300000E-07 0.83300000E-07
 0.3003411759190E+08 0.1940406000000E+03
00513           0.10000000E+01 0.83300000E-07 0.83300000E-07 0.83300000E-07
 0.3003311604959E+08 0.1940619000000E+03
00514           0.10000000E+01 0.83300000E-07 0.83300000E-07 0.83300000E-07
 0.3003426488416E+08 0.1940694000000E+03
00515           0.10000000E+01 0.83300000E-07 0.83300000E-07 0.83300000E-07
 0.3003426785107E+08 0.1940694000000E+03
00516           0.10000000E+01 0.83300000E-07 0.83300000E-07 0.83300000E-07
 0.3003388630218E+08 0.1940781000000E+03
00517           0.10000000E+01 0.83300000E-07 0.83300000E-07 0.83300000E-07
 0.3003400106374E+08 0.1941192000000E+03
00518           0.10000000E+01 0.83300000E-07 0.83300000E-07 0.83300000E-07
 0.3003405949456E+08 0.1941240000000E+03
00519           0.10000000E+01 0.83300000E-07 0.83300000E-07 0.83300000E-07
 0.3003301417684E+08 0.1941324000000E+03
00520           0.10000000E+01 0.83300000E-07 0.83300000E-07 0.83300000E-07
 0.3003413718288E+08 0.1941405000000E+03
00521           0.10000000E+01 0.83300000E-07 0.83300000E-07 0.83300000E-07
 0.3003365637005E+08 0.1941527999999E+03
00522           0.10000000E+01 0.83300000E-07 0.83300000E-07 0.83300000E-07
 0.3003406638045E+08 0.1941971999999E+03
00523           0.10000000E+01 0.83300000E-07 0.83300000E-07 0.83300000E-07
 0.3003253261526E+08 0.1942134000000E+03
00524           0.10000000E+01 0.83300000E-07 0.83300000E-07 0.83300000E-07
 0.3003395648029E+08 0.1942731000000E+03
00525           0.10000000E+01 0.83300000E-07 0.83300000E-07 0.83300000E-07
 0.3003257038588E+08 0.1942845000000E+03
00526           0.10000000E+01 0.83300000E-07 0.83300000E-07 0.83300000E-07
 0.3003308902631E+08 0.1943094000000E+03
00527           0.10000000E+01 0.83300000E-07 0.83300000E-07 0.83300000E-07
 0.3003203381914E+08 0.1943205000000E+03
00528           0.10000000E+01 0.83300000E-07 0.83300000E-07 0.83300000E-07
 0.3003280326166E+08 0.1943496000000E+03
00529           0.10000000E+01 0.83300000E-07 0.83300000E-07 0.83300000E-07
 0.3003362363196E+08 0.1943547000000E+03
00530           0.10000000E+01 0.83300000E-07 0.83300000E-07 0.83300000E-07
 0.3003289308967E+08 0.1943766000000E+03
00531           0.10000000E+01 0.83300000E-07 0.83300000E-07 0.83300000E-07
 0.3003366971495E+08 0.1943925000000E+03
00532           0.10000000E+01 0.83300000E-07 0.83300000E-07 0.83300000E-07
 0.3003374595769E+08 0.1943949000000E+03
00533           0.10000000E+01 0.83300000E-07 0.83300000E-07 0.83300000E-07
 0.3003331627092E+08 0.1944126000000E+03
00534           0.10000000E+01 0.83300000E-07 0.83300000E-07 0.83300000E-07
 0.3003365990919E+08 0.1944243000000E+03
00535           0.10000000E+01 0.83300000E-07 0.83300000E-07 0.83300000E-07
 0.3003361973174E+08 0.1944828000000E+03
00536           0.10000000E+01 0.83300000E-07 0.83300000E-07 0.83300000E-07
 0.3003218517324E+08 0.1944909000000E+03
00537           0.10000000E+01 0.83300000E-07 0.83300000E-07 0.83300000E-07
 0.3003361532986E+08 0.1945020000000E+03
00538           0.10000000E+01 0.83300000E-07 0.83300000E-07 0.83300000E-07
 0.3003346235603E+08 0.1945053000000E+03
00539           0.10000000E+01 0.83300000E-07 0.83300000E-07 0.83300000E-07
 0.3003200998062E+08 0.1945275000000E+03
00540           0.10000000E+01 0.83300000E-07 0.83300000E-07 0.83300000E-07
 0.3003147726903E+08 0.1945461000000E+03
00541           0.10000000E+01 0.83300000E-07 0.83300000E-07 0.83300000E-07
 0.3003134743843E+08 0.1945557000000E+03
00542           0.10000000E+01 0.83300000E-07 0.83300000E-07 0.83300000E-07
 0.3003265268978E+08 0.1945659000000E+03
00543           0.10000000E+01 0.83300000E-07 0.83300000E-07 0.83300000E-07
 0.3003343463759E+08 0.1945755000000E+03
00544           0.10000000E+01 0.83300000E-07 0.83300000E-07 0.83300000E-07
 0.3003309392416E+08 0.1945770000000E+03
00545           0.10000000E+01 0.83300000E-07 0.83300000E-07 0.83300000E-07
 0.3003284878776E+08 0.1946067000000E+03
00546           0.10000000E+01 0.83300000E-07 0.83300000E-07 0.83300000E-07
 0.3003309146967E+08 0.1946154000000E+03
00547           0.10000000E+01 0.83300000E-07 0.83300000E-07 0.83300000E-07
 0.3003078047100E+08 0.1946337000000E+03
00548           0.10000000E+01 0.83300000E-07 0.83300000E-07 0.83300000E-07
 0.3003269588011E+08 0.1946505000000E+03
00549           0.10000000E+01 0.83300000E-07 0.83300000E-07 0.83300000E-07
 0.3003236371673E+08 0.1947009000000E+03
00550           0.10000000E+01 0.83300000E-07 0.83300000E-07 0.83300000E-07
 0.3003311282510E+08 0.1947324000000E+03
00551           0.10000000E+01 0.83300000E-07 0.83300000E-07 0.83300000E-07
 0.3003029328272E+08 0.1947546000000E+03
00552           0.10000000E+01 0.83300000E-07 0.83300000E-07 0.83300000E-07
 0.3003316226350E+08 0.1948065000000E+03
00553           0.10000000E+01 0.83300000E-07 0.83300000E-07 0.83300000E-07
 0.3003025143680E+08 0.1949574000000E+03
00554           0.10000000E+01 0.83300000E-07 0.83300000E-07 0.83300000E-07
 0.3003258786625E+08 0.1949655000000E+03
00555           0.10000000E+01 0.83300000E-07 0.83300000E-07 0.83300000E-07
 0.3003042761318E+08 0.1950108000000E+03
00556           0.10000000E+01 0.83300000E-07 0.83300000E-07 0.83300000E-07
 0.3002941744566E+08 0.1950312000000E+03
00557           0.10000000E+01 0.83300000E-07 0.83300000E-07 0.83300000E-07
 0.3003279748979E+08 0.1950417000000E+03
00558           0.10000000E+01 0.83300000E-07 0.83300000E-07 0.83300000E-07
 0.3003278392491E+08 0.1950735000000E+03
00559           0.10000000E+01 0.83300000E-07 0.83300000E-07 0.83300000E-07
 0.3003051991772E+08 0.1951025999999E+03
00560           0.10000000E+01 0.83300000E-07 0.83300000E-07 0.83300000E-07
 0.3003263084271E+08 0.1951236000000E+03
00561           0.10000000E+01 0.83300000E-07 0.83300000E-07 0.83300000E-07
 0.3003095020538E+08 0.1951458000000E+03
00562           0.10000000E+01 0.83300000E-07 0.83300000E-07 0.83300000E-07
 0.3003100245628E+08 0.1951539000000E+03
00563           0.10000000E+01 0.83300000E-07 0.83300000E-07 0.83300000E-07
 0.3002877998095E+08 0.1951551000000E+03
00564           0.10000000E+01 0.83300000E-07 0.83300000E-07 0.83300000E-07
 0.3002838316774E+08 0.1951593000000E+03
00565           0.10000000E+01 0.83300000E-07 0.83300000E-07 0.83300000E-07
 0.3003178493689E+08 0.1952349000000E+03
00566           0.10000000E+01 0.83300000E-07 0.83300000E-07 0.83300000E-07
 0.3003224267108E+08 0.1952357999999E+03
00567           0.10000000E+01 0.83300000E-07 0.83300000E-07 0.83300000E-07
 0.3003252270279E+08 0.1952454000000E+03
00568           0.10000000E+01 0.83300000E-07 0.83300000E-07 0.83300000E-07
 0.3003233683785E+08 0.1952520000000E+03
00569           0.10000000E+01 0.83300000E-07 0.83300000E-07 0.83300000E-07
 0.3003111032025E+08 0.1953636000000E+03
00570           0.10000000E+01 0.83300000E-07 0.83300000E-07 0.83300000E-07
 0.3003166412043E+08 0.1953822000000E+03
00571           0.10000000E+01 0.83300000E-07 0.83300000E-07 0.83300000E-07
 0.3003219744651E+08 0.1953867000000E+03
00572           0.10000000E+01 0.83300000E-07 0.83300000E-07 0.83300000E-07
 0.3003120005776E+08 0.1953909000000E+03
00573           0.10000000E+01 0.83300000E-07 0.83300000E-07 0.83300000E-07
 0.3003180565124E+08 0.1954050000000E+03
00574           0.10000000E+01 0.83300000E-07 0.83300000E-07 0.83300000E-07
 0.3002862130284E+08 0.1954395000000E+03
00575           0.10000000E+01 0.83300000E-07 0.83300000E-07 0.83300000E-07
 0.3002681556797E+08 0.1954866000000E+03
00576           0.10000000E+01 0.83300000E-07 0.83300000E-07 0.83300000E-07
 0.3002629764429E+08 0.1955874000000E+03
00577           0.10000000E+01 0.83300000E-07 0.83300000E-07 0.83300000E-07
 0.3003206672734E+08 0.1956060000000E+03
00578           0.10000000E+01 0.83300000E-07 0.83300000E-07 0.83300000E-07
 0.3002799005523E+08 0.1956390000000E+03
00579           0.10000000E+01 0.83300000E-07 0.83300000E-07 0.83300000E-07
 0.3002933904794E+08 0.1956495000000E+03
00580           0.10000000E+01 0.83300000E-07 0.83300000E-07 0.83300000E-07
 0.3003196296745E+08 0.1956729000000E+03
00581           0.10000000E+01 0.83300000E-07 0.83300000E-07 0.83300000E-07
 0.3002928970605E+08 0.1957053000000E+03
00582           0.10000000E+01 0.83300000E-07 0.83300000E-07 0.83300000E-07
 0.3003184465455E+08 0.1957860000000E+03
00583           0.10000000E+01 0.83300000E-07 0.83300000E-07 0.83300000E-07
 0.3003176345673E+08 0.1957869000000E+03
00584           0.10000000E+01 0.83300000E-07 0.83300000E-07 0.83300000E-07
 0.3003136933530E+08 0.1958304000000E+03
00585           0.10000000E+01 0.83300000E-07 0.83300000E-07 0.83300000E-07
 0.3002658398123E+08 0.1958742000000E+03
00586           0.10000000E+01 0.83300000E-07 0.83300000E-07 0.83300000E-07
 0.3002999138260E+08 0.1958892000000E+03
00587           0.10000000E+01 0.83300000E-07 0.83300000E-07 0.83300000E-07
 0.3003091327648E+08 0.1959258000000E+03
00588           0.10000000E+01 0.83300000E-07 0.83300000E-07 0.83300000E-07
 0.3002410216936E+08 0.1959468000000E+03
00589           0.10000000E+01 0.83300000E-07 0.83300000E-07 0.83300000E-07
 0.3002331903743E+08 0.1959912000000E+03
00590           0.10000000E+01 0.83300000E-07 0.83300000E-07 0.83300000E-07
 0.3003038044990E+08 0.1960137000000E+03
00591           0.10000000E+01 0.83300000E-07 0.83300000E-07 0.83300000E-07
 0.3002946647606E+08 0.1960872000000E+03
00592           0.10000000E+01 0.83300000E-07 0.83300000E-07 0.83300000E-07
 0.3003104940846E+08 0.1960962000000E+03
00593           0.10000000E+01 0.83300000E-07 0.83300000E-07 0.83300000E-07
 0.3003136822915E+08 0.1961109000000E+03
00594           0.10000000E+01 0.83300000E-07 0.83300000E-07 0.83300000E-07
 0.3002604553282E+08 0.1961598000000E+03
00595           0.10000000E+01 0.83300000E-07 0.83300000E-07 0.83300000E-07
 0.3002721927524E+08 0.1961829000000E+03
00596           0.10000000E+01 0.83300000E-07 0.83300000E-07 0.83300000E-07
 0.3003115500931E+08 0.1962081000000E+03
00597           0.10000000E+01 0.83300000E-07 0.83300000E-07 0.83300000E-07
 0.3003033616013E+08 0.1962423000000E+03
00598           0.10000000E+01 0.83300000E-07 0.83300000E-07 0.83300000E-07
 0.3002350479779E+08 0.1962819000000E+03
00599           0.10000000E+01 0.83300000E-07 0.83300000E-07 0.83300000E-07
 0.3002861566223E+08 0.1963283999999E+03
006 0           0.10000000E+01 0.83300000E-07 0.83300000E-07 0.83300000E-07
 0.3002784776848E+08 0.1963497000000E+03
006 1           0.10000000E+01 0.83300000E-07 0.83300000E-07 0.83300000E-07
 0.3002503497194E+08 0.1964073000000E+03
006 2           0.10000000E+01 0.83300000E-07 0.83300000E-07 0.83300000E-07
 0.3002110509226E+08 0.1965000000000E+03
006 3           0.10000000E+01 0.83300000E-07 0.83300000E-07 0.83300000E-07
 0.3001439346529E+08 0.1965000000000E+03
006 4           0.10000000E+01 0.83300000E-07 0.83300000E-07 0.83300000E-07
 0.3002108608433E+08 0.1965000000000E+03
006 5           0.10000000E+01 0.83300000E-07 0.83300000E-07 0.83300000E-07
 0.3003044945221E+08 0.1966440000000E+03
006 6           0.10000000E+01 0.83300000E-07 0.83300000E-07 0.83300000E-07
 0.3003081525350E+08 0.1966710000000E+03
006 7           0.10000000E+01 0.83300000E-07 0.83300000E-07 0.83300000E-07
 0.3003083759432E+08 0.1966860000000E+03
006 8           0.10000000E+01 0.83300000E-07 0.83300000E-07 0.83300000E-07
 0.3002938326043E+08 0.1967130000000E+03
006 9           0.10000000E+01 0.83300000E-07 0.83300000E-07 0.83300000E-07
 0.3002997987666E+08 0.1967670000000E+03
00610           0.10000000E+01 0.83300000E-07 0.83300000E-07 0.83300000E-07
 0.3002905729659E+08 0.1967760000000E+03
00611           0.10000000E+01 0.83300000E-07 0.83300000E-07 0.83300000E-07
 0.3002566426826E+08 0.1967880000000E+03
00612           0.10000000E+01 0.83300000E-07 0.83300000E-07 0.83300000E-07
 0.3002559383907E+08 0.1967970000000E+03
00613           0.10000000E+01 0.83300000E-07 0.83300000E-07 0.83300000E-07
 0.3002290483274E+08 0.1968090000000E+03
00614           0.10000000E+01 0.83300000E-07 0.83300000E-07 0.83300000E-07
 0.3003067974299E+08 0.1968810000000E+03
00615           0.10000000E+01 0.83300000E-07 0.83300000E-07 0.83300000E-07
 0.3003052385556E+08 0.1969050000000E+03
00616           0.10000000E+01 0.83300000E-07 0.83300000E-07 0.83300000E-07
 0.3003033271421E+08 0.1969229999999E+03
00617           0.10000000E+01 0.83300000E-07 0.83300000E-07 0.83300000E-07
 0.3002845625973E+08 0.1969530000000E+03
00618           0.10000000E+01 0.83300000E-07 0.83300000E-07 0.83300000E-07
 0.3002154296359E+08 0.1969890000000E+03
00619           0.10000000E+01 0.83300000E-07 0.83300000E-07 0.83300000E-07
 0.3002765572125E+08 0.1970460000000E+03
00620           0.10000000E+01 0.83300000E-07 0.83300000E-07 0.83300000E-07
 0.3002729371036E+08 0.1970609999999E+03
00621           0.10000000E+01 0.83300000E-07 0.83300000E-07 0.83300000E-07
 0.3002951684714E+08 0.1971449999999E+03
00622           0.10000000E+01 0.83300000E-07 0.83300000E-07 0.83300000E-07
 0.3002459709295E+08 0.1971810000000E+03
00623           0.10000000E+01 0.83300000E-07 0.83300000E-07 0.83300000E-07
 0.3002299711186E+08 0.1972140000000E+03
00624           0.10000000E+01 0.83300000E-07 0.83300000E-07 0.83300000E-07
 0.3002603792428E+08 0.1973130000000E+03
00625           0.10000000E+01 0.83300000E-07 0.83300000E-07 0.83300000E-07
 0.3002433526064E+08 0.1973190000000E+03
00626           0.10000000E+01 0.83300000E-07 0.83300000E-07 0.83300000E-07
 0.3002638953976E+08 0.1975650000000E+03
00627           0.10000000E+01 0.83300000E-07 0.83300000E-07 0.83300000E-07
 0.3002958087337E+08 0.1975740000000E+03
00628           0.10000000E+01 0.83300000E-07 0.83300000E-07 0.83300000E-07
 0.3002972655137E+08 0.1976100000000E+03
00629           0.10000000E+01 0.83300000E-07 0.83300000E-07 0.83300000E-07
 0.3002888955435E+08 0.1976340000000E+03
00630           0.10000000E+01 0.83300000E-07 0.83300000E-07 0.83300000E-07
 0.3002407147777E+08 0.1976729999999E+03
00631           0.10000000E+01 0.83300000E-07 0.83300000E-07 0.83300000E-07
 0.3002999077030E+08 0.1976820000000E+03
00632           0.10000000E+01 0.83300000E-07 0.83300000E-07 0.83300000E-07
 0.3002834613401E+08 0.1977060000000E+03
00633           0.10000000E+01 0.83300000E-07 0.83300000E-07 0.83300000E-07
 0.3002507890039E+08 0.1977570000000E+03
00634           0.10000000E+01 0.83300000E-07 0.83300000E-07 0.83300000E-07
 0.3002989052947E+08 0.1977720000000E+03
00635           0.10000000E+01 0.83300000E-07 0.83300000E-07 0.83300000E-07
 0.3002776539230E+08 0.1977930000000E+03
00636           0.10000000E+01 0.83300000E-07 0.83300000E-07 0.83300000E-07
 0.3002710114454E+08 0.1978830000000E+03
00637           0.10000000E+01 0.83300000E-07 0.83300000E-07 0.83300000E-07
 0.3002559575814E+08 0.1979130000000E+03
00638           0.10000000E+01 0.83300000E-07 0.83300000E-07 0.83300000E-07
 0.3002990286236E+08 0.1979730000000E+03
00639           0.10000000E+01 0.83300000E-07 0.83300000E-07 0.83300000E-07
 0.3002909440522E+08 0.1979940000000E+03
00640           0.10000000E+01 0.83300000E-07 0.83300000E-07 0.83300000E-07
 0.3002983769513E+08 0.1980930000000E+03
00641           0.10000000E+01 0.83300000E-07 0.83300000E-07 0.83300000E-07
 0.3002516909115E+08 0.1982279999999E+03
00642           0.10000000E+01 0.83300000E-07 0.83300000E-07 0.83300000E-07
 0.3002661670621E+08 0.1982520000000E+03
00643           0.10000000E+01 0.83300000E-07 0.83300000E-07 0.83300000E-07
 0.3002542594568E+08 0.1983600000000E+03
00644           0.10000000E+01 0.83300000E-07 0.83300000E-07 0.83300000E-07
 0.3002827937669E+08 0.1984320000000E+03
00645           0.10000000E+01 0.83300000E-07 0.83300000E-07 0.83300000E-07
 0.3002905760013E+08 0.1984769999999E+03
00646           0.10000000E+01 0.83300000E-07 0.83300000E-07 0.83300000E-07
 0.3002641133530E+08 0.1984800000000E+03
00647           0.10000000E+01 0.83300000E-07 0.83300000E-07 0.83300000E-07
 0.3002585693250E+08 0.1984830000000E+03
00648           0.10000000E+01 0.83300000E-07 0.83300000E-07 0.83300000E-07
 0.3002757321016E+08 0.1986330000000E+03
00649           0.10000000E+01 0.83300000E-07 0.83300000E-07 0.83300000E-07
 0.3002849294225E+08 0.1986360000000E+03
00650           0.10000000E+01 0.83300000E-07 0.83300000E-07 0.83300000E-07
 0.3002742226399E+08 0.1987080000000E+03
00651           0.10000000E+01 0.83300000E-07 0.83300000E-07 0.83300000E-07
 0.3002944599782E+08 0.1988400000000E+03
00652           0.10000000E+01 0.83300000E-07 0.83300000E-07 0.83300000E-07
 0.3002933958663E+08 0.1988520000000E+03
00653           0.10000000E+01 0.83300000E-07 0.83300000E-07 0.83300000E-07
 0.3002570647368E+08 0.1988970000000E+03
00654           0.10000000E+01 0.83300000E-07 0.83300000E-07 0.83300000E-07
 0.3002587370334E+08 0.1989209999999E+03
00655           0.10000000E+01 0.83300000E-07 0.83300000E-07 0.83300000E-07
 0.3002642571497E+08 0.1991250000000E+03
00656           0.10000000E+01 0.83300000E-07 0.83300000E-07 0.83300000E-07
 0.3002666029592E+08 0.1991250000000E+03
00657           0.10000000E+01 0.83300000E-07 0.83300000E-07 0.83300000E-07
 0.3002938946061E+08 0.1995000000000E+03
00658           0.10000000E+01 0.83300000E-07 0.83300000E-07 0.83300000E-07
 0.3002741450280E+08 0.1995000000000E+03
00659           0.10000000E+01 0.83300000E-07 0.83300000E-07 0.83300000E-07
 0.3002667537446E+08 0.1995000000000E+03
00660           0.10000000E+01 0.83300000E-07 0.83300000E-07 0.83300000E-07
 0.3002950557434E+08 0.1995000000000E+03
00661           0.10000000E+01 0.83300000E-07 0.83300000E-07 0.83300000E-07
 0.3002810168210E+08 0.1995000000000E+03
00662           0.10000000E+01 0.83300000E-07 0.83300000E-07 0.83300000E-07
 0.3002579931211E+08 0.1995000000000E+03
00663           0.10000000E+01 0.83300000E-07 0.83300000E-07 0.83300000E-07
 0.3002598221105E+08 0.1995000000000E+03
00664           0.10000000E+01 0.83300000E-07 0.83300000E-07 0.83300000E-07
 0.3002808026349E+08 0.1995000000000E+03
00665           0.10000000E+01 0.83300000E-07 0.83300000E-07 0.83300000E-07
 0.3002949626708E+08 0.1995000000000E+03
00666           0.10000000E+01 0.83300000E-07 0.83300000E-07 0.83300000E-07
 0.3002645168443E+08 0.1995000000000E+03
00667           0.10000000E+01 0.83300000E-07 0.83300000E-07 0.83300000E-07
 0.3002927213708E+08 0.1995000000000E+03


