    1 , 0.100000E+02 ,    15 , 0.60504604E+08 , 0.19999934E+03 , 0.00000000E+00 , 0.00000000E+00 , 
    2 , 0.300000E+02 ,    15 , 0.60480565E+08 , 0.19999921E+03 , 0.00000000E+00 , 0.00000000E+00 , 
    3 , 0.700000E+02 ,    15 , 0.60451134E+08 , 0.19999917E+03 , 0.00000000E+00 , 0.00000000E+00 , 
    4 , 0.150000E+03 ,    15 , 0.60411903E+08 , 0.19999915E+03 , 0.00000000E+00 , 0.00000000E+00 , 
    5 , 0.310000E+03 ,    15 , 0.60358043E+08 , 0.19999913E+03 , 0.00000000E+00 , 0.00000000E+00 , 
    6 , 0.630000E+03 ,    15 , 0.60283261E+08 , 0.19999912E+03 , 0.00000000E+00 , 0.00000000E+00 , 
    7 , 0.127000E+04 ,    15 , 0.60179715E+08 , 0.19999912E+03 , 0.00000000E+00 , 0.00000000E+00 , 
    8 , 0.255000E+04 ,    15 , 0.60035549E+08 , 0.19999912E+03 , 0.00000000E+00 , 0.00000000E+00 , 
    9 , 0.511000E+04 ,    15 , 0.59835050E+08 , 0.19999913E+03 , 0.00000000E+00 , 0.00000000E+00 , 
   10 , 0.102300E+05 ,    15 , 0.59556569E+08 , 0.19999913E+03 , 0.00000000E+00 , 0.00000000E+00 , 
   11 , 0.204700E+05 ,    15 , 0.59170062E+08 , 0.19999914E+03 , 0.00000000E+00 , 0.00000000E+00 , 
   12 , 0.409500E+05 ,    15 , 0.58633456E+08 , 0.19999916E+03 , 0.00000000E+00 , 0.00000000E+00 , 
   13 , 0.819100E+05 ,    15 , 0.57887388E+08 , 0.19999913E+03 , 0.00000000E+00 , 0.00000000E+00 , 
   14 , 0.163830E+06 ,    15 , 0.56847666E+08 , 0.19999812E+03 , 0.00000000E+00 , 0.00000000E+00 , 
   15 , 0.250230E+06 ,    15 , 0.56012652E+08 , 0.19999473E+03 , 0.00000000E+00 , 0.00000000E+00 , 
   16 , 0.336630E+06 ,    15 , 0.55318511E+08 , 0.19998746E+03 , 0.00000000E+00 , 0.00000000E+00 , 
   17 , 0.423030E+06 ,    15 , 0.54712645E+08 , 0.19997469E+03 , 0.00000000E+00 , 0.00000000E+00 , 
   18 , 0.509430E+06 ,    15 , 0.54168323E+08 , 0.19995487E+03 , 0.00000000E+00 , 0.00000000E+00 , 
   19 , 0.595830E+06 ,    15 , 0.53669994E+08 , 0.19992658E+03 , 0.00000000E+00 , 0.00000000E+00 , 
   20 , 0.682230E+06 ,    15 , 0.53207705E+08 , 0.19988863E+03 , 0.00000000E+00 , 0.00000000E+00 , 
   21 , 0.768630E+06 ,    15 , 0.52774644E+08 , 0.19984000E+03 , 0.00000000E+00 , 0.00000000E+00 , 
   22 , 0.855030E+06 ,    15 , 0.52365905E+08 , 0.19977991E+03 , 0.00000000E+00 , 0.00000000E+00 , 
   23 , 0.941430E+06 ,    15 , 0.51977817E+08 , 0.19970779E+03 , 0.00000000E+00 , 0.00000000E+00 , 
   24 , 0.102783E+07 ,    15 , 0.51607549E+08 , 0.19962323E+03 , 0.00000000E+00 , 0.00000000E+00 , 
   25 , 0.111423E+07 ,    15 , 0.51252863E+08 , 0.19952600E+03 , 0.00000000E+00 , 0.00000000E+00 , 
   26 , 0.120063E+07 ,    15 , 0.50911952E+08 , 0.19941602E+03 , 0.00000000E+00 , 0.00000000E+00 , 
   27 , 0.128703E+07 ,    15 , 0.50583336E+08 , 0.19929332E+03 , 0.00000000E+00 , 0.00000000E+00 , 
   28 , 0.137343E+07 ,    15 , 0.50265781E+08 , 0.19915801E+03 , 0.00000000E+00 , 0.00000000E+00 , 
   29 , 0.145983E+07 ,    15 , 0.49958245E+08 , 0.19901031E+03 , 0.00000000E+00 , 0.00000000E+00 , 
   30 , 0.154623E+07 ,    15 , 0.49659842E+08 , 0.19885051E+03 , 0.00000000E+00 , 0.00000000E+00 , 
   31 , 0.163263E+07 ,    15 , 0.49369809E+08 , 0.19867893E+03 , 0.00000000E+00 , 0.00000000E+00 , 
   32 , 0.171903E+07 ,    15 , 0.49087482E+08 , 0.19849595E+03 , 0.00000000E+00 , 0.00000000E+00 , 
   33 , 0.180543E+07 ,    15 , 0.48812284E+08 , 0.19830195E+03 , 0.00000000E+00 , 0.00000000E+00 , 
   34 , 0.189183E+07 ,    15 , 0.48543701E+08 , 0.19809737E+03 , 0.00000000E+00 , 0.00000000E+00 , 
   35 , 0.197823E+07 ,    15 , 0.48281284E+08 , 0.19788265E+03 , 0.00000000E+00 , 0.00000000E+00 , 
   36 , 0.206463E+07 ,    15 , 0.48024628E+08 , 0.19765822E+03 , 0.00000000E+00 , 0.00000000E+00 , 
   37 , 0.215103E+07 ,    15 , 0.47773373E+08 , 0.19742453E+03 , 0.00000000E+00 , 0.00000000E+00 , 
   38 , 0.223743E+07 ,    15 , 0.47527194E+08 , 0.19718204E+03 , 0.00000000E+00 , 0.00000000E+00 , 
   39 , 0.232383E+07 ,    15 , 0.47285797E+08 , 0.19693118E+03 , 0.00000000E+00 , 0.00000000E+00 , 
   40 , 0.241023E+07 ,    15 , 0.47048916E+08 , 0.19667240E+03 , 0.00000000E+00 , 0.00000000E+00 , 
   41 , 0.249663E+07 ,    15 , 0.46816308E+08 , 0.19640611E+03 , 0.00000000E+00 , 0.00000000E+00 , 
   42 , 0.258303E+07 ,    15 , 0.46587753E+08 , 0.19613273E+03 , 0.00000000E+00 , 0.00000000E+00 , 
   43 , 0.266943E+07 ,    15 , 0.46363047E+08 , 0.19585268E+03 , 0.00000000E+00 , 0.00000000E+00 , 
   44 , 0.275583E+07 ,    15 , 0.46142003E+08 , 0.19556634E+03 , 0.00000000E+00 , 0.00000000E+00 , 
   45 , 0.284223E+07 ,    15 , 0.45924449E+08 , 0.19527409E+03 , 0.00000000E+00 , 0.00000000E+00 , 
   46 , 0.292863E+07 ,    15 , 0.45710227E+08 , 0.19497629E+03 , 0.00000000E+00 , 0.00000000E+00 , 
   47 , 0.301503E+07 ,    15 , 0.45499188E+08 , 0.19467331E+03 , 0.00000000E+00 , 0.00000000E+00 , 
   48 , 0.310143E+07 ,    15 , 0.45291197E+08 , 0.19436548E+03 , 0.00000000E+00 , 0.00000000E+00 , 
   49 , 0.318783E+07 ,    15 , 0.45086126E+08 , 0.19405311E+03 , 0.00000000E+00 , 0.00000000E+00 , 
   50 , 0.327423E+07 ,    15 , 0.44883857E+08 , 0.19373653E+03 , 0.00000000E+00 , 0.00000000E+00 , 
   51 , 0.336063E+07 ,    15 , 0.44684278E+08 , 0.19341603E+03 , 0.00000000E+00 , 0.00000000E+00 , 
   52 , 0.344703E+07 ,    15 , 0.44487285E+08 , 0.19309190E+03 , 0.00000000E+00 , 0.00000000E+00 , 
   53 , 0.353343E+07 ,    15 , 0.44292783E+08 , 0.19276439E+03 , 0.00000000E+00 , 0.00000000E+00 , 
   54 , 0.361983E+07 ,    15 , 0.44100679E+08 , 0.19243379E+03 , 0.00000000E+00 , 0.00000000E+00 , 
   55 , 0.370623E+07 ,    15 , 0.43910887E+08 , 0.19210032E+03 , 0.00000000E+00 , 0.00000000E+00 , 
   56 , 0.379263E+07 ,    15 , 0.43723328E+08 , 0.19176423E+03 , 0.00000000E+00 , 0.00000000E+00 , 
   57 , 0.387903E+07 ,    15 , 0.43537923E+08 , 0.19142573E+03 , 0.00000000E+00 , 0.00000000E+00 , 
   58 , 0.396543E+07 ,    15 , 0.43354602E+08 , 0.19108505E+03 , 0.00000000E+00 , 0.00000000E+00 , 
   59 , 0.405183E+07 ,    15 , 0.43173297E+08 , 0.19074239E+03 , 0.00000000E+00 , 0.00000000E+00 , 
   60 , 0.413823E+07 ,    15 , 0.42993942E+08 , 0.19039793E+03 , 0.00000000E+00 , 0.00000000E+00 , 
   61 , 0.422463E+07 ,    15 , 0.42816477E+08 , 0.19005186E+03 , 0.00000000E+00 , 0.00000000E+00 , 
   62 , 0.431103E+07 ,    15 , 0.42640844E+08 , 0.18970435E+03 , 0.00000000E+00 , 0.00000000E+00 , 
   63 , 0.439743E+07 ,    15 , 0.42466987E+08 , 0.18935557E+03 , 0.00000000E+00 , 0.00000000E+00 , 
   64 , 0.448383E+07 ,    15 , 0.42294855E+08 , 0.18900568E+03 , 0.00000000E+00 , 0.00000000E+00 , 
   65 , 0.457023E+07 ,    15 , 0.42124397E+08 , 0.18865482E+03 , 0.00000000E+00 , 0.00000000E+00 , 
   66 , 0.465663E+07 ,    15 , 0.41955566E+08 , 0.18830314E+03 , 0.00000000E+00 , 0.00000000E+00 , 
   67 , 0.474303E+07 ,    15 , 0.41788317E+08 , 0.18795077E+03 , 0.00000000E+00 , 0.00000000E+00 , 
   68 , 0.482943E+07 ,    15 , 0.41622606E+08 , 0.18759783E+03 , 0.00000000E+00 , 0.00000000E+00 , 
   69 , 0.491583E+07 ,    15 , 0.41458393E+08 , 0.18724445E+03 , 0.00000000E+00 , 0.00000000E+00 , 
   70 , 0.500223E+07 ,    15 , 0.41295637E+08 , 0.18689073E+03 , 0.00000000E+00 , 0.00000000E+00 , 
   71 , 0.508863E+07 ,    15 , 0.41134300E+08 , 0.18653680E+03 , 0.00000000E+00 , 0.00000000E+00 , 
   72 , 0.517503E+07 ,    15 , 0.40974348E+08 , 0.18618274E+03 , 0.00000000E+00 , 0.00000000E+00 , 
   73 , 0.526143E+07 ,    15 , 0.40815744E+08 , 0.18582866E+03 , 0.00000000E+00 , 0.00000000E+00 , 
   74 , 0.534783E+07 ,    15 , 0.40658456E+08 , 0.18547465E+03 , 0.00000000E+00 , 0.00000000E+00 , 
   75 , 0.543423E+07 ,    15 , 0.40502452E+08 , 0.18512080E+03 , 0.00000000E+00 , 0.00000000E+00 , 
   76 , 0.552063E+07 ,    15 , 0.40347700E+08 , 0.18476718E+03 , 0.00000000E+00 , 0.00000000E+00 , 
   77 , 0.560703E+07 ,    15 , 0.40194173E+08 , 0.18441387E+03 , 0.00000000E+00 , 0.00000000E+00 , 
   78 , 0.569343E+07 ,    15 , 0.40041840E+08 , 0.18406095E+03 , 0.00000000E+00 , 0.00000000E+00 , 
   79 , 0.577983E+07 ,    15 , 0.39890676E+08 , 0.18370849E+03 , 0.00000000E+00 , 0.00000000E+00 , 
   80 , 0.586623E+07 ,    15 , 0.39740654E+08 , 0.18335655E+03 , 0.00000000E+00 , 0.00000000E+00 , 
   81 , 0.595263E+07 ,    15 , 0.39591748E+08 , 0.18300519E+03 , 0.00000000E+00 , 0.00000000E+00 , 
   82 , 0.603903E+07 ,    15 , 0.39443935E+08 , 0.18265447E+03 , 0.00000000E+00 , 0.00000000E+00 , 
   83 , 0.612543E+07 ,    15 , 0.39297190E+08 , 0.18230445E+03 , 0.00000000E+00 , 0.00000000E+00 , 
   84 , 0.621183E+07 ,    15 , 0.39151491E+08 , 0.18195518E+03 , 0.00000000E+00 , 0.00000000E+00 , 
   85 , 0.629823E+07 ,    15 , 0.39006817E+08 , 0.18160671E+03 , 0.00000000E+00 , 0.00000000E+00 , 
   86 , 0.638463E+07 ,    15 , 0.38863146E+08 , 0.18125908E+03 , 0.00000000E+00 , 0.00000000E+00 , 
   87 , 0.647103E+07 ,    15 , 0.38720458E+08 , 0.18091233E+03 , 0.00000000E+00 , 0.00000000E+00 , 
   88 , 0.655743E+07 ,    15 , 0.38578732E+08 , 0.18056652E+03 , 0.00000000E+00 , 0.00000000E+00 , 
   89 , 0.664383E+07 ,    15 , 0.38437951E+08 , 0.18022166E+03 , 0.00000000E+00 , 0.00000000E+00 , 
   90 , 0.673023E+07 ,    15 , 0.38298095E+08 , 0.17987781E+03 , 0.00000000E+00 , 0.00000000E+00 , 
   91 , 0.681663E+07 ,    15 , 0.38159147E+08 , 0.17953500E+03 , 0.00000000E+00 , 0.00000000E+00 , 
   92 , 0.690303E+07 ,    15 , 0.38021089E+08 , 0.17919325E+03 , 0.00000000E+00 , 0.00000000E+00 , 
   93 , 0.698943E+07 ,    15 , 0.37883904E+08 , 0.17885260E+03 , 0.00000000E+00 , 0.00000000E+00 , 
   94 , 0.707583E+07 ,    15 , 0.37747577E+08 , 0.17851307E+03 , 0.00000000E+00 , 0.00000000E+00 , 
   95 , 0.716223E+07 ,    15 , 0.37612092E+08 , 0.17817469E+03 , 0.00000000E+00 , 0.00000000E+00 , 
   96 , 0.724863E+07 ,    15 , 0.37477433E+08 , 0.17783748E+03 , 0.00000000E+00 , 0.00000000E+00 , 
   97 , 0.733503E+07 ,    15 , 0.37343586E+08 , 0.17750148E+03 , 0.00000000E+00 , 0.00000000E+00 , 
   98 , 0.742143E+07 ,    15 , 0.37210536E+08 , 0.17716669E+03 , 0.00000000E+00 , 0.00000000E+00 , 
   99 , 0.750783E+07 ,    15 , 0.37078269E+08 , 0.17683313E+03 , 0.00000000E+00 , 0.00000000E+00 , 
  100 , 0.759423E+07 ,    15 , 0.36946772E+08 , 0.17650084E+03 , 0.00000000E+00 , 0.00000000E+00 , 
  101 , 0.768063E+07 ,    15 , 0.36816031E+08 , 0.17616981E+03 , 0.00000000E+00 , 0.00000000E+00 , 
  102 , 0.776703E+07 ,    15 , 0.36686034E+08 , 0.17584007E+03 , 0.00000000E+00 , 0.00000000E+00 , 
  103 , 0.785343E+07 ,    15 , 0.36556768E+08 , 0.17551164E+03 , 0.00000000E+00 , 0.00000000E+00 , 
  104 , 0.793983E+07 ,    15 , 0.36428222E+08 , 0.17518452E+03 , 0.00000000E+00 , 0.00000000E+00 , 
  105 , 0.802623E+07 ,    15 , 0.36300383E+08 , 0.17485873E+03 , 0.00000000E+00 , 0.00000000E+00 , 
  106 , 0.811263E+07 ,    15 , 0.36173239E+08 , 0.17453428E+03 , 0.00000000E+00 , 0.00000000E+00 , 
  107 , 0.819903E+07 ,    15 , 0.36046781E+08 , 0.17421118E+03 , 0.00000000E+00 , 0.00000000E+00 , 
  108 , 0.828543E+07 ,    15 , 0.35920996E+08 , 0.17388943E+03 , 0.00000000E+00 , 0.00000000E+00 , 
  109 , 0.837183E+07 ,    15 , 0.35795875E+08 , 0.17356906E+03 , 0.00000000E+00 , 0.00000000E+00 , 
  110 , 0.845823E+07 ,    15 , 0.35671407E+08 , 0.17325005E+03 , 0.00000000E+00 , 0.00000000E+00 , 
  111 , 0.854463E+07 ,    15 , 0.35547582E+08 , 0.17293243E+03 , 0.00000000E+00 , 0.00000000E+00 , 
  112 , 0.863103E+07 ,    15 , 0.35424390E+08 , 0.17261619E+03 , 0.00000000E+00 , 0.00000000E+00 , 
  113 , 0.871743E+07 ,    15 , 0.35301822E+08 , 0.17230135E+03 , 0.00000000E+00 , 0.00000000E+00 , 
  114 , 0.880383E+07 ,    15 , 0.35179868E+08 , 0.17198790E+03 , 0.00000000E+00 , 0.00000000E+00 , 
  115 , 0.889023E+07 ,    15 , 0.35058520E+08 , 0.17167585E+03 , 0.00000000E+00 , 0.00000000E+00 , 
  116 , 0.897663E+07 ,    15 , 0.34937768E+08 , 0.17136520E+03 , 0.00000000E+00 , 0.00000000E+00 , 
  117 , 0.906303E+07 ,    15 , 0.34817604E+08 , 0.17105596E+03 , 0.00000000E+00 , 0.00000000E+00 , 
  118 , 0.914943E+07 ,    15 , 0.34698019E+08 , 0.17074813E+03 , 0.00000000E+00 , 0.00000000E+00 , 
  119 , 0.923583E+07 ,    15 , 0.34579005E+08 , 0.17044171E+03 , 0.00000000E+00 , 0.00000000E+00 , 
  120 , 0.932223E+07 ,    15 , 0.34460555E+08 , 0.17013670E+03 , 0.00000000E+00 , 0.00000000E+00 , 
  121 , 0.940863E+07 ,    15 , 0.34342660E+08 , 0.16983309E+03 , 0.00000000E+00 , 0.00000000E+00 , 
  122 , 0.949503E+07 ,    15 , 0.34225312E+08 , 0.16953090E+03 , 0.00000000E+00 , 0.00000000E+00 , 
  123 , 0.958143E+07 ,    15 , 0.34108504E+08 , 0.16923012E+03 , 0.00000000E+00 , 0.00000000E+00 , 
  124 , 0.966783E+07 ,    15 , 0.33992229E+08 , 0.16893075E+03 , 0.00000000E+00 , 0.00000000E+00 , 
  125 , 0.975423E+07 ,    15 , 0.33876480E+08 , 0.16863279E+03 , 0.00000000E+00 , 0.00000000E+00 , 
  126 , 0.984063E+07 ,    15 , 0.33761249E+08 , 0.16833624E+03 , 0.00000000E+00 , 0.00000000E+00 , 
  127 , 0.992703E+07 ,    15 , 0.33646530E+08 , 0.16804109E+03 , 0.00000000E+00 , 0.00000000E+00 , 
  128 , 0.100134E+08 ,    15 , 0.33532316E+08 , 0.16774735E+03 , 0.00000000E+00 , 0.00000000E+00 , 
  129 , 0.100998E+08 ,    15 , 0.33418600E+08 , 0.16745500E+03 , 0.00000000E+00 , 0.00000000E+00 , 
  130 , 0.101862E+08 ,    15 , 0.33305377E+08 , 0.16716406E+03 , 0.00000000E+00 , 0.00000000E+00 , 
  131 , 0.102726E+08 ,    15 , 0.33192639E+08 , 0.16687450E+03 , 0.00000000E+00 , 0.00000000E+00 , 
  132 , 0.103590E+08 ,    15 , 0.33080380E+08 , 0.16658634E+03 , 0.00000000E+00 , 0.00000000E+00 , 
  133 , 0.104454E+08 ,    15 , 0.32968595E+08 , 0.16629957E+03 , 0.00000000E+00 , 0.00000000E+00 , 
  134 , 0.105318E+08 ,    15 , 0.32857278E+08 , 0.16601418E+03 , 0.00000000E+00 , 0.00000000E+00 , 
  135 , 0.106182E+08 ,    15 , 0.32746422E+08 , 0.16573018E+03 , 0.00000000E+00 , 0.00000000E+00 , 
  136 , 0.107046E+08 ,    15 , 0.32636023E+08 , 0.16544755E+03 , 0.00000000E+00 , 0.00000000E+00 , 
  137 , 0.107910E+08 ,    15 , 0.32526074E+08 , 0.16516628E+03 , 0.00000000E+00 , 0.00000000E+00 , 
  138 , 0.108774E+08 ,    15 , 0.32416571E+08 , 0.16488639E+03 , 0.00000000E+00 , 0.00000000E+00 , 
  139 , 0.109638E+08 ,    15 , 0.32307507E+08 , 0.16460786E+03 , 0.00000000E+00 , 0.00000000E+00 , 
  140 , 0.110502E+08 ,    15 , 0.32198878E+08 , 0.16433069E+03 , 0.00000000E+00 , 0.00000000E+00 , 
  141 , 0.111366E+08 ,    15 , 0.32090679E+08 , 0.16405486E+03 , 0.00000000E+00 , 0.00000000E+00 , 
  142 , 0.112230E+08 ,    15 , 0.31982904E+08 , 0.16378039E+03 , 0.00000000E+00 , 0.00000000E+00 , 
  143 , 0.113094E+08 ,    15 , 0.31875548E+08 , 0.16350725E+03 , 0.00000000E+00 , 0.00000000E+00 , 
  144 , 0.113958E+08 ,    15 , 0.31768608E+08 , 0.16323545E+03 , 0.00000000E+00 , 0.00000000E+00 , 
  145 , 0.114822E+08 ,    15 , 0.31662077E+08 , 0.16296498E+03 , 0.00000000E+00 , 0.00000000E+00 , 
  146 , 0.115686E+08 ,    15 , 0.31555952E+08 , 0.16269584E+03 , 0.00000000E+00 , 0.00000000E+00 , 
  147 , 0.116550E+08 ,    15 , 0.31450227E+08 , 0.16242801E+03 , 0.00000000E+00 , 0.00000000E+00 , 
  148 , 0.117414E+08 ,    15 , 0.31344899E+08 , 0.16216150E+03 , 0.00000000E+00 , 0.00000000E+00 , 
  149 , 0.118278E+08 ,    15 , 0.31239962E+08 , 0.16189629E+03 , 0.00000000E+00 , 0.00000000E+00 , 
  150 , 0.119142E+08 ,    15 , 0.31135413E+08 , 0.16163239E+03 , 0.00000000E+00 , 0.00000000E+00 , 
  151 , 0.120006E+08 ,    15 , 0.31031248E+08 , 0.16136977E+03 , 0.00000000E+00 , 0.00000000E+00 , 
  152 , 0.120870E+08 ,    15 , 0.30927461E+08 , 0.16110845E+03 , 0.00000000E+00 , 0.00000000E+00 , 
  153 , 0.121734E+08 ,    15 , 0.30824050E+08 , 0.16084841E+03 , 0.00000000E+00 , 0.00000000E+00 , 
  154 , 0.122598E+08 ,    15 , 0.30721010E+08 , 0.16058964E+03 , 0.00000000E+00 , 0.00000000E+00 , 
  155 , 0.123462E+08 ,    15 , 0.30618337E+08 , 0.16033214E+03 , 0.00000000E+00 , 0.00000000E+00 , 
  156 , 0.124326E+08 ,    15 , 0.30516027E+08 , 0.16007590E+03 , 0.00000000E+00 , 0.00000000E+00 , 
  157 , 0.125190E+08 ,    15 , 0.30414077E+08 , 0.15982092E+03 , 0.00000000E+00 , 0.00000000E+00 , 
  158 , 0.126054E+08 ,    15 , 0.30312482E+08 , 0.15956719E+03 , 0.00000000E+00 , 0.00000000E+00 , 
  159 , 0.126918E+08 ,    15 , 0.30211239E+08 , 0.15931470E+03 , 0.00000000E+00 , 0.00000000E+00 , 
  160 , 0.127782E+08 ,    15 , 0.30110345E+08 , 0.15906344E+03 , 0.00000000E+00 , 0.00000000E+00 , 
  161 , 0.128646E+08 ,    15 , 0.30009795E+08 , 0.15881341E+03 , 0.00000000E+00 , 0.00000000E+00 , 
  162 , 0.129510E+08 ,    15 , 0.29909587E+08 , 0.15856461E+03 , 0.00000000E+00 , 0.00000000E+00 , 
  163 , 0.130374E+08 ,    15 , 0.29809717E+08 , 0.15831702E+03 , 0.00000000E+00 , 0.00000000E+00 , 
  164 , 0.131238E+08 ,    15 , 0.29710181E+08 , 0.15807064E+03 , 0.00000000E+00 , 0.00000000E+00 , 
  165 , 0.132102E+08 ,    15 , 0.29610977E+08 , 0.15782546E+03 , 0.00000000E+00 , 0.00000000E+00 , 
  166 , 0.132966E+08 ,    15 , 0.29512100E+08 , 0.15758148E+03 , 0.00000000E+00 , 0.00000000E+00 , 
  167 , 0.133830E+08 ,    15 , 0.29413548E+08 , 0.15733869E+03 , 0.00000000E+00 , 0.00000000E+00 , 
  168 , 0.134694E+08 ,    15 , 0.29315318E+08 , 0.15709707E+03 , 0.00000000E+00 , 0.00000000E+00 , 
  169 , 0.135558E+08 ,    15 , 0.29217406E+08 , 0.15685664E+03 , 0.00000000E+00 , 0.00000000E+00 , 
  170 , 0.136422E+08 ,    15 , 0.29119810E+08 , 0.15661737E+03 , 0.00000000E+00 , 0.00000000E+00 , 
  171 , 0.137286E+08 ,    15 , 0.29022525E+08 , 0.15637926E+03 , 0.00000000E+00 , 0.00000000E+00 , 
  172 , 0.138150E+08 ,    15 , 0.28925551E+08 , 0.15614230E+03 , 0.00000000E+00 , 0.00000000E+00 , 
  173 , 0.139014E+08 ,    15 , 0.28828882E+08 , 0.15590649E+03 , 0.00000000E+00 , 0.00000000E+00 , 
  174 , 0.139878E+08 ,    15 , 0.28732517E+08 , 0.15567183E+03 , 0.00000000E+00 , 0.00000000E+00 , 
  175 , 0.140742E+08 ,    15 , 0.28636453E+08 , 0.15543829E+03 , 0.00000000E+00 , 0.00000000E+00 , 
  176 , 0.141606E+08 ,    15 , 0.28540687E+08 , 0.15520589E+03 , 0.00000000E+00 , 0.00000000E+00 , 
  177 , 0.142470E+08 ,    15 , 0.28445216E+08 , 0.15497460E+03 , 0.00000000E+00 , 0.00000000E+00 , 
  178 , 0.143334E+08 ,    15 , 0.28350038E+08 , 0.15474443E+03 , 0.00000000E+00 , 0.00000000E+00 , 
  179 , 0.144198E+08 ,    15 , 0.28255150E+08 , 0.15451537E+03 , 0.00000000E+00 , 0.00000000E+00 , 
  180 , 0.145062E+08 ,    15 , 0.28160548E+08 , 0.15428740E+03 , 0.00000000E+00 , 0.00000000E+00 , 
  181 , 0.145926E+08 ,    15 , 0.28066232E+08 , 0.15406053E+03 , 0.00000000E+00 , 0.00000000E+00 , 
  182 , 0.146790E+08 ,    15 , 0.27972197E+08 , 0.15383474E+03 , 0.00000000E+00 , 0.00000000E+00 , 
  183 , 0.147654E+08 ,    15 , 0.27878442E+08 , 0.15361004E+03 , 0.00000000E+00 , 0.00000000E+00 , 
  184 , 0.148518E+08 ,    15 , 0.27784964E+08 , 0.15338641E+03 , 0.00000000E+00 , 0.00000000E+00 , 
  185 , 0.149382E+08 ,    15 , 0.27691761E+08 , 0.15316384E+03 , 0.00000000E+00 , 0.00000000E+00 , 
  186 , 0.150246E+08 ,    15 , 0.27598830E+08 , 0.15294234E+03 , 0.00000000E+00 , 0.00000000E+00 , 
  187 , 0.151110E+08 ,    15 , 0.27506169E+08 , 0.15272189E+03 , 0.00000000E+00 , 0.00000000E+00 , 
  188 , 0.151974E+08 ,    15 , 0.27413775E+08 , 0.15250248E+03 , 0.00000000E+00 , 0.00000000E+00 , 
  189 , 0.152838E+08 ,    15 , 0.27321647E+08 , 0.15228412E+03 , 0.00000000E+00 , 0.00000000E+00 , 
  190 , 0.153702E+08 ,    15 , 0.27229782E+08 , 0.15206679E+03 , 0.00000000E+00 , 0.00000000E+00 , 
  191 , 0.154566E+08 ,    15 , 0.27138178E+08 , 0.15185049E+03 , 0.00000000E+00 , 0.00000000E+00 , 
  192 , 0.155430E+08 ,    15 , 0.27046832E+08 , 0.15163521E+03 , 0.00000000E+00 , 0.00000000E+00 , 
  193 , 0.156294E+08 ,    15 , 0.26955742E+08 , 0.15142094E+03 , 0.00000000E+00 , 0.00000000E+00 , 
  194 , 0.157158E+08 ,    15 , 0.26864907E+08 , 0.15120768E+03 , 0.00000000E+00 , 0.00000000E+00 , 
  195 , 0.158022E+08 ,    15 , 0.26774324E+08 , 0.15099543E+03 , 0.00000000E+00 , 0.00000000E+00 , 
  196 , 0.158886E+08 ,    15 , 0.26683991E+08 , 0.15078417E+03 , 0.00000000E+00 , 0.00000000E+00 , 
  197 , 0.159750E+08 ,    15 , 0.26593906E+08 , 0.15057390E+03 , 0.00000000E+00 , 0.00000000E+00 , 
  198 , 0.160614E+08 ,    15 , 0.26504067E+08 , 0.15036461E+03 , 0.00000000E+00 , 0.00000000E+00 , 
  199 , 0.161478E+08 ,    15 , 0.26414471E+08 , 0.15015630E+03 , 0.00000000E+00 , 0.00000000E+00 , 
  200 , 0.162342E+08 ,    15 , 0.26325118E+08 , 0.14994896E+03 , 0.00000000E+00 , 0.00000000E+00 , 
  201 , 0.163206E+08 ,    15 , 0.26236005E+08 , 0.14974259E+03 , 0.00000000E+00 , 0.00000000E+00 , 
  202 , 0.164070E+08 ,    15 , 0.26147130E+08 , 0.14953717E+03 , 0.00000000E+00 , 0.00000000E+00 , 
  203 , 0.164934E+08 ,    15 , 0.26058491E+08 , 0.14933271E+03 , 0.00000000E+00 , 0.00000000E+00 , 
  204 , 0.165798E+08 ,    15 , 0.25970087E+08 , 0.14912919E+03 , 0.00000000E+00 , 0.00000000E+00 , 
  205 , 0.166662E+08 ,    15 , 0.25881915E+08 , 0.14892661E+03 , 0.00000000E+00 , 0.00000000E+00 , 
  206 , 0.167526E+08 ,    15 , 0.25793974E+08 , 0.14872497E+03 , 0.00000000E+00 , 0.00000000E+00 , 
  207 , 0.168390E+08 ,    15 , 0.25706261E+08 , 0.14852426E+03 , 0.00000000E+00 , 0.00000000E+00 , 
  208 , 0.169254E+08 ,    15 , 0.25618776E+08 , 0.14832447E+03 , 0.00000000E+00 , 0.00000000E+00 , 
  209 , 0.170118E+08 ,    15 , 0.25531516E+08 , 0.14812559E+03 , 0.00000000E+00 , 0.00000000E+00 , 
  210 , 0.170982E+08 ,    15 , 0.25444480E+08 , 0.14792763E+03 , 0.00000000E+00 , 0.00000000E+00 , 
  211 , 0.171846E+08 ,    15 , 0.25357665E+08 , 0.14773057E+03 , 0.00000000E+00 , 0.00000000E+00 , 
  212 , 0.172710E+08 ,    15 , 0.25271071E+08 , 0.14753441E+03 , 0.00000000E+00 , 0.00000000E+00 , 
  213 , 0.173574E+08 ,    15 , 0.25184695E+08 , 0.14733915E+03 , 0.00000000E+00 , 0.00000000E+00 , 
  214 , 0.174438E+08 ,    15 , 0.25098537E+08 , 0.14714477E+03 , 0.00000000E+00 , 0.00000000E+00 , 
  215 , 0.175302E+08 ,    15 , 0.25012593E+08 , 0.14695127E+03 , 0.00000000E+00 , 0.00000000E+00 , 
  216 , 0.176166E+08 ,    15 , 0.24926863E+08 , 0.14675866E+03 , 0.00000000E+00 , 0.00000000E+00 , 
  217 , 0.177030E+08 ,    15 , 0.24841346E+08 , 0.14656691E+03 , 0.00000000E+00 , 0.00000000E+00 , 
  218 , 0.177894E+08 ,    15 , 0.24756038E+08 , 0.14637603E+03 , 0.00000000E+00 , 0.00000000E+00 , 
  219 , 0.178758E+08 ,    15 , 0.24670940E+08 , 0.14618601E+03 , 0.00000000E+00 , 0.00000000E+00 , 
  220 , 0.179622E+08 ,    15 , 0.24586049E+08 , 0.14599684E+03 , 0.00000000E+00 , 0.00000000E+00 , 
  221 , 0.180486E+08 ,    15 , 0.24501365E+08 , 0.14580852E+03 , 0.00000000E+00 , 0.00000000E+00 , 
  222 , 0.181350E+08 ,    15 , 0.24416884E+08 , 0.14562105E+03 , 0.00000000E+00 , 0.00000000E+00 , 
  223 , 0.182214E+08 ,    15 , 0.24332607E+08 , 0.14543441E+03 , 0.00000000E+00 , 0.00000000E+00 , 
  224 , 0.183078E+08 ,    15 , 0.24248531E+08 , 0.14524861E+03 , 0.00000000E+00 , 0.00000000E+00 , 
  225 , 0.183942E+08 ,    15 , 0.24164655E+08 , 0.14506364E+03 , 0.00000000E+00 , 0.00000000E+00 , 
  226 , 0.184806E+08 ,    15 , 0.24080978E+08 , 0.14487949E+03 , 0.00000000E+00 , 0.00000000E+00 , 
  227 , 0.185670E+08 ,    15 , 0.23997498E+08 , 0.14469615E+03 , 0.00000000E+00 , 0.00000000E+00 , 
  228 , 0.186534E+08 ,    15 , 0.23914214E+08 , 0.14451363E+03 , 0.00000000E+00 , 0.00000000E+00 , 
  229 , 0.187398E+08 ,    15 , 0.23831124E+08 , 0.14433192E+03 , 0.00000000E+00 , 0.00000000E+00 , 
  230 , 0.188262E+08 ,    15 , 0.23748227E+08 , 0.14415100E+03 , 0.00000000E+00 , 0.00000000E+00 , 
  231 , 0.189126E+08 ,    15 , 0.23665523E+08 , 0.14397089E+03 , 0.00000000E+00 , 0.00000000E+00 , 
  232 , 0.189990E+08 ,    15 , 0.23583009E+08 , 0.14379156E+03 , 0.00000000E+00 , 0.00000000E+00 , 
  233 , 0.190854E+08 ,    15 , 0.23500683E+08 , 0.14361303E+03 , 0.00000000E+00 , 0.00000000E+00 , 
  234 , 0.191718E+08 ,    15 , 0.23418546E+08 , 0.14343527E+03 , 0.00000000E+00 , 0.00000000E+00 , 
  235 , 0.192582E+08 ,    15 , 0.23336595E+08 , 0.14325829E+03 , 0.00000000E+00 , 0.00000000E+00 , 
  236 , 0.193446E+08 ,    15 , 0.23254830E+08 , 0.14308209E+03 , 0.00000000E+00 , 0.00000000E+00 , 
  237 , 0.194310E+08 ,    15 , 0.23173249E+08 , 0.14290665E+03 , 0.00000000E+00 , 0.00000000E+00 , 
  238 , 0.195174E+08 ,    15 , 0.23091850E+08 , 0.14273197E+03 , 0.00000000E+00 , 0.00000000E+00 , 
  239 , 0.196038E+08 ,    15 , 0.23010633E+08 , 0.14255806E+03 , 0.00000000E+00 , 0.00000000E+00 , 
  240 , 0.196902E+08 ,    15 , 0.22929597E+08 , 0.14238489E+03 , 0.00000000E+00 , 0.00000000E+00 , 
  241 , 0.197766E+08 ,    15 , 0.22848739E+08 , 0.14221247E+03 , 0.00000000E+00 , 0.00000000E+00 , 
  242 , 0.198630E+08 ,    15 , 0.22768060E+08 , 0.14204080E+03 , 0.00000000E+00 , 0.00000000E+00 , 
  243 , 0.199494E+08 ,    15 , 0.22687557E+08 , 0.14186987E+03 , 0.00000000E+00 , 0.00000000E+00 , 
  244 , 0.200358E+08 ,    15 , 0.22607230E+08 , 0.14169967E+03 , 0.00000000E+00 , 0.00000000E+00 , 
  245 , 0.201222E+08 ,    15 , 0.22527078E+08 , 0.14153020E+03 , 0.00000000E+00 , 0.00000000E+00 , 
  246 , 0.202086E+08 ,    15 , 0.22447099E+08 , 0.14136145E+03 , 0.00000000E+00 , 0.00000000E+00 , 
  247 , 0.202950E+08 ,    15 , 0.22367292E+08 , 0.14119343E+03 , 0.00000000E+00 , 0.00000000E+00 , 
  248 , 0.203814E+08 ,    15 , 0.22287656E+08 , 0.14102612E+03 , 0.00000000E+00 , 0.00000000E+00 , 
  249 , 0.204678E+08 ,    15 , 0.22208191E+08 , 0.14085952E+03 , 0.00000000E+00 , 0.00000000E+00 , 
  250 , 0.205542E+08 ,    15 , 0.22128894E+08 , 0.14069363E+03 , 0.00000000E+00 , 0.00000000E+00 , 
  251 , 0.206406E+08 ,    15 , 0.22049766E+08 , 0.14052845E+03 , 0.00000000E+00 , 0.00000000E+00 , 
  252 , 0.207270E+08 ,    15 , 0.21970804E+08 , 0.14036396E+03 , 0.00000000E+00 , 0.00000000E+00 , 
  253 , 0.208134E+08 ,    15 , 0.21892008E+08 , 0.14020017E+03 , 0.00000000E+00 , 0.00000000E+00 , 
  254 , 0.208998E+08 ,    15 , 0.21813376E+08 , 0.14003706E+03 , 0.00000000E+00 , 0.00000000E+00 , 
  255 , 0.209862E+08 ,    15 , 0.21734909E+08 , 0.13987465E+03 , 0.00000000E+00 , 0.00000000E+00 , 
  256 , 0.210726E+08 ,    15 , 0.21656604E+08 , 0.13971291E+03 , 0.00000000E+00 , 0.00000000E+00 , 
  257 , 0.211590E+08 ,    15 , 0.21578460E+08 , 0.13955185E+03 , 0.00000000E+00 , 0.00000000E+00 , 
  258 , 0.212454E+08 ,    15 , 0.21500478E+08 , 0.13939147E+03 , 0.00000000E+00 , 0.00000000E+00 , 
  259 , 0.213318E+08 ,    15 , 0.21422655E+08 , 0.13923175E+03 , 0.00000000E+00 , 0.00000000E+00 , 
  260 , 0.214182E+08 ,    15 , 0.21344991E+08 , 0.13907270E+03 , 0.00000000E+00 , 0.00000000E+00 , 
  261 , 0.215046E+08 ,    15 , 0.21267484E+08 , 0.13891431E+03 , 0.00000000E+00 , 0.00000000E+00 , 
  262 , 0.215910E+08 ,    15 , 0.21190135E+08 , 0.13875658E+03 , 0.00000000E+00 , 0.00000000E+00 , 
  263 , 0.216774E+08 ,    15 , 0.21112941E+08 , 0.13859950E+03 , 0.00000000E+00 , 0.00000000E+00 , 
  264 , 0.217638E+08 ,    15 , 0.21035902E+08 , 0.13844307E+03 , 0.00000000E+00 , 0.00000000E+00 , 
  265 , 0.218502E+08 ,    15 , 0.20959017E+08 , 0.13828728E+03 , 0.00000000E+00 , 0.00000000E+00 , 
  266 , 0.219366E+08 ,    15 , 0.20882285E+08 , 0.13813214E+03 , 0.00000000E+00 , 0.00000000E+00 , 
  267 , 0.220230E+08 ,    15 , 0.20805705E+08 , 0.13797763E+03 , 0.00000000E+00 , 0.00000000E+00 , 
  268 , 0.221094E+08 ,    15 , 0.20729277E+08 , 0.13782375E+03 , 0.00000000E+00 , 0.00000000E+00 , 
  269 , 0.221958E+08 ,    15 , 0.20652999E+08 , 0.13767051E+03 , 0.00000000E+00 , 0.00000000E+00 , 
  270 , 0.222822E+08 ,    15 , 0.20576870E+08 , 0.13751789E+03 , 0.00000000E+00 , 0.00000000E+00 , 
  271 , 0.223686E+08 ,    15 , 0.20500890E+08 , 0.13736589E+03 , 0.00000000E+00 , 0.00000000E+00 , 
  272 , 0.224550E+08 ,    15 , 0.20425057E+08 , 0.13721451E+03 , 0.00000000E+00 , 0.00000000E+00 , 
  273 , 0.225414E+08 ,    15 , 0.20349372E+08 , 0.13706375E+03 , 0.00000000E+00 , 0.00000000E+00 , 
  274 , 0.226278E+08 ,    15 , 0.20273832E+08 , 0.13691359E+03 , 0.00000000E+00 , 0.00000000E+00 , 
  275 , 0.227142E+08 ,    15 , 0.20198438E+08 , 0.13676404E+03 , 0.00000000E+00 , 0.00000000E+00 , 
  276 , 0.228006E+08 ,    15 , 0.20123188E+08 , 0.13661510E+03 , 0.00000000E+00 , 0.00000000E+00 , 
  277 , 0.228870E+08 ,    15 , 0.20048081E+08 , 0.13646676E+03 , 0.00000000E+00 , 0.00000000E+00 , 
  278 , 0.229734E+08 ,    15 , 0.19973117E+08 , 0.13631901E+03 , 0.00000000E+00 , 0.00000000E+00 , 
  279 , 0.230598E+08 ,    15 , 0.19898295E+08 , 0.13617186E+03 , 0.00000000E+00 , 0.00000000E+00 , 
  280 , 0.231462E+08 ,    15 , 0.19823614E+08 , 0.13602529E+03 , 0.00000000E+00 , 0.00000000E+00 , 
  281 , 0.232326E+08 ,    15 , 0.19749074E+08 , 0.13587931E+03 , 0.00000000E+00 , 0.00000000E+00 , 
  282 , 0.233190E+08 ,    15 , 0.19674673E+08 , 0.13573391E+03 , 0.00000000E+00 , 0.00000000E+00 , 
  283 , 0.234054E+08 ,    15 , 0.19600410E+08 , 0.13558909E+03 , 0.00000000E+00 , 0.00000000E+00 , 
  284 , 0.234918E+08 ,    15 , 0.19526286E+08 , 0.13544485E+03 , 0.00000000E+00 , 0.00000000E+00 , 
  285 , 0.235782E+08 ,    15 , 0.19452299E+08 , 0.13530118E+03 , 0.00000000E+00 , 0.00000000E+00 , 
  286 , 0.236646E+08 ,    15 , 0.19378448E+08 , 0.13515808E+03 , 0.00000000E+00 , 0.00000000E+00 , 
  287 , 0.237510E+08 ,    15 , 0.19304733E+08 , 0.13501554E+03 , 0.00000000E+00 , 0.00000000E+00 , 
  288 , 0.238374E+08 ,    15 , 0.19231152E+08 , 0.13487356E+03 , 0.00000000E+00 , 0.00000000E+00 , 
  289 , 0.239238E+08 ,    15 , 0.19157706E+08 , 0.13473215E+03 , 0.00000000E+00 , 0.00000000E+00 , 
  290 , 0.240102E+08 ,    15 , 0.19084394E+08 , 0.13459129E+03 , 0.00000000E+00 , 0.00000000E+00 , 
  291 , 0.240966E+08 ,    15 , 0.19011214E+08 , 0.13445098E+03 , 0.00000000E+00 , 0.00000000E+00 , 
  292 , 0.241830E+08 ,    15 , 0.18938166E+08 , 0.13431122E+03 , 0.00000000E+00 , 0.00000000E+00 , 
  293 , 0.242694E+08 ,    15 , 0.18865249E+08 , 0.13417200E+03 , 0.00000000E+00 , 0.00000000E+00 , 
  294 , 0.243558E+08 ,    15 , 0.18792463E+08 , 0.13403333E+03 , 0.00000000E+00 , 0.00000000E+00 , 
  295 , 0.244422E+08 ,    15 , 0.18719807E+08 , 0.13389520E+03 , 0.00000000E+00 , 0.00000000E+00 , 
  296 , 0.245286E+08 ,    15 , 0.18647281E+08 , 0.13375760E+03 , 0.00000000E+00 , 0.00000000E+00 , 
  297 , 0.246150E+08 ,    15 , 0.18574882E+08 , 0.13362054E+03 , 0.00000000E+00 , 0.00000000E+00 , 
  298 , 0.247014E+08 ,    15 , 0.18502612E+08 , 0.13348400E+03 , 0.00000000E+00 , 0.00000000E+00 , 
  299 , 0.247878E+08 ,    15 , 0.18430469E+08 , 0.13334800E+03 , 0.00000000E+00 , 0.00000000E+00 , 
  300 , 0.248742E+08 ,    15 , 0.18358452E+08 , 0.13321252E+03 , 0.00000000E+00 , 0.00000000E+00 , 
  301 , 0.249606E+08 ,    15 , 0.18286561E+08 , 0.13307755E+03 , 0.00000000E+00 , 0.00000000E+00 , 
  302 , 0.250470E+08 ,    15 , 0.18214795E+08 , 0.13294311E+03 , 0.00000000E+00 , 0.00000000E+00 , 
  303 , 0.251334E+08 ,    15 , 0.18143154E+08 , 0.13280918E+03 , 0.00000000E+00 , 0.00000000E+00 , 
  304 , 0.252198E+08 ,    15 , 0.18071637E+08 , 0.13267577E+03 , 0.00000000E+00 , 0.00000000E+00 , 
  305 , 0.253062E+08 ,    15 , 0.18000243E+08 , 0.13254286E+03 , 0.00000000E+00 , 0.00000000E+00 , 
  306 , 0.253926E+08 ,    15 , 0.17928971E+08 , 0.13241046E+03 , 0.00000000E+00 , 0.00000000E+00 , 
  307 , 0.254790E+08 ,    15 , 0.17857822E+08 , 0.13227856E+03 , 0.00000000E+00 , 0.00000000E+00 , 
  308 , 0.255654E+08 ,    15 , 0.17786794E+08 , 0.13214716E+03 , 0.00000000E+00 , 0.00000000E+00 , 
  309 , 0.256518E+08 ,    15 , 0.17715887E+08 , 0.13201626E+03 , 0.00000000E+00 , 0.00000000E+00 , 
  310 , 0.257382E+08 ,    15 , 0.17645100E+08 , 0.13188586E+03 , 0.00000000E+00 , 0.00000000E+00 , 
  311 , 0.258246E+08 ,    15 , 0.17574432E+08 , 0.13175595E+03 , 0.00000000E+00 , 0.00000000E+00 , 
  312 , 0.259110E+08 ,    15 , 0.17503883E+08 , 0.13162652E+03 , 0.00000000E+00 , 0.00000000E+00 , 
  313 , 0.259200E+08 ,    15 , 0.17496562E+08 , 0.13161309E+03 , 0.00000000E+00 , 0.00000000E+00 , 
  314 , 0.259379E+08 ,    15 , 0.17481923E+08 , 0.13158625E+03 , 0.00000000E+00 , 0.00000000E+00 , 
  315 , 0.259738E+08 ,    15 , 0.17452665E+08 , 0.13153265E+03 , 0.00000000E+00 , 0.00000000E+00 , 
  316 , 0.260456E+08 ,    15 , 0.17394226E+08 , 0.13142579E+03 , 0.00000000E+00 , 0.00000000E+00 , 
  317 , 0.261320E+08 ,    15 , 0.17323980E+08 , 0.13129761E+03 , 0.00000000E+00 , 0.00000000E+00 , 
  318 , 0.262184E+08 ,    15 , 0.17253851E+08 , 0.13116991E+03 , 0.00000000E+00 , 0.00000000E+00 , 
  319 , 0.263048E+08 ,    15 , 0.17183838E+08 , 0.13104268E+03 , 0.00000000E+00 , 0.00000000E+00 , 
  320 , 0.263912E+08 ,    15 , 0.17113941E+08 , 0.13091593E+03 , 0.00000000E+00 , 0.00000000E+00 , 
  321 , 0.264776E+08 ,    15 , 0.17044159E+08 , 0.13078965E+03 , 0.00000000E+00 , 0.00000000E+00 , 
  322 , 0.265640E+08 ,    15 , 0.16974491E+08 , 0.13066384E+03 , 0.00000000E+00 , 0.00000000E+00 , 
  323 , 0.266504E+08 ,    15 , 0.16904938E+08 , 0.13053850E+03 , 0.00000000E+00 , 0.00000000E+00 , 
  324 , 0.267368E+08 ,    15 , 0.16835498E+08 , 0.13041362E+03 , 0.00000000E+00 , 0.00000000E+00 , 
  325 , 0.268232E+08 ,    15 , 0.16766170E+08 , 0.13028920E+03 , 0.00000000E+00 , 0.00000000E+00 , 
  326 , 0.269096E+08 ,    15 , 0.16696956E+08 , 0.13016524E+03 , 0.00000000E+00 , 0.00000000E+00 , 
  327 , 0.269960E+08 ,    15 , 0.16627852E+08 , 0.13004173E+03 , 0.00000000E+00 , 0.00000000E+00 , 
  328 , 0.270824E+08 ,    15 , 0.16558860E+08 , 0.12991868E+03 , 0.00000000E+00 , 0.00000000E+00 , 
  329 , 0.271688E+08 ,    15 , 0.16489979E+08 , 0.12979608E+03 , 0.00000000E+00 , 0.00000000E+00 , 
  330 , 0.272552E+08 ,    15 , 0.16421208E+08 , 0.12967393E+03 , 0.00000000E+00 , 0.00000000E+00 , 
  331 , 0.273416E+08 ,    15 , 0.16352547E+08 , 0.12955222E+03 , 0.00000000E+00 , 0.00000000E+00 , 
  332 , 0.274280E+08 ,    15 , 0.16283995E+08 , 0.12943096E+03 , 0.00000000E+00 , 0.00000000E+00 , 
  333 , 0.275144E+08 ,    15 , 0.16215552E+08 , 0.12931013E+03 , 0.00000000E+00 , 0.00000000E+00 , 
  334 , 0.276008E+08 ,    15 , 0.16147217E+08 , 0.12918975E+03 , 0.00000000E+00 , 0.00000000E+00 , 
  335 , 0.276872E+08 ,    15 , 0.16078989E+08 , 0.12906980E+03 , 0.00000000E+00 , 0.00000000E+00 , 
  336 , 0.277736E+08 ,    15 , 0.16010868E+08 , 0.12895029E+03 , 0.00000000E+00 , 0.00000000E+00 , 
  337 , 0.278600E+08 ,    15 , 0.15942855E+08 , 0.12883121E+03 , 0.00000000E+00 , 0.00000000E+00 , 
  338 , 0.279464E+08 ,    15 , 0.15874947E+08 , 0.12871255E+03 , 0.00000000E+00 , 0.00000000E+00 , 
  339 , 0.280328E+08 ,    15 , 0.15807145E+08 , 0.12859433E+03 , 0.00000000E+00 , 0.00000000E+00 , 
  340 , 0.281192E+08 ,    15 , 0.15739448E+08 , 0.12847653E+03 , 0.00000000E+00 , 0.00000000E+00 , 
  341 , 0.282056E+08 ,    15 , 0.15671856E+08 , 0.12835915E+03 , 0.00000000E+00 , 0.00000000E+00 , 
  342 , 0.282920E+08 ,    15 , 0.15604368E+08 , 0.12824219E+03 , 0.00000000E+00 , 0.00000000E+00 , 
  343 , 0.283784E+08 ,    15 , 0.15536984E+08 , 0.12812565E+03 , 0.00000000E+00 , 0.00000000E+00 , 
  344 , 0.284648E+08 ,    15 , 0.15469703E+08 , 0.12800952E+03 , 0.00000000E+00 , 0.00000000E+00 , 
  345 , 0.285512E+08 ,    15 , 0.15402525E+08 , 0.12789381E+03 , 0.00000000E+00 , 0.00000000E+00 , 
  346 , 0.286376E+08 ,    15 , 0.15335450E+08 , 0.12777851E+03 , 0.00000000E+00 , 0.00000000E+00 , 
  347 , 0.287240E+08 ,    15 , 0.15268476E+08 , 0.12766362E+03 , 0.00000000E+00 , 0.00000000E+00 , 
  348 , 0.288104E+08 ,    15 , 0.15201604E+08 , 0.12754913E+03 , 0.00000000E+00 , 0.00000000E+00 , 
  349 , 0.288968E+08 ,    15 , 0.15134832E+08 , 0.12743505E+03 , 0.00000000E+00 , 0.00000000E+00 , 
  350 , 0.289832E+08 ,    15 , 0.15068162E+08 , 0.12732137E+03 , 0.00000000E+00 , 0.00000000E+00 , 
  351 , 0.290696E+08 ,    15 , 0.15001591E+08 , 0.12720809E+03 , 0.00000000E+00 , 0.00000000E+00 , 
  352 , 0.291560E+08 ,    15 , 0.14935120E+08 , 0.12709521E+03 , 0.00000000E+00 , 0.00000000E+00 , 
  353 , 0.292424E+08 ,    15 , 0.14868748E+08 , 0.12698273E+03 , 0.00000000E+00 , 0.00000000E+00 , 
  354 , 0.293288E+08 ,    15 , 0.14802475E+08 , 0.12687063E+03 , 0.00000000E+00 , 0.00000000E+00 , 
  355 , 0.294152E+08 ,    15 , 0.14736301E+08 , 0.12675894E+03 , 0.00000000E+00 , 0.00000000E+00 , 
  356 , 0.295016E+08 ,    15 , 0.14670224E+08 , 0.12664763E+03 , 0.00000000E+00 , 0.00000000E+00 , 
  357 , 0.295880E+08 ,    15 , 0.14604245E+08 , 0.12653671E+03 , 0.00000000E+00 , 0.00000000E+00 , 
  358 , 0.296744E+08 ,    15 , 0.14538362E+08 , 0.12642617E+03 , 0.00000000E+00 , 0.00000000E+00 , 
  359 , 0.297608E+08 ,    15 , 0.14472577E+08 , 0.12631602E+03 , 0.00000000E+00 , 0.00000000E+00 , 
  360 , 0.298472E+08 ,    15 , 0.14406888E+08 , 0.12620625E+03 , 0.00000000E+00 , 0.00000000E+00 , 
  361 , 0.299336E+08 ,    15 , 0.14341294E+08 , 0.12609686E+03 , 0.00000000E+00 , 0.00000000E+00 , 
  362 , 0.300200E+08 ,    15 , 0.14275796E+08 , 0.12598784E+03 , 0.00000000E+00 , 0.00000000E+00 , 
  363 , 0.301064E+08 ,    15 , 0.14210393E+08 , 0.12587921E+03 , 0.00000000E+00 , 0.00000000E+00 , 
  364 , 0.301928E+08 ,    15 , 0.14145085E+08 , 0.12577094E+03 , 0.00000000E+00 , 0.00000000E+00 , 
  365 , 0.302792E+08 ,    15 , 0.14079871E+08 , 0.12566305E+03 , 0.00000000E+00 , 0.00000000E+00 , 
  366 , 0.303656E+08 ,    15 , 0.14014751E+08 , 0.12555553E+03 , 0.00000000E+00 , 0.00000000E+00 , 
  367 , 0.304520E+08 ,    15 , 0.13949724E+08 , 0.12544837E+03 , 0.00000000E+00 , 0.00000000E+00 , 
  368 , 0.305384E+08 ,    15 , 0.13884790E+08 , 0.12534159E+03 , 0.00000000E+00 , 0.00000000E+00 , 
  369 , 0.306248E+08 ,    15 , 0.13819949E+08 , 0.12523516E+03 , 0.00000000E+00 , 0.00000000E+00 , 
  370 , 0.307112E+08 ,    15 , 0.13755200E+08 , 0.12512910E+03 , 0.00000000E+00 , 0.00000000E+00 , 
  371 , 0.307976E+08 ,    15 , 0.13690543E+08 , 0.12502340E+03 , 0.00000000E+00 , 0.00000000E+00 , 
  372 , 0.308840E+08 ,    15 , 0.13625977E+08 , 0.12491806E+03 , 0.00000000E+00 , 0.00000000E+00 , 
  373 , 0.309704E+08 ,    15 , 0.13561503E+08 , 0.12481307E+03 , 0.00000000E+00 , 0.00000000E+00 , 
  374 , 0.310568E+08 ,    15 , 0.13497119E+08 , 0.12470844E+03 , 0.00000000E+00 , 0.00000000E+00 , 
  375 , 0.311432E+08 ,    15 , 0.13432826E+08 , 0.12460417E+03 , 0.00000000E+00 , 0.00000000E+00 , 
  376 , 0.312296E+08 ,    15 , 0.13368623E+08 , 0.12450024E+03 , 0.00000000E+00 , 0.00000000E+00 , 
  377 , 0.313160E+08 ,    15 , 0.13304509E+08 , 0.12439667E+03 , 0.00000000E+00 , 0.00000000E+00 , 
  378 , 0.314024E+08 ,    15 , 0.13240485E+08 , 0.12429344E+03 , 0.00000000E+00 , 0.00000000E+00 , 
  379 , 0.314888E+08 ,    15 , 0.13176549E+08 , 0.12419056E+03 , 0.00000000E+00 , 0.00000000E+00 , 
  380 , 0.315752E+08 ,    15 , 0.13112703E+08 , 0.12408802E+03 , 0.00000000E+00 , 0.00000000E+00 , 
  381 , 0.316616E+08 ,    15 , 0.13048944E+08 , 0.12398582E+03 , 0.00000000E+00 , 0.00000000E+00 , 
  382 , 0.317480E+08 ,    15 , 0.12985273E+08 , 0.12388397E+03 , 0.00000000E+00 , 0.00000000E+00 , 
  383 , 0.318344E+08 ,    15 , 0.12921690E+08 , 0.12378245E+03 , 0.00000000E+00 , 0.00000000E+00 , 
  384 , 0.319208E+08 ,    15 , 0.12858194E+08 , 0.12368127E+03 , 0.00000000E+00 , 0.00000000E+00 , 
  385 , 0.320072E+08 ,    15 , 0.12794785E+08 , 0.12358043E+03 , 0.00000000E+00 , 0.00000000E+00 , 
  386 , 0.320936E+08 ,    15 , 0.12731462E+08 , 0.12347992E+03 , 0.00000000E+00 , 0.00000000E+00 , 
  387 , 0.321800E+08 ,    15 , 0.12668225E+08 , 0.12337975E+03 , 0.00000000E+00 , 0.00000000E+00 , 
  388 , 0.322664E+08 ,    15 , 0.12605074E+08 , 0.12327990E+03 , 0.00000000E+00 , 0.00000000E+00 , 
  389 , 0.323528E+08 ,    15 , 0.12542009E+08 , 0.12318039E+03 , 0.00000000E+00 , 0.00000000E+00 , 
  390 , 0.324392E+08 ,    15 , 0.12479029E+08 , 0.12308120E+03 , 0.00000000E+00 , 0.00000000E+00 , 
  391 , 0.325256E+08 ,    15 , 0.12416133E+08 , 0.12298234E+03 , 0.00000000E+00 , 0.00000000E+00 , 
  392 , 0.326120E+08 ,    15 , 0.12353322E+08 , 0.12288380E+03 , 0.00000000E+00 , 0.00000000E+00 , 
  393 , 0.326984E+08 ,    15 , 0.12290595E+08 , 0.12278558E+03 , 0.00000000E+00 , 0.00000000E+00 , 
  394 , 0.327848E+08 ,    15 , 0.12227952E+08 , 0.12268769E+03 , 0.00000000E+00 , 0.00000000E+00 , 
  395 , 0.328712E+08 ,    15 , 0.12165393E+08 , 0.12259011E+03 , 0.00000000E+00 , 0.00000000E+00 , 
  396 , 0.329576E+08 ,    15 , 0.12102916E+08 , 0.12249285E+03 , 0.00000000E+00 , 0.00000000E+00 , 
  397 , 0.330440E+08 ,    15 , 0.12040523E+08 , 0.12239591E+03 , 0.00000000E+00 , 0.00000000E+00 , 
  398 , 0.331304E+08 ,    15 , 0.11978212E+08 , 0.12229929E+03 , 0.00000000E+00 , 0.00000000E+00 , 
  399 , 0.332168E+08 ,    15 , 0.11915983E+08 , 0.12220297E+03 , 0.00000000E+00 , 0.00000000E+00 , 
  400 , 0.333032E+08 ,    15 , 0.11853836E+08 , 0.12210697E+03 , 0.00000000E+00 , 0.00000000E+00 , 
  401 , 0.333896E+08 ,    15 , 0.11791771E+08 , 0.12201128E+03 , 0.00000000E+00 , 0.00000000E+00 , 
  402 , 0.334760E+08 ,    15 , 0.11729787E+08 , 0.12191590E+03 , 0.00000000E+00 , 0.00000000E+00 , 
  403 , 0.335624E+08 ,    15 , 0.11667884E+08 , 0.12182082E+03 , 0.00000000E+00 , 0.00000000E+00 , 
  404 , 0.336488E+08 ,    15 , 0.11606062E+08 , 0.12172605E+03 , 0.00000000E+00 , 0.00000000E+00 , 
  405 , 0.337352E+08 ,    15 , 0.11544320E+08 , 0.12163159E+03 , 0.00000000E+00 , 0.00000000E+00 , 
  406 , 0.338216E+08 ,    15 , 0.11482659E+08 , 0.12153742E+03 , 0.00000000E+00 , 0.00000000E+00 , 
  407 , 0.339080E+08 ,    15 , 0.11421077E+08 , 0.12144356E+03 , 0.00000000E+00 , 0.00000000E+00 , 
  408 , 0.339944E+08 ,    15 , 0.11359574E+08 , 0.12135000E+03 , 0.00000000E+00 , 0.00000000E+00 , 
  409 , 0.340808E+08 ,    15 , 0.11298151E+08 , 0.12125673E+03 , 0.00000000E+00 , 0.00000000E+00 , 
  410 , 0.341672E+08 ,    15 , 0.11236807E+08 , 0.12116377E+03 , 0.00000000E+00 , 0.00000000E+00 , 
  411 , 0.342536E+08 ,    15 , 0.11175541E+08 , 0.12107110E+03 , 0.00000000E+00 , 0.00000000E+00 , 
  412 , 0.343400E+08 ,    15 , 0.11114354E+08 , 0.12097872E+03 , 0.00000000E+00 , 0.00000000E+00 , 
  413 , 0.344264E+08 ,    15 , 0.11053245E+08 , 0.12088663E+03 , 0.00000000E+00 , 0.00000000E+00 , 
  414 , 0.345128E+08 ,    15 , 0.10992214E+08 , 0.12079484E+03 , 0.00000000E+00 , 0.00000000E+00 , 
  415 , 0.345600E+08 ,    15 , 0.10958884E+08 , 0.12074476E+03 , 0.00000000E+00 , 0.00000000E+00 , 
