    1 , 0.100000E+02 ,     1 , 0.7700E-02 , 0.1359E+06 , 0.0000E+00 , 0.0000E+00 , 0.0000E+00 ,    80 , -.7700E-02 , 0.8810E+06 , 0.0000E+00 , 0.0000E+00 , 0.0000E+00 , 
    2 , 0.300000E+02 ,     1 , 0.7700E-02 , 0.1359E+06 , 0.0000E+00 , 0.0000E+00 , 0.0000E+00 ,    80 , -.7700E-02 , 0.8810E+06 , 0.0000E+00 , 0.0000E+00 , 0.0000E+00 , 
    3 , 0.700000E+02 ,     1 , 0.7700E-02 , 0.1359E+06 , 0.0000E+00 , 0.0000E+00 , 0.0000E+00 ,    80 , -.7700E-02 , 0.8810E+06 , 0.0000E+00 , 0.0000E+00 , 0.0000E+00 , 
    4 , 0.150000E+03 ,     1 , 0.7700E-02 , 0.1359E+06 , 0.0000E+00 , 0.0000E+00 , 0.0000E+00 ,    80 , -.7700E-02 , 0.8810E+06 , 0.0000E+00 , 0.0000E+00 , 0.0000E+00 , 
    5 , 0.310000E+03 ,     1 , 0.7700E-02 , 0.1359E+06 , 0.0000E+00 , 0.0000E+00 , 0.0000E+00 ,    80 , -.7700E-02 , 0.8810E+06 , 0.0000E+00 , 0.0000E+00 , 0.0000E+00 , 
    6 , 0.630000E+03 ,     1 , 0.7700E-02 , 0.1359E+06 , 0.0000E+00 , 0.0000E+00 , 0.0000E+00 ,    80 , -.7700E-02 , 0.8809E+06 , 0.0000E+00 , 0.0000E+00 , 0.0000E+00 , 
    7 , 0.127000E+04 ,     1 , 0.7700E-02 , 0.1359E+06 , 0.0000E+00 , 0.0000E+00 , 0.0000E+00 ,    80 , -.7700E-02 , 0.8809E+06 , 0.0000E+00 , 0.0000E+00 , 0.0000E+00 , 
    8 , 0.255000E+04 ,     1 , 0.7700E-02 , 0.1359E+06 , 0.0000E+00 , 0.0000E+00 , 0.0000E+00 ,    80 , -.7700E-02 , 0.8808E+06 , 0.0000E+00 , 0.0000E+00 , 0.0000E+00 , 
    9 , 0.511000E+04 ,     1 , 0.7700E-02 , 0.1359E+06 , 0.0000E+00 , 0.0000E+00 , 0.0000E+00 ,    80 , -.7700E-02 , 0.8807E+06 , 0.0000E+00 , 0.0000E+00 , 0.0000E+00 , 
   10 , 0.102300E+05 ,     1 , 0.7700E-02 , 0.1359E+06 , 0.0000E+00 , 0.0000E+00 , 0.0000E+00 ,    80 , -.7700E-02 , 0.8805E+06 , 0.0000E+00 , 0.0000E+00 , 0.0000E+00 , 
   11 , 0.204700E+05 ,     1 , 0.7700E-02 , 0.1359E+06 , 0.0000E+00 , 0.0000E+00 , 0.0000E+00 ,    80 , -.7700E-02 , 0.8803E+06 , 0.0000E+00 , 0.0000E+00 , 0.0000E+00 , 
   12 , 0.409500E+05 ,     1 , 0.7700E-02 , 0.1359E+06 , 0.0000E+00 , 0.0000E+00 , 0.0000E+00 ,    80 , -.7700E-02 , 0.8800E+06 , 0.0000E+00 , 0.0000E+00 , 0.0000E+00 , 
   13 , 0.819100E+05 ,     1 , 0.7700E-02 , 0.1359E+06 , 0.0000E+00 , 0.0000E+00 , 0.0000E+00 ,    80 , -.7700E-02 , 0.8796E+06 , 0.0000E+00 , 0.0000E+00 , 0.0000E+00 , 
   14 , 0.163830E+06 ,     1 , 0.7700E-02 , 0.1359E+06 , 0.0000E+00 , 0.0000E+00 , 0.0000E+00 ,    80 , -.7700E-02 , 0.8790E+06 , 0.0000E+00 , 0.0000E+00 , 0.0000E+00 , 
   15 , 0.250230E+06 ,     1 , 0.7700E-02 , 0.1359E+06 , 0.0000E+00 , 0.0000E+00 , 0.0000E+00 ,    80 , -.7700E-02 , 0.8786E+06 , 0.0000E+00 , 0.0000E+00 , 0.0000E+00 , 
   16 , 0.336630E+06 ,     1 , 0.7700E-02 , 0.1359E+06 , 0.0000E+00 , 0.0000E+00 , 0.0000E+00 ,    80 , -.7700E-02 , 0.8782E+06 , 0.0000E+00 , 0.0000E+00 , 0.0000E+00 , 
   17 , 0.423030E+06 ,     1 , 0.7700E-02 , 0.1359E+06 , 0.0000E+00 , 0.0000E+00 , 0.0000E+00 ,    80 , -.7700E-02 , 0.8779E+06 , 0.0000E+00 , 0.0000E+00 , 0.0000E+00 , 
   18 , 0.509430E+06 ,     1 , 0.7700E-02 , 0.1359E+06 , 0.0000E+00 , 0.0000E+00 , 0.0000E+00 ,    80 , -.7700E-02 , 0.8776E+06 , 0.0000E+00 , 0.0000E+00 , 0.0000E+00 , 
   19 , 0.595830E+06 ,     1 , 0.7700E-02 , 0.1359E+06 , 0.0000E+00 , 0.0000E+00 , 0.0000E+00 ,    80 , -.7700E-02 , 0.8773E+06 , 0.0000E+00 , 0.0000E+00 , 0.0000E+00 , 
   20 , 0.682230E+06 ,     1 , 0.7700E-02 , 0.1359E+06 , 0.0000E+00 , 0.0000E+00 , 0.0000E+00 ,    80 , -.7700E-02 , 0.8771E+06 , 0.0000E+00 , 0.0000E+00 , 0.0000E+00 , 
   21 , 0.768630E+06 ,     1 , 0.7700E-02 , 0.1359E+06 , 0.0000E+00 , 0.0000E+00 , 0.0000E+00 ,    80 , -.7700E-02 , 0.8769E+06 , 0.0000E+00 , 0.0000E+00 , 0.0000E+00 , 
   22 , 0.855030E+06 ,     1 , 0.7700E-02 , 0.1359E+06 , 0.0000E+00 , 0.0000E+00 , 0.0000E+00 ,    80 , -.7700E-02 , 0.8766E+06 , 0.0000E+00 , 0.0000E+00 , 0.0000E+00 , 
   23 , 0.941430E+06 ,     1 , 0.7700E-02 , 0.1359E+06 , 0.0000E+00 , 0.0000E+00 , 0.0000E+00 ,    80 , -.7700E-02 , 0.8764E+06 , 0.0000E+00 , 0.0000E+00 , 0.0000E+00 , 
   24 , 0.102783E+07 ,     1 , 0.7700E-02 , 0.1359E+06 , 0.0000E+00 , 0.0000E+00 , 0.0000E+00 ,    80 , -.7700E-02 , 0.8762E+06 , 0.0000E+00 , 0.0000E+00 , 0.0000E+00 , 
   25 , 0.111423E+07 ,     1 , 0.7700E-02 , 0.1359E+06 , 0.0000E+00 , 0.0000E+00 , 0.0000E+00 ,    80 , -.7700E-02 , 0.8761E+06 , 0.0000E+00 , 0.0000E+00 , 0.0000E+00 , 
   26 , 0.120063E+07 ,     1 , 0.7700E-02 , 0.1359E+06 , 0.0000E+00 , 0.0000E+00 , 0.0000E+00 ,    80 , -.7700E-02 , 0.8759E+06 , 0.0000E+00 , 0.0000E+00 , 0.0000E+00 , 
   27 , 0.128703E+07 ,     1 , 0.7700E-02 , 0.1359E+06 , 0.0000E+00 , 0.0000E+00 , 0.0000E+00 ,    80 , -.7700E-02 , 0.8757E+06 , 0.0000E+00 , 0.0000E+00 , 0.0000E+00 , 
   28 , 0.137343E+07 ,     1 , 0.7700E-02 , 0.1359E+06 , 0.0000E+00 , 0.0000E+00 , 0.0000E+00 ,    80 , -.7700E-02 , 0.8755E+06 , 0.0000E+00 , 0.0000E+00 , 0.0000E+00 , 
   29 , 0.145983E+07 ,     1 , 0.7700E-02 , 0.1359E+06 , 0.0000E+00 , 0.0000E+00 , 0.0000E+00 ,    80 , -.7700E-02 , 0.8754E+06 , 0.0000E+00 , 0.0000E+00 , 0.0000E+00 , 
   30 , 0.154623E+07 ,     1 , 0.7700E-02 , 0.1359E+06 , 0.0000E+00 , 0.0000E+00 , 0.0000E+00 ,    80 , -.7700E-02 , 0.8752E+06 , 0.0000E+00 , 0.0000E+00 , 0.0000E+00 , 
   31 , 0.163263E+07 ,     1 , 0.7700E-02 , 0.1359E+06 , 0.0000E+00 , 0.0000E+00 , 0.0000E+00 ,    80 , -.7700E-02 , 0.8751E+06 , 0.0000E+00 , 0.0000E+00 , 0.0000E+00 , 
   32 , 0.171903E+07 ,     1 , 0.7700E-02 , 0.1359E+06 , 0.0000E+00 , 0.0000E+00 , 0.0000E+00 ,    80 , -.7700E-02 , 0.8749E+06 , 0.0000E+00 , 0.0000E+00 , 0.0000E+00 , 
   33 , 0.180543E+07 ,     1 , 0.7700E-02 , 0.1359E+06 , 0.0000E+00 , 0.0000E+00 , 0.0000E+00 ,    80 , -.7700E-02 , 0.8748E+06 , 0.0000E+00 , 0.0000E+00 , 0.0000E+00 , 
   34 , 0.189183E+07 ,     1 , 0.7700E-02 , 0.1359E+06 , 0.0000E+00 , 0.0000E+00 , 0.0000E+00 ,    80 , -.7700E-02 , 0.8746E+06 , 0.0000E+00 , 0.0000E+00 , 0.0000E+00 , 
   35 , 0.197823E+07 ,     1 , 0.7700E-02 , 0.1359E+06 , 0.0000E+00 , 0.0000E+00 , 0.0000E+00 ,    80 , -.7700E-02 , 0.8745E+06 , 0.0000E+00 , 0.0000E+00 , 0.0000E+00 , 
   36 , 0.206463E+07 ,     1 , 0.7700E-02 , 0.1359E+06 , 0.0000E+00 , 0.0000E+00 , 0.0000E+00 ,    80 , -.7700E-02 , 0.8744E+06 , 0.0000E+00 , 0.0000E+00 , 0.0000E+00 , 
   37 , 0.215103E+07 ,     1 , 0.7700E-02 , 0.1359E+06 , 0.0000E+00 , 0.0000E+00 , 0.0000E+00 ,    80 , -.7700E-02 , 0.8742E+06 , 0.0000E+00 , 0.0000E+00 , 0.0000E+00 , 
   38 , 0.223743E+07 ,     1 , 0.7700E-02 , 0.1359E+06 , 0.0000E+00 , 0.0000E+00 , 0.0000E+00 ,    80 , -.7700E-02 , 0.8741E+06 , 0.0000E+00 , 0.0000E+00 , 0.0000E+00 , 
   39 , 0.232383E+07 ,     1 , 0.7700E-02 , 0.1359E+06 , 0.0000E+00 , 0.0000E+00 , 0.0000E+00 ,    80 , -.7700E-02 , 0.8740E+06 , 0.0000E+00 , 0.0000E+00 , 0.0000E+00 , 
   40 , 0.241023E+07 ,     1 , 0.7700E-02 , 0.1359E+06 , 0.0000E+00 , 0.0000E+00 , 0.0000E+00 ,    80 , -.7700E-02 , 0.8738E+06 , 0.0000E+00 , 0.0000E+00 , 0.0000E+00 , 
   41 , 0.249663E+07 ,     1 , 0.7700E-02 , 0.1359E+06 , 0.0000E+00 , 0.0000E+00 , 0.0000E+00 ,    80 , -.7700E-02 , 0.8737E+06 , 0.0000E+00 , 0.0000E+00 , 0.0000E+00 , 
   42 , 0.258303E+07 ,     1 , 0.7700E-02 , 0.1359E+06 , 0.0000E+00 , 0.0000E+00 , 0.0000E+00 ,    80 , -.7700E-02 , 0.8736E+06 , 0.0000E+00 , 0.0000E+00 , 0.0000E+00 , 
   43 , 0.266943E+07 ,     1 , 0.7700E-02 , 0.1359E+06 , 0.0000E+00 , 0.0000E+00 , 0.0000E+00 ,    80 , -.7700E-02 , 0.8735E+06 , 0.0000E+00 , 0.0000E+00 , 0.0000E+00 , 
   44 , 0.275583E+07 ,     1 , 0.7700E-02 , 0.1359E+06 , 0.0000E+00 , 0.0000E+00 , 0.0000E+00 ,    80 , -.7700E-02 , 0.8734E+06 , 0.0000E+00 , 0.0000E+00 , 0.0000E+00 , 
   45 , 0.284223E+07 ,     1 , 0.7700E-02 , 0.1359E+06 , 0.0000E+00 , 0.0000E+00 , 0.0000E+00 ,    80 , -.7700E-02 , 0.8733E+06 , 0.0000E+00 , 0.0000E+00 , 0.0000E+00 , 
   46 , 0.292863E+07 ,     1 , 0.7700E-02 , 0.1359E+06 , 0.0000E+00 , 0.0000E+00 , 0.0000E+00 ,    80 , -.7700E-02 , 0.8731E+06 , 0.0000E+00 , 0.0000E+00 , 0.0000E+00 , 
   47 , 0.301503E+07 ,     1 , 0.7700E-02 , 0.1359E+06 , 0.0000E+00 , 0.0000E+00 , 0.0000E+00 ,    80 , -.7700E-02 , 0.8730E+06 , 0.0000E+00 , 0.0000E+00 , 0.0000E+00 , 
   48 , 0.310143E+07 ,     1 , 0.7700E-02 , 0.1359E+06 , 0.0000E+00 , 0.0000E+00 , 0.0000E+00 ,    80 , -.7700E-02 , 0.8729E+06 , 0.0000E+00 , 0.0000E+00 , 0.0000E+00 , 
   49 , 0.318783E+07 ,     1 , 0.7700E-02 , 0.1359E+06 , 0.0000E+00 , 0.0000E+00 , 0.0000E+00 ,    80 , -.7700E-02 , 0.8728E+06 , 0.0000E+00 , 0.0000E+00 , 0.0000E+00 , 
   50 , 0.327423E+07 ,     1 , 0.7700E-02 , 0.1359E+06 , 0.0000E+00 , 0.0000E+00 , 0.0000E+00 ,    80 , -.7700E-02 , 0.8727E+06 , 0.0000E+00 , 0.0000E+00 , 0.0000E+00 , 
   51 , 0.336063E+07 ,     1 , 0.7700E-02 , 0.1359E+06 , 0.0000E+00 , 0.0000E+00 , 0.0000E+00 ,    80 , -.7700E-02 , 0.8726E+06 , 0.0000E+00 , 0.0000E+00 , 0.0000E+00 , 
   52 , 0.344703E+07 ,     1 , 0.7700E-02 , 0.1359E+06 , 0.0000E+00 , 0.0000E+00 , 0.0000E+00 ,    80 , -.7700E-02 , 0.8725E+06 , 0.0000E+00 , 0.0000E+00 , 0.0000E+00 , 
   53 , 0.353343E+07 ,     1 , 0.7700E-02 , 0.1359E+06 , 0.0000E+00 , 0.0000E+00 , 0.0000E+00 ,    80 , -.7700E-02 , 0.8724E+06 , 0.0000E+00 , 0.0000E+00 , 0.0000E+00 , 
   54 , 0.361983E+07 ,     1 , 0.7700E-02 , 0.1359E+06 , 0.0000E+00 , 0.0000E+00 , 0.0000E+00 ,    80 , -.7700E-02 , 0.8723E+06 , 0.0000E+00 , 0.0000E+00 , 0.0000E+00 , 
   55 , 0.370623E+07 ,     1 , 0.7700E-02 , 0.1359E+06 , 0.0000E+00 , 0.0000E+00 , 0.0000E+00 ,    80 , -.7700E-02 , 0.8722E+06 , 0.0000E+00 , 0.0000E+00 , 0.0000E+00 , 
   56 , 0.379263E+07 ,     1 , 0.7700E-02 , 0.1359E+06 , 0.0000E+00 , 0.0000E+00 , 0.0000E+00 ,    80 , -.7700E-02 , 0.8721E+06 , 0.0000E+00 , 0.0000E+00 , 0.0000E+00 , 
   57 , 0.387903E+07 ,     1 , 0.7700E-02 , 0.1359E+06 , 0.0000E+00 , 0.0000E+00 , 0.0000E+00 ,    80 , -.7700E-02 , 0.8720E+06 , 0.0000E+00 , 0.0000E+00 , 0.0000E+00 , 
   58 , 0.396543E+07 ,     1 , 0.7700E-02 , 0.1359E+06 , 0.0000E+00 , 0.0000E+00 , 0.0000E+00 ,    80 , -.7700E-02 , 0.8719E+06 , 0.0000E+00 , 0.0000E+00 , 0.0000E+00 , 
   59 , 0.405183E+07 ,     1 , 0.7700E-02 , 0.1359E+06 , 0.0000E+00 , 0.0000E+00 , 0.0000E+00 ,    80 , -.7700E-02 , 0.8718E+06 , 0.0000E+00 , 0.0000E+00 , 0.0000E+00 , 
   60 , 0.413823E+07 ,     1 , 0.7700E-02 , 0.1359E+06 , 0.0000E+00 , 0.0000E+00 , 0.0000E+00 ,    80 , -.7700E-02 , 0.8717E+06 , 0.0000E+00 , 0.0000E+00 , 0.0000E+00 , 
   61 , 0.422463E+07 ,     1 , 0.7700E-02 , 0.1359E+06 , 0.0000E+00 , 0.0000E+00 , 0.0000E+00 ,    80 , -.7700E-02 , 0.8716E+06 , 0.0000E+00 , 0.0000E+00 , 0.0000E+00 , 
   62 , 0.431103E+07 ,     1 , 0.7700E-02 , 0.1359E+06 , 0.0000E+00 , 0.0000E+00 , 0.0000E+00 ,    80 , -.7700E-02 , 0.8716E+06 , 0.0000E+00 , 0.0000E+00 , 0.0000E+00 , 
   63 , 0.439743E+07 ,     1 , 0.7700E-02 , 0.1359E+06 , 0.0000E+00 , 0.0000E+00 , 0.0000E+00 ,    80 , -.7700E-02 , 0.8715E+06 , 0.0000E+00 , 0.0000E+00 , 0.0000E+00 , 
   64 , 0.448383E+07 ,     1 , 0.7700E-02 , 0.1359E+06 , 0.0000E+00 , 0.0000E+00 , 0.0000E+00 ,    80 , -.7700E-02 , 0.8714E+06 , 0.0000E+00 , 0.0000E+00 , 0.0000E+00 , 
   65 , 0.457023E+07 ,     1 , 0.7700E-02 , 0.1359E+06 , 0.0000E+00 , 0.0000E+00 , 0.0000E+00 ,    80 , -.7700E-02 , 0.8713E+06 , 0.0000E+00 , 0.0000E+00 , 0.0000E+00 , 
   66 , 0.465663E+07 ,     1 , 0.7700E-02 , 0.1359E+06 , 0.0000E+00 , 0.0000E+00 , 0.0000E+00 ,    80 , -.7700E-02 , 0.8712E+06 , 0.0000E+00 , 0.0000E+00 , 0.0000E+00 , 
   67 , 0.474303E+07 ,     1 , 0.7700E-02 , 0.1359E+06 , 0.0000E+00 , 0.0000E+00 , 0.0000E+00 ,    80 , -.7700E-02 , 0.8711E+06 , 0.0000E+00 , 0.0000E+00 , 0.0000E+00 , 
   68 , 0.482943E+07 ,     1 , 0.7700E-02 , 0.1359E+06 , 0.0000E+00 , 0.0000E+00 , 0.0000E+00 ,    80 , -.7700E-02 , 0.8710E+06 , 0.0000E+00 , 0.0000E+00 , 0.0000E+00 , 
   69 , 0.491583E+07 ,     1 , 0.7700E-02 , 0.1359E+06 , 0.0000E+00 , 0.0000E+00 , 0.0000E+00 ,    80 , -.7700E-02 , 0.8709E+06 , 0.0000E+00 , 0.0000E+00 , 0.0000E+00 , 
   70 , 0.500223E+07 ,     1 , 0.7700E-02 , 0.1359E+06 , 0.0000E+00 , 0.0000E+00 , 0.0000E+00 ,    80 , -.7700E-02 , 0.8709E+06 , 0.0000E+00 , 0.0000E+00 , 0.0000E+00 , 
   71 , 0.508863E+07 ,     1 , 0.7700E-02 , 0.1359E+06 , 0.0000E+00 , 0.0000E+00 , 0.0000E+00 ,    80 , -.7700E-02 , 0.8708E+06 , 0.0000E+00 , 0.0000E+00 , 0.0000E+00 , 
   72 , 0.517503E+07 ,     1 , 0.7700E-02 , 0.1359E+06 , 0.0000E+00 , 0.0000E+00 , 0.0000E+00 ,    80 , -.7700E-02 , 0.8707E+06 , 0.0000E+00 , 0.0000E+00 , 0.0000E+00 , 
   73 , 0.526143E+07 ,     1 , 0.7700E-02 , 0.1359E+06 , 0.0000E+00 , 0.0000E+00 , 0.0000E+00 ,    80 , -.7700E-02 , 0.8706E+06 , 0.0000E+00 , 0.0000E+00 , 0.0000E+00 , 
   74 , 0.534783E+07 ,     1 , 0.7700E-02 , 0.1359E+06 , 0.0000E+00 , 0.0000E+00 , 0.0000E+00 ,    80 , -.7700E-02 , 0.8705E+06 , 0.0000E+00 , 0.0000E+00 , 0.0000E+00 , 
   75 , 0.543423E+07 ,     1 , 0.7700E-02 , 0.1359E+06 , 0.0000E+00 , 0.0000E+00 , 0.0000E+00 ,    80 , -.7700E-02 , 0.8705E+06 , 0.0000E+00 , 0.0000E+00 , 0.0000E+00 , 
   76 , 0.552063E+07 ,     1 , 0.7700E-02 , 0.1359E+06 , 0.0000E+00 , 0.0000E+00 , 0.0000E+00 ,    80 , -.7700E-02 , 0.8704E+06 , 0.0000E+00 , 0.0000E+00 , 0.0000E+00 , 
   77 , 0.560703E+07 ,     1 , 0.7700E-02 , 0.1359E+06 , 0.0000E+00 , 0.0000E+00 , 0.0000E+00 ,    80 , -.7700E-02 , 0.8703E+06 , 0.0000E+00 , 0.0000E+00 , 0.0000E+00 , 
   78 , 0.569343E+07 ,     1 , 0.7700E-02 , 0.1359E+06 , 0.0000E+00 , 0.0000E+00 , 0.0000E+00 ,    80 , -.7700E-02 , 0.8702E+06 , 0.0000E+00 , 0.0000E+00 , 0.0000E+00 , 
   79 , 0.577983E+07 ,     1 , 0.7700E-02 , 0.1359E+06 , 0.0000E+00 , 0.0000E+00 , 0.0000E+00 ,    80 , -.7700E-02 , 0.8701E+06 , 0.0000E+00 , 0.0000E+00 , 0.0000E+00 , 
   80 , 0.586623E+07 ,     1 , 0.7700E-02 , 0.1359E+06 , 0.0000E+00 , 0.0000E+00 , 0.0000E+00 ,    80 , -.7700E-02 , 0.8701E+06 , 0.0000E+00 , 0.0000E+00 , 0.0000E+00 , 
   81 , 0.595263E+07 ,     1 , 0.7700E-02 , 0.1359E+06 , 0.0000E+00 , 0.0000E+00 , 0.0000E+00 ,    80 , -.7700E-02 , 0.8700E+06 , 0.0000E+00 , 0.0000E+00 , 0.0000E+00 , 
   82 , 0.603903E+07 ,     1 , 0.7700E-02 , 0.1359E+06 , 0.0000E+00 , 0.0000E+00 , 0.0000E+00 ,    80 , -.7700E-02 , 0.8699E+06 , 0.0000E+00 , 0.0000E+00 , 0.0000E+00 , 
   83 , 0.612543E+07 ,     1 , 0.7700E-02 , 0.1359E+06 , 0.0000E+00 , 0.0000E+00 , 0.0000E+00 ,    80 , -.7700E-02 , 0.8698E+06 , 0.0000E+00 , 0.0000E+00 , 0.0000E+00 , 
   84 , 0.621183E+07 ,     1 , 0.7700E-02 , 0.1359E+06 , 0.0000E+00 , 0.0000E+00 , 0.0000E+00 ,    80 , -.7700E-02 , 0.8698E+06 , 0.0000E+00 , 0.0000E+00 , 0.0000E+00 , 
   85 , 0.629823E+07 ,     1 , 0.7700E-02 , 0.1359E+06 , 0.0000E+00 , 0.0000E+00 , 0.0000E+00 ,    80 , -.7700E-02 , 0.8697E+06 , 0.0000E+00 , 0.0000E+00 , 0.0000E+00 , 
   86 , 0.638463E+07 ,     1 , 0.7700E-02 , 0.1359E+06 , 0.0000E+00 , 0.0000E+00 , 0.0000E+00 ,    80 , -.7700E-02 , 0.8696E+06 , 0.0000E+00 , 0.0000E+00 , 0.0000E+00 , 
   87 , 0.647103E+07 ,     1 , 0.7700E-02 , 0.1359E+06 , 0.0000E+00 , 0.0000E+00 , 0.0000E+00 ,    80 , -.7700E-02 , 0.8695E+06 , 0.0000E+00 , 0.0000E+00 , 0.0000E+00 , 
   88 , 0.655743E+07 ,     1 , 0.7700E-02 , 0.1359E+06 , 0.0000E+00 , 0.0000E+00 , 0.0000E+00 ,    80 , -.7700E-02 , 0.8695E+06 , 0.0000E+00 , 0.0000E+00 , 0.0000E+00 , 
   89 , 0.664383E+07 ,     1 , 0.7700E-02 , 0.1359E+06 , 0.0000E+00 , 0.0000E+00 , 0.0000E+00 ,    80 , -.7700E-02 , 0.8694E+06 , 0.0000E+00 , 0.0000E+00 , 0.0000E+00 , 
   90 , 0.673023E+07 ,     1 , 0.7700E-02 , 0.1359E+06 , 0.0000E+00 , 0.0000E+00 , 0.0000E+00 ,    80 , -.7700E-02 , 0.8693E+06 , 0.0000E+00 , 0.0000E+00 , 0.0000E+00 , 
   91 , 0.681663E+07 ,     1 , 0.7700E-02 , 0.1359E+06 , 0.0000E+00 , 0.0000E+00 , 0.0000E+00 ,    80 , -.7700E-02 , 0.8693E+06 , 0.0000E+00 , 0.0000E+00 , 0.0000E+00 , 
   92 , 0.690303E+07 ,     1 , 0.7700E-02 , 0.1359E+06 , 0.0000E+00 , 0.0000E+00 , 0.0000E+00 ,    80 , -.7700E-02 , 0.8692E+06 , 0.0000E+00 , 0.0000E+00 , 0.0000E+00 , 
   93 , 0.698943E+07 ,     1 , 0.7700E-02 , 0.1359E+06 , 0.0000E+00 , 0.0000E+00 , 0.0000E+00 ,    80 , -.7700E-02 , 0.8691E+06 , 0.0000E+00 , 0.0000E+00 , 0.0000E+00 , 
   94 , 0.707583E+07 ,     1 , 0.7700E-02 , 0.1359E+06 , 0.0000E+00 , 0.0000E+00 , 0.0000E+00 ,    80 , -.7700E-02 , 0.8691E+06 , 0.0000E+00 , 0.0000E+00 , 0.0000E+00 , 
   95 , 0.716223E+07 ,     1 , 0.7700E-02 , 0.1359E+06 , 0.0000E+00 , 0.0000E+00 , 0.0000E+00 ,    80 , -.7700E-02 , 0.8690E+06 , 0.0000E+00 , 0.0000E+00 , 0.0000E+00 , 
   96 , 0.724863E+07 ,     1 , 0.7700E-02 , 0.1359E+06 , 0.0000E+00 , 0.0000E+00 , 0.0000E+00 ,    80 , -.7700E-02 , 0.8689E+06 , 0.0000E+00 , 0.0000E+00 , 0.0000E+00 , 
   97 , 0.733503E+07 ,     1 , 0.7700E-02 , 0.1359E+06 , 0.0000E+00 , 0.0000E+00 , 0.0000E+00 ,    80 , -.7700E-02 , 0.8688E+06 , 0.0000E+00 , 0.0000E+00 , 0.0000E+00 , 
   98 , 0.742143E+07 ,     1 , 0.7700E-02 , 0.1359E+06 , 0.0000E+00 , 0.0000E+00 , 0.0000E+00 ,    80 , -.7700E-02 , 0.8688E+06 , 0.0000E+00 , 0.0000E+00 , 0.0000E+00 , 
   99 , 0.750783E+07 ,     1 , 0.7700E-02 , 0.1359E+06 , 0.0000E+00 , 0.0000E+00 , 0.0000E+00 ,    80 , -.7700E-02 , 0.8687E+06 , 0.0000E+00 , 0.0000E+00 , 0.0000E+00 , 
  100 , 0.759423E+07 ,     1 , 0.7700E-02 , 0.1359E+06 , 0.0000E+00 , 0.0000E+00 , 0.0000E+00 ,    80 , -.7700E-02 , 0.8686E+06 , 0.0000E+00 , 0.0000E+00 , 0.0000E+00 , 
  101 , 0.768063E+07 ,     1 , 0.7700E-02 , 0.1359E+06 , 0.0000E+00 , 0.0000E+00 , 0.0000E+00 ,    80 , -.7700E-02 , 0.8686E+06 , 0.0000E+00 , 0.0000E+00 , 0.0000E+00 , 
  102 , 0.776703E+07 ,     1 , 0.7700E-02 , 0.1359E+06 , 0.0000E+00 , 0.0000E+00 , 0.0000E+00 ,    80 , -.7700E-02 , 0.8685E+06 , 0.0000E+00 , 0.0000E+00 , 0.0000E+00 , 
  103 , 0.785343E+07 ,     1 , 0.7700E-02 , 0.1359E+06 , 0.0000E+00 , 0.0000E+00 , 0.0000E+00 ,    80 , -.7700E-02 , 0.8685E+06 , 0.0000E+00 , 0.0000E+00 , 0.0000E+00 , 
  104 , 0.793983E+07 ,     1 , 0.7700E-02 , 0.1359E+06 , 0.0000E+00 , 0.0000E+00 , 0.0000E+00 ,    80 , -.7700E-02 , 0.8684E+06 , 0.0000E+00 , 0.0000E+00 , 0.0000E+00 , 
  105 , 0.802623E+07 ,     1 , 0.7700E-02 , 0.1359E+06 , 0.0000E+00 , 0.0000E+00 , 0.0000E+00 ,    80 , -.7700E-02 , 0.8683E+06 , 0.0000E+00 , 0.0000E+00 , 0.0000E+00 , 
  106 , 0.811263E+07 ,     1 , 0.7700E-02 , 0.1359E+06 , 0.0000E+00 , 0.0000E+00 , 0.0000E+00 ,    80 , -.7700E-02 , 0.8683E+06 , 0.0000E+00 , 0.0000E+00 , 0.0000E+00 , 
  107 , 0.819903E+07 ,     1 , 0.7700E-02 , 0.1359E+06 , 0.0000E+00 , 0.0000E+00 , 0.0000E+00 ,    80 , -.7700E-02 , 0.8682E+06 , 0.0000E+00 , 0.0000E+00 , 0.0000E+00 , 
  108 , 0.828543E+07 ,     1 , 0.7700E-02 , 0.1359E+06 , 0.0000E+00 , 0.0000E+00 , 0.0000E+00 ,    80 , -.7700E-02 , 0.8681E+06 , 0.0000E+00 , 0.0000E+00 , 0.0000E+00 , 
  109 , 0.837183E+07 ,     1 , 0.7700E-02 , 0.1359E+06 , 0.0000E+00 , 0.0000E+00 , 0.0000E+00 ,    80 , -.7700E-02 , 0.8681E+06 , 0.0000E+00 , 0.0000E+00 , 0.0000E+00 , 
  110 , 0.845823E+07 ,     1 , 0.7700E-02 , 0.1359E+06 , 0.0000E+00 , 0.0000E+00 , 0.0000E+00 ,    80 , -.7700E-02 , 0.8680E+06 , 0.0000E+00 , 0.0000E+00 , 0.0000E+00 , 
  111 , 0.854463E+07 ,     1 , 0.7700E-02 , 0.1359E+06 , 0.0000E+00 , 0.0000E+00 , 0.0000E+00 ,    80 , -.7700E-02 , 0.8679E+06 , 0.0000E+00 , 0.0000E+00 , 0.0000E+00 , 
  112 , 0.863103E+07 ,     1 , 0.7700E-02 , 0.1359E+06 , 0.0000E+00 , 0.0000E+00 , 0.0000E+00 ,    80 , -.7700E-02 , 0.8679E+06 , 0.0000E+00 , 0.0000E+00 , 0.0000E+00 , 
  113 , 0.871743E+07 ,     1 , 0.7700E-02 , 0.1359E+06 , 0.0000E+00 , 0.0000E+00 , 0.0000E+00 ,    80 , -.7700E-02 , 0.8678E+06 , 0.0000E+00 , 0.0000E+00 , 0.0000E+00 , 
  114 , 0.880383E+07 ,     1 , 0.7700E-02 , 0.1359E+06 , 0.0000E+00 , 0.0000E+00 , 0.0000E+00 ,    80 , -.7700E-02 , 0.8678E+06 , 0.0000E+00 , 0.0000E+00 , 0.0000E+00 , 
  115 , 0.889023E+07 ,     1 , 0.7700E-02 , 0.1359E+06 , 0.0000E+00 , 0.0000E+00 , 0.0000E+00 ,    80 , -.7700E-02 , 0.8677E+06 , 0.0000E+00 , 0.0000E+00 , 0.0000E+00 , 
  116 , 0.897663E+07 ,     1 , 0.7700E-02 , 0.1359E+06 , 0.0000E+00 , 0.0000E+00 , 0.0000E+00 ,    80 , -.7700E-02 , 0.8676E+06 , 0.0000E+00 , 0.0000E+00 , 0.0000E+00 , 
  117 , 0.906303E+07 ,     1 , 0.7700E-02 , 0.1359E+06 , 0.0000E+00 , 0.0000E+00 , 0.0000E+00 ,    80 , -.7700E-02 , 0.8676E+06 , 0.0000E+00 , 0.0000E+00 , 0.0000E+00 , 
  118 , 0.914943E+07 ,     1 , 0.7700E-02 , 0.1359E+06 , 0.0000E+00 , 0.0000E+00 , 0.0000E+00 ,    80 , -.7700E-02 , 0.8675E+06 , 0.0000E+00 , 0.0000E+00 , 0.0000E+00 , 
  119 , 0.923583E+07 ,     1 , 0.7700E-02 , 0.1359E+06 , 0.0000E+00 , 0.0000E+00 , 0.0000E+00 ,    80 , -.7700E-02 , 0.8675E+06 , 0.0000E+00 , 0.0000E+00 , 0.0000E+00 , 
  120 , 0.932223E+07 ,     1 , 0.7700E-02 , 0.1359E+06 , 0.0000E+00 , 0.0000E+00 , 0.0000E+00 ,    80 , -.7700E-02 , 0.8674E+06 , 0.0000E+00 , 0.0000E+00 , 0.0000E+00 , 
  121 , 0.940863E+07 ,     1 , 0.7700E-02 , 0.1359E+06 , 0.0000E+00 , 0.0000E+00 , 0.0000E+00 ,    80 , -.7700E-02 , 0.8673E+06 , 0.0000E+00 , 0.0000E+00 , 0.0000E+00 , 
  122 , 0.949503E+07 ,     1 , 0.7700E-02 , 0.1359E+06 , 0.0000E+00 , 0.0000E+00 , 0.0000E+00 ,    80 , -.7700E-02 , 0.8673E+06 , 0.0000E+00 , 0.0000E+00 , 0.0000E+00 , 
  123 , 0.958143E+07 ,     1 , 0.7700E-02 , 0.1359E+06 , 0.0000E+00 , 0.0000E+00 , 0.0000E+00 ,    80 , -.7700E-02 , 0.8672E+06 , 0.0000E+00 , 0.0000E+00 , 0.0000E+00 , 
  124 , 0.966783E+07 ,     1 , 0.7700E-02 , 0.1359E+06 , 0.0000E+00 , 0.0000E+00 , 0.0000E+00 ,    80 , -.7700E-02 , 0.8672E+06 , 0.0000E+00 , 0.0000E+00 , 0.0000E+00 , 
  125 , 0.975423E+07 ,     1 , 0.7700E-02 , 0.1359E+06 , 0.0000E+00 , 0.0000E+00 , 0.0000E+00 ,    80 , -.7700E-02 , 0.8671E+06 , 0.0000E+00 , 0.0000E+00 , 0.0000E+00 , 
  126 , 0.984063E+07 ,     1 , 0.7700E-02 , 0.1359E+06 , 0.0000E+00 , 0.0000E+00 , 0.0000E+00 ,    80 , -.7700E-02 , 0.8671E+06 , 0.0000E+00 , 0.0000E+00 , 0.0000E+00 , 
  127 , 0.992703E+07 ,     1 , 0.7700E-02 , 0.1359E+06 , 0.0000E+00 , 0.0000E+00 , 0.0000E+00 ,    80 , -.7700E-02 , 0.8670E+06 , 0.0000E+00 , 0.0000E+00 , 0.0000E+00 , 
  128 , 0.100134E+08 ,     1 , 0.7700E-02 , 0.1359E+06 , 0.0000E+00 , 0.0000E+00 , 0.0000E+00 ,    80 , -.7700E-02 , 0.8669E+06 , 0.0000E+00 , 0.0000E+00 , 0.0000E+00 , 
  129 , 0.100998E+08 ,     1 , 0.7700E-02 , 0.1359E+06 , 0.0000E+00 , 0.0000E+00 , 0.0000E+00 ,    80 , -.7700E-02 , 0.8669E+06 , 0.0000E+00 , 0.0000E+00 , 0.0000E+00 , 
  130 , 0.101862E+08 ,     1 , 0.7700E-02 , 0.1359E+06 , 0.0000E+00 , 0.0000E+00 , 0.0000E+00 ,    80 , -.7700E-02 , 0.8668E+06 , 0.0000E+00 , 0.0000E+00 , 0.0000E+00 , 
  131 , 0.102726E+08 ,     1 , 0.7700E-02 , 0.1359E+06 , 0.0000E+00 , 0.0000E+00 , 0.0000E+00 ,    80 , -.7700E-02 , 0.8668E+06 , 0.0000E+00 , 0.0000E+00 , 0.0000E+00 , 
  132 , 0.103590E+08 ,     1 , 0.7700E-02 , 0.1359E+06 , 0.0000E+00 , 0.0000E+00 , 0.0000E+00 ,    80 , -.7700E-02 , 0.8667E+06 , 0.0000E+00 , 0.0000E+00 , 0.0000E+00 , 
  133 , 0.104454E+08 ,     1 , 0.7700E-02 , 0.1359E+06 , 0.0000E+00 , 0.0000E+00 , 0.0000E+00 ,    80 , -.7700E-02 , 0.8667E+06 , 0.0000E+00 , 0.0000E+00 , 0.0000E+00 , 
  134 , 0.105318E+08 ,     1 , 0.7700E-02 , 0.1359E+06 , 0.0000E+00 , 0.0000E+00 , 0.0000E+00 ,    80 , -.7700E-02 , 0.8666E+06 , 0.0000E+00 , 0.0000E+00 , 0.0000E+00 , 
  135 , 0.106182E+08 ,     1 , 0.7700E-02 , 0.1359E+06 , 0.0000E+00 , 0.0000E+00 , 0.0000E+00 ,    80 , -.7700E-02 , 0.8665E+06 , 0.0000E+00 , 0.0000E+00 , 0.0000E+00 , 
  136 , 0.107046E+08 ,     1 , 0.7700E-02 , 0.1359E+06 , 0.0000E+00 , 0.0000E+00 , 0.0000E+00 ,    80 , -.7700E-02 , 0.8665E+06 , 0.0000E+00 , 0.0000E+00 , 0.0000E+00 , 
  137 , 0.107910E+08 ,     1 , 0.7700E-02 , 0.1359E+06 , 0.0000E+00 , 0.0000E+00 , 0.0000E+00 ,    80 , -.7700E-02 , 0.8664E+06 , 0.0000E+00 , 0.0000E+00 , 0.0000E+00 , 
  138 , 0.108774E+08 ,     1 , 0.7700E-02 , 0.1359E+06 , 0.0000E+00 , 0.0000E+00 , 0.0000E+00 ,    80 , -.7700E-02 , 0.8664E+06 , 0.0000E+00 , 0.0000E+00 , 0.0000E+00 , 
  139 , 0.109638E+08 ,     1 , 0.7700E-02 , 0.1359E+06 , 0.0000E+00 , 0.0000E+00 , 0.0000E+00 ,    80 , -.7700E-02 , 0.8663E+06 , 0.0000E+00 , 0.0000E+00 , 0.0000E+00 , 
  140 , 0.110502E+08 ,     1 , 0.7700E-02 , 0.1359E+06 , 0.0000E+00 , 0.0000E+00 , 0.0000E+00 ,    80 , -.7700E-02 , 0.8663E+06 , 0.0000E+00 , 0.0000E+00 , 0.0000E+00 , 
  141 , 0.111366E+08 ,     1 , 0.7700E-02 , 0.1359E+06 , 0.0000E+00 , 0.0000E+00 , 0.0000E+00 ,    80 , -.7700E-02 , 0.8662E+06 , 0.0000E+00 , 0.0000E+00 , 0.0000E+00 , 
  142 , 0.112230E+08 ,     1 , 0.7700E-02 , 0.1359E+06 , 0.0000E+00 , 0.0000E+00 , 0.0000E+00 ,    80 , -.7700E-02 , 0.8662E+06 , 0.0000E+00 , 0.0000E+00 , 0.0000E+00 , 
  143 , 0.113094E+08 ,     1 , 0.7700E-02 , 0.1359E+06 , 0.0000E+00 , 0.0000E+00 , 0.0000E+00 ,    80 , -.7700E-02 , 0.8661E+06 , 0.0000E+00 , 0.0000E+00 , 0.0000E+00 , 
  144 , 0.113958E+08 ,     1 , 0.7700E-02 , 0.1359E+06 , 0.0000E+00 , 0.0000E+00 , 0.0000E+00 ,    80 , -.7700E-02 , 0.8661E+06 , 0.0000E+00 , 0.0000E+00 , 0.0000E+00 , 
  145 , 0.114822E+08 ,     1 , 0.7700E-02 , 0.1359E+06 , 0.0000E+00 , 0.0000E+00 , 0.0000E+00 ,    80 , -.7700E-02 , 0.8660E+06 , 0.0000E+00 , 0.0000E+00 , 0.0000E+00 , 
  146 , 0.115686E+08 ,     1 , 0.7700E-02 , 0.1359E+06 , 0.0000E+00 , 0.0000E+00 , 0.0000E+00 ,    80 , -.7700E-02 , 0.8660E+06 , 0.0000E+00 , 0.0000E+00 , 0.0000E+00 , 
  147 , 0.116550E+08 ,     1 , 0.7700E-02 , 0.1359E+06 , 0.0000E+00 , 0.0000E+00 , 0.0000E+00 ,    80 , -.7700E-02 , 0.8659E+06 , 0.0000E+00 , 0.0000E+00 , 0.0000E+00 , 
  148 , 0.117414E+08 ,     1 , 0.7700E-02 , 0.1359E+06 , 0.0000E+00 , 0.0000E+00 , 0.0000E+00 ,    80 , -.7700E-02 , 0.8659E+06 , 0.0000E+00 , 0.0000E+00 , 0.0000E+00 , 
  149 , 0.118278E+08 ,     1 , 0.7700E-02 , 0.1359E+06 , 0.0000E+00 , 0.0000E+00 , 0.0000E+00 ,    80 , -.7700E-02 , 0.8658E+06 , 0.0000E+00 , 0.0000E+00 , 0.0000E+00 , 
  150 , 0.119142E+08 ,     1 , 0.7700E-02 , 0.1359E+06 , 0.0000E+00 , 0.0000E+00 , 0.0000E+00 ,    80 , -.7700E-02 , 0.8658E+06 , 0.0000E+00 , 0.0000E+00 , 0.0000E+00 , 
  151 , 0.120006E+08 ,     1 , 0.7700E-02 , 0.1359E+06 , 0.0000E+00 , 0.0000E+00 , 0.0000E+00 ,    80 , -.7700E-02 , 0.8657E+06 , 0.0000E+00 , 0.0000E+00 , 0.0000E+00 , 
  152 , 0.120870E+08 ,     1 , 0.7700E-02 , 0.1359E+06 , 0.0000E+00 , 0.0000E+00 , 0.0000E+00 ,    80 , -.7700E-02 , 0.8657E+06 , 0.0000E+00 , 0.0000E+00 , 0.0000E+00 , 
  153 , 0.121734E+08 ,     1 , 0.7700E-02 , 0.1359E+06 , 0.0000E+00 , 0.0000E+00 , 0.0000E+00 ,    80 , -.7700E-02 , 0.8656E+06 , 0.0000E+00 , 0.0000E+00 , 0.0000E+00 , 
  154 , 0.122598E+08 ,     1 , 0.7700E-02 , 0.1359E+06 , 0.0000E+00 , 0.0000E+00 , 0.0000E+00 ,    80 , -.7700E-02 , 0.8655E+06 , 0.0000E+00 , 0.0000E+00 , 0.0000E+00 , 
  155 , 0.123462E+08 ,     1 , 0.7700E-02 , 0.1359E+06 , 0.0000E+00 , 0.0000E+00 , 0.0000E+00 ,    80 , -.7700E-02 , 0.8655E+06 , 0.0000E+00 , 0.0000E+00 , 0.0000E+00 , 
  156 , 0.124326E+08 ,     1 , 0.7700E-02 , 0.1359E+06 , 0.0000E+00 , 0.0000E+00 , 0.0000E+00 ,    80 , -.7700E-02 , 0.8654E+06 , 0.0000E+00 , 0.0000E+00 , 0.0000E+00 , 
  157 , 0.125190E+08 ,     1 , 0.7700E-02 , 0.1359E+06 , 0.0000E+00 , 0.0000E+00 , 0.0000E+00 ,    80 , -.7700E-02 , 0.8654E+06 , 0.0000E+00 , 0.0000E+00 , 0.0000E+00 , 
  158 , 0.126054E+08 ,     1 , 0.7700E-02 , 0.1359E+06 , 0.0000E+00 , 0.0000E+00 , 0.0000E+00 ,    80 , -.7700E-02 , 0.8653E+06 , 0.0000E+00 , 0.0000E+00 , 0.0000E+00 , 
  159 , 0.126918E+08 ,     1 , 0.7700E-02 , 0.1359E+06 , 0.0000E+00 , 0.0000E+00 , 0.0000E+00 ,    80 , -.7700E-02 , 0.8653E+06 , 0.0000E+00 , 0.0000E+00 , 0.0000E+00 , 
  160 , 0.127782E+08 ,     1 , 0.7700E-02 , 0.1359E+06 , 0.0000E+00 , 0.0000E+00 , 0.0000E+00 ,    80 , -.7700E-02 , 0.8652E+06 , 0.0000E+00 , 0.0000E+00 , 0.0000E+00 , 
  161 , 0.128646E+08 ,     1 , 0.7700E-02 , 0.1359E+06 , 0.0000E+00 , 0.0000E+00 , 0.0000E+00 ,    80 , -.7700E-02 , 0.8652E+06 , 0.0000E+00 , 0.0000E+00 , 0.0000E+00 , 
  162 , 0.129510E+08 ,     1 , 0.7700E-02 , 0.1359E+06 , 0.0000E+00 , 0.0000E+00 , 0.0000E+00 ,    80 , -.7700E-02 , 0.8652E+06 , 0.0000E+00 , 0.0000E+00 , 0.0000E+00 , 
  163 , 0.130374E+08 ,     1 , 0.7700E-02 , 0.1359E+06 , 0.0000E+00 , 0.0000E+00 , 0.0000E+00 ,    80 , -.7700E-02 , 0.8651E+06 , 0.0000E+00 , 0.0000E+00 , 0.0000E+00 , 
  164 , 0.131238E+08 ,     1 , 0.7700E-02 , 0.1359E+06 , 0.0000E+00 , 0.0000E+00 , 0.0000E+00 ,    80 , -.7700E-02 , 0.8651E+06 , 0.0000E+00 , 0.0000E+00 , 0.0000E+00 , 
  165 , 0.132102E+08 ,     1 , 0.7700E-02 , 0.1359E+06 , 0.0000E+00 , 0.0000E+00 , 0.0000E+00 ,    80 , -.7700E-02 , 0.8650E+06 , 0.0000E+00 , 0.0000E+00 , 0.0000E+00 , 
  166 , 0.132966E+08 ,     1 , 0.7700E-02 , 0.1359E+06 , 0.0000E+00 , 0.0000E+00 , 0.0000E+00 ,    80 , -.7700E-02 , 0.8650E+06 , 0.0000E+00 , 0.0000E+00 , 0.0000E+00 , 
  167 , 0.133830E+08 ,     1 , 0.7700E-02 , 0.1359E+06 , 0.0000E+00 , 0.0000E+00 , 0.0000E+00 ,    80 , -.7700E-02 , 0.8649E+06 , 0.0000E+00 , 0.0000E+00 , 0.0000E+00 , 
  168 , 0.134694E+08 ,     1 , 0.7700E-02 , 0.1359E+06 , 0.0000E+00 , 0.0000E+00 , 0.0000E+00 ,    80 , -.7700E-02 , 0.8649E+06 , 0.0000E+00 , 0.0000E+00 , 0.0000E+00 , 
  169 , 0.135558E+08 ,     1 , 0.7700E-02 , 0.1359E+06 , 0.0000E+00 , 0.0000E+00 , 0.0000E+00 ,    80 , -.7700E-02 , 0.8648E+06 , 0.0000E+00 , 0.0000E+00 , 0.0000E+00 , 
  170 , 0.136422E+08 ,     1 , 0.7700E-02 , 0.1359E+06 , 0.0000E+00 , 0.0000E+00 , 0.0000E+00 ,    80 , -.7700E-02 , 0.8648E+06 , 0.0000E+00 , 0.0000E+00 , 0.0000E+00 , 
  171 , 0.137286E+08 ,     1 , 0.7700E-02 , 0.1359E+06 , 0.0000E+00 , 0.0000E+00 , 0.0000E+00 ,    80 , -.7700E-02 , 0.8647E+06 , 0.0000E+00 , 0.0000E+00 , 0.0000E+00 , 
  172 , 0.138150E+08 ,     1 , 0.7700E-02 , 0.1359E+06 , 0.0000E+00 , 0.0000E+00 , 0.0000E+00 ,    80 , -.7700E-02 , 0.8647E+06 , 0.0000E+00 , 0.0000E+00 , 0.0000E+00 , 
  173 , 0.139014E+08 ,     1 , 0.7700E-02 , 0.1359E+06 , 0.0000E+00 , 0.0000E+00 , 0.0000E+00 ,    80 , -.7700E-02 , 0.8646E+06 , 0.0000E+00 , 0.0000E+00 , 0.0000E+00 , 
  174 , 0.139878E+08 ,     1 , 0.7700E-02 , 0.1359E+06 , 0.0000E+00 , 0.0000E+00 , 0.0000E+00 ,    80 , -.7700E-02 , 0.8646E+06 , 0.0000E+00 , 0.0000E+00 , 0.0000E+00 , 
  175 , 0.140742E+08 ,     1 , 0.7700E-02 , 0.1359E+06 , 0.0000E+00 , 0.0000E+00 , 0.0000E+00 ,    80 , -.7700E-02 , 0.8645E+06 , 0.0000E+00 , 0.0000E+00 , 0.0000E+00 , 
  176 , 0.141606E+08 ,     1 , 0.7700E-02 , 0.1359E+06 , 0.0000E+00 , 0.0000E+00 , 0.0000E+00 ,    80 , -.7700E-02 , 0.8645E+06 , 0.0000E+00 , 0.0000E+00 , 0.0000E+00 , 
  177 , 0.142470E+08 ,     1 , 0.7700E-02 , 0.1359E+06 , 0.0000E+00 , 0.0000E+00 , 0.0000E+00 ,    80 , -.7700E-02 , 0.8644E+06 , 0.0000E+00 , 0.0000E+00 , 0.0000E+00 , 
  178 , 0.143334E+08 ,     1 , 0.7700E-02 , 0.1359E+06 , 0.0000E+00 , 0.0000E+00 , 0.0000E+00 ,    80 , -.7700E-02 , 0.8644E+06 , 0.0000E+00 , 0.0000E+00 , 0.0000E+00 , 
  179 , 0.144198E+08 ,     1 , 0.7700E-02 , 0.1359E+06 , 0.0000E+00 , 0.0000E+00 , 0.0000E+00 ,    80 , -.7700E-02 , 0.8643E+06 , 0.0000E+00 , 0.0000E+00 , 0.0000E+00 , 
  180 , 0.145062E+08 ,     1 , 0.7700E-02 , 0.1359E+06 , 0.0000E+00 , 0.0000E+00 , 0.0000E+00 ,    80 , -.7700E-02 , 0.8643E+06 , 0.0000E+00 , 0.0000E+00 , 0.0000E+00 , 
  181 , 0.145926E+08 ,     1 , 0.7700E-02 , 0.1359E+06 , 0.0000E+00 , 0.0000E+00 , 0.0000E+00 ,    80 , -.7700E-02 , 0.8643E+06 , 0.0000E+00 , 0.0000E+00 , 0.0000E+00 , 
  182 , 0.146790E+08 ,     1 , 0.7700E-02 , 0.1359E+06 , 0.0000E+00 , 0.0000E+00 , 0.0000E+00 ,    80 , -.7700E-02 , 0.8642E+06 , 0.0000E+00 , 0.0000E+00 , 0.0000E+00 , 
  183 , 0.147654E+08 ,     1 , 0.7700E-02 , 0.1359E+06 , 0.0000E+00 , 0.0000E+00 , 0.0000E+00 ,    80 , -.7700E-02 , 0.8642E+06 , 0.0000E+00 , 0.0000E+00 , 0.0000E+00 , 
  184 , 0.148518E+08 ,     1 , 0.7700E-02 , 0.1359E+06 , 0.0000E+00 , 0.0000E+00 , 0.0000E+00 ,    80 , -.7700E-02 , 0.8641E+06 , 0.0000E+00 , 0.0000E+00 , 0.0000E+00 , 
  185 , 0.149382E+08 ,     1 , 0.7700E-02 , 0.1359E+06 , 0.0000E+00 , 0.0000E+00 , 0.0000E+00 ,    80 , -.7700E-02 , 0.8641E+06 , 0.0000E+00 , 0.0000E+00 , 0.0000E+00 , 
  186 , 0.150246E+08 ,     1 , 0.7700E-02 , 0.1359E+06 , 0.0000E+00 , 0.0000E+00 , 0.0000E+00 ,    80 , -.7700E-02 , 0.8640E+06 , 0.0000E+00 , 0.0000E+00 , 0.0000E+00 , 
  187 , 0.151110E+08 ,     1 , 0.7700E-02 , 0.1359E+06 , 0.0000E+00 , 0.0000E+00 , 0.0000E+00 ,    80 , -.7700E-02 , 0.8640E+06 , 0.0000E+00 , 0.0000E+00 , 0.0000E+00 , 
  188 , 0.151974E+08 ,     1 , 0.7700E-02 , 0.1359E+06 , 0.0000E+00 , 0.0000E+00 , 0.0000E+00 ,    80 , -.7700E-02 , 0.8639E+06 , 0.0000E+00 , 0.0000E+00 , 0.0000E+00 , 
  189 , 0.152838E+08 ,     1 , 0.7700E-02 , 0.1359E+06 , 0.0000E+00 , 0.0000E+00 , 0.0000E+00 ,    80 , -.7700E-02 , 0.8639E+06 , 0.0000E+00 , 0.0000E+00 , 0.0000E+00 , 
  190 , 0.153702E+08 ,     1 , 0.7700E-02 , 0.1359E+06 , 0.0000E+00 , 0.0000E+00 , 0.0000E+00 ,    80 , -.7700E-02 , 0.8638E+06 , 0.0000E+00 , 0.0000E+00 , 0.0000E+00 , 
  191 , 0.154566E+08 ,     1 , 0.7700E-02 , 0.1359E+06 , 0.0000E+00 , 0.0000E+00 , 0.0000E+00 ,    80 , -.7700E-02 , 0.8638E+06 , 0.0000E+00 , 0.0000E+00 , 0.0000E+00 , 
  192 , 0.155430E+08 ,     1 , 0.7700E-02 , 0.1359E+06 , 0.0000E+00 , 0.0000E+00 , 0.0000E+00 ,    80 , -.7700E-02 , 0.8638E+06 , 0.0000E+00 , 0.0000E+00 , 0.0000E+00 , 
  193 , 0.156294E+08 ,     1 , 0.7700E-02 , 0.1359E+06 , 0.0000E+00 , 0.0000E+00 , 0.0000E+00 ,    80 , -.7700E-02 , 0.8637E+06 , 0.0000E+00 , 0.0000E+00 , 0.0000E+00 , 
  194 , 0.157158E+08 ,     1 , 0.7700E-02 , 0.1359E+06 , 0.0000E+00 , 0.0000E+00 , 0.0000E+00 ,    80 , -.7700E-02 , 0.8637E+06 , 0.0000E+00 , 0.0000E+00 , 0.0000E+00 , 
  195 , 0.158022E+08 ,     1 , 0.7700E-02 , 0.1359E+06 , 0.0000E+00 , 0.0000E+00 , 0.0000E+00 ,    80 , -.7700E-02 , 0.8636E+06 , 0.0000E+00 , 0.0000E+00 , 0.0000E+00 , 
  196 , 0.158886E+08 ,     1 , 0.7700E-02 , 0.1359E+06 , 0.0000E+00 , 0.0000E+00 , 0.0000E+00 ,    80 , -.7700E-02 , 0.8636E+06 , 0.0000E+00 , 0.0000E+00 , 0.0000E+00 , 
  197 , 0.159750E+08 ,     1 , 0.7700E-02 , 0.1359E+06 , 0.0000E+00 , 0.0000E+00 , 0.0000E+00 ,    80 , -.7700E-02 , 0.8635E+06 , 0.0000E+00 , 0.0000E+00 , 0.0000E+00 , 
  198 , 0.160614E+08 ,     1 , 0.7700E-02 , 0.1359E+06 , 0.0000E+00 , 0.0000E+00 , 0.0000E+00 ,    80 , -.7700E-02 , 0.8635E+06 , 0.0000E+00 , 0.0000E+00 , 0.0000E+00 , 
  199 , 0.161478E+08 ,     1 , 0.7700E-02 , 0.1359E+06 , 0.0000E+00 , 0.0000E+00 , 0.0000E+00 ,    80 , -.7700E-02 , 0.8635E+06 , 0.0000E+00 , 0.0000E+00 , 0.0000E+00 , 
  200 , 0.162342E+08 ,     1 , 0.7700E-02 , 0.1359E+06 , 0.0000E+00 , 0.0000E+00 , 0.0000E+00 ,    80 , -.7700E-02 , 0.8634E+06 , 0.0000E+00 , 0.0000E+00 , 0.0000E+00 , 
  201 , 0.163206E+08 ,     1 , 0.7700E-02 , 0.1359E+06 , 0.0000E+00 , 0.0000E+00 , 0.0000E+00 ,    80 , -.7700E-02 , 0.8634E+06 , 0.0000E+00 , 0.0000E+00 , 0.0000E+00 , 
  202 , 0.164070E+08 ,     1 , 0.7700E-02 , 0.1359E+06 , 0.0000E+00 , 0.0000E+00 , 0.0000E+00 ,    80 , -.7700E-02 , 0.8633E+06 , 0.0000E+00 , 0.0000E+00 , 0.0000E+00 , 
  203 , 0.164934E+08 ,     1 , 0.7700E-02 , 0.1359E+06 , 0.0000E+00 , 0.0000E+00 , 0.0000E+00 ,    80 , -.7700E-02 , 0.8633E+06 , 0.0000E+00 , 0.0000E+00 , 0.0000E+00 , 
  204 , 0.165798E+08 ,     1 , 0.7700E-02 , 0.1359E+06 , 0.0000E+00 , 0.0000E+00 , 0.0000E+00 ,    80 , -.7700E-02 , 0.8632E+06 , 0.0000E+00 , 0.0000E+00 , 0.0000E+00 , 
  205 , 0.166662E+08 ,     1 , 0.7700E-02 , 0.1359E+06 , 0.0000E+00 , 0.0000E+00 , 0.0000E+00 ,    80 , -.7700E-02 , 0.8632E+06 , 0.0000E+00 , 0.0000E+00 , 0.0000E+00 , 
  206 , 0.167526E+08 ,     1 , 0.7700E-02 , 0.1359E+06 , 0.0000E+00 , 0.0000E+00 , 0.0000E+00 ,    80 , -.7700E-02 , 0.8632E+06 , 0.0000E+00 , 0.0000E+00 , 0.0000E+00 , 
  207 , 0.168390E+08 ,     1 , 0.7700E-02 , 0.1359E+06 , 0.0000E+00 , 0.0000E+00 , 0.0000E+00 ,    80 , -.7700E-02 , 0.8631E+06 , 0.0000E+00 , 0.0000E+00 , 0.0000E+00 , 
  208 , 0.169254E+08 ,     1 , 0.7700E-02 , 0.1359E+06 , 0.0000E+00 , 0.0000E+00 , 0.0000E+00 ,    80 , -.7700E-02 , 0.8631E+06 , 0.0000E+00 , 0.0000E+00 , 0.0000E+00 , 
  209 , 0.170118E+08 ,     1 , 0.7700E-02 , 0.1359E+06 , 0.0000E+00 , 0.0000E+00 , 0.0000E+00 ,    80 , -.7700E-02 , 0.8630E+06 , 0.0000E+00 , 0.0000E+00 , 0.0000E+00 , 
  210 , 0.170982E+08 ,     1 , 0.7700E-02 , 0.1359E+06 , 0.0000E+00 , 0.0000E+00 , 0.0000E+00 ,    80 , -.7700E-02 , 0.8630E+06 , 0.0000E+00 , 0.0000E+00 , 0.0000E+00 , 
  211 , 0.171846E+08 ,     1 , 0.7700E-02 , 0.1359E+06 , 0.0000E+00 , 0.0000E+00 , 0.0000E+00 ,    80 , -.7700E-02 , 0.8629E+06 , 0.0000E+00 , 0.0000E+00 , 0.0000E+00 , 
  212 , 0.172710E+08 ,     1 , 0.7700E-02 , 0.1359E+06 , 0.0000E+00 , 0.0000E+00 , 0.0000E+00 ,    80 , -.7700E-02 , 0.8629E+06 , 0.0000E+00 , 0.0000E+00 , 0.0000E+00 , 
  213 , 0.173574E+08 ,     1 , 0.7700E-02 , 0.1359E+06 , 0.0000E+00 , 0.0000E+00 , 0.0000E+00 ,    80 , -.7700E-02 , 0.8629E+06 , 0.0000E+00 , 0.0000E+00 , 0.0000E+00 , 
  214 , 0.174438E+08 ,     1 , 0.7700E-02 , 0.1359E+06 , 0.0000E+00 , 0.0000E+00 , 0.0000E+00 ,    80 , -.7700E-02 , 0.8628E+06 , 0.0000E+00 , 0.0000E+00 , 0.0000E+00 , 
  215 , 0.175302E+08 ,     1 , 0.7700E-02 , 0.1359E+06 , 0.0000E+00 , 0.0000E+00 , 0.0000E+00 ,    80 , -.7700E-02 , 0.8628E+06 , 0.0000E+00 , 0.0000E+00 , 0.0000E+00 , 
  216 , 0.176166E+08 ,     1 , 0.7700E-02 , 0.1359E+06 , 0.0000E+00 , 0.0000E+00 , 0.0000E+00 ,    80 , -.7700E-02 , 0.8627E+06 , 0.0000E+00 , 0.0000E+00 , 0.0000E+00 , 
  217 , 0.177030E+08 ,     1 , 0.7700E-02 , 0.1359E+06 , 0.0000E+00 , 0.0000E+00 , 0.0000E+00 ,    80 , -.7700E-02 , 0.8627E+06 , 0.0000E+00 , 0.0000E+00 , 0.0000E+00 , 
  218 , 0.177894E+08 ,     1 , 0.7700E-02 , 0.1359E+06 , 0.0000E+00 , 0.0000E+00 , 0.0000E+00 ,    80 , -.7700E-02 , 0.8627E+06 , 0.0000E+00 , 0.0000E+00 , 0.0000E+00 , 
  219 , 0.178758E+08 ,     1 , 0.7700E-02 , 0.1359E+06 , 0.0000E+00 , 0.0000E+00 , 0.0000E+00 ,    80 , -.7700E-02 , 0.8626E+06 , 0.0000E+00 , 0.0000E+00 , 0.0000E+00 , 
  220 , 0.179622E+08 ,     1 , 0.7700E-02 , 0.1359E+06 , 0.0000E+00 , 0.0000E+00 , 0.0000E+00 ,    80 , -.7700E-02 , 0.8626E+06 , 0.0000E+00 , 0.0000E+00 , 0.0000E+00 , 
  221 , 0.180486E+08 ,     1 , 0.7700E-02 , 0.1359E+06 , 0.0000E+00 , 0.0000E+00 , 0.0000E+00 ,    80 , -.7700E-02 , 0.8625E+06 , 0.0000E+00 , 0.0000E+00 , 0.0000E+00 , 
  222 , 0.181350E+08 ,     1 , 0.7700E-02 , 0.1359E+06 , 0.0000E+00 , 0.0000E+00 , 0.0000E+00 ,    80 , -.7700E-02 , 0.8625E+06 , 0.0000E+00 , 0.0000E+00 , 0.0000E+00 , 
  223 , 0.182214E+08 ,     1 , 0.7700E-02 , 0.1359E+06 , 0.0000E+00 , 0.0000E+00 , 0.0000E+00 ,    80 , -.7700E-02 , 0.8625E+06 , 0.0000E+00 , 0.0000E+00 , 0.0000E+00 , 
  224 , 0.183078E+08 ,     1 , 0.7700E-02 , 0.1359E+06 , 0.0000E+00 , 0.0000E+00 , 0.0000E+00 ,    80 , -.7700E-02 , 0.8624E+06 , 0.0000E+00 , 0.0000E+00 , 0.0000E+00 , 
  225 , 0.183942E+08 ,     1 , 0.7700E-02 , 0.1359E+06 , 0.0000E+00 , 0.0000E+00 , 0.0000E+00 ,    80 , -.7700E-02 , 0.8624E+06 , 0.0000E+00 , 0.0000E+00 , 0.0000E+00 , 
  226 , 0.184806E+08 ,     1 , 0.7700E-02 , 0.1359E+06 , 0.0000E+00 , 0.0000E+00 , 0.0000E+00 ,    80 , -.7700E-02 , 0.8623E+06 , 0.0000E+00 , 0.0000E+00 , 0.0000E+00 , 
  227 , 0.185670E+08 ,     1 , 0.7700E-02 , 0.1359E+06 , 0.0000E+00 , 0.0000E+00 , 0.0000E+00 ,    80 , -.7700E-02 , 0.8623E+06 , 0.0000E+00 , 0.0000E+00 , 0.0000E+00 , 
  228 , 0.186534E+08 ,     1 , 0.7700E-02 , 0.1359E+06 , 0.0000E+00 , 0.0000E+00 , 0.0000E+00 ,    80 , -.7700E-02 , 0.8623E+06 , 0.0000E+00 , 0.0000E+00 , 0.0000E+00 , 
  229 , 0.187398E+08 ,     1 , 0.7700E-02 , 0.1359E+06 , 0.0000E+00 , 0.0000E+00 , 0.0000E+00 ,    80 , -.7700E-02 , 0.8622E+06 , 0.0000E+00 , 0.0000E+00 , 0.0000E+00 , 
  230 , 0.188262E+08 ,     1 , 0.7700E-02 , 0.1359E+06 , 0.0000E+00 , 0.0000E+00 , 0.0000E+00 ,    80 , -.7700E-02 , 0.8622E+06 , 0.0000E+00 , 0.0000E+00 , 0.0000E+00 , 
  231 , 0.189126E+08 ,     1 , 0.7700E-02 , 0.1359E+06 , 0.0000E+00 , 0.0000E+00 , 0.0000E+00 ,    80 , -.7700E-02 , 0.8621E+06 , 0.0000E+00 , 0.0000E+00 , 0.0000E+00 , 
  232 , 0.189990E+08 ,     1 , 0.7700E-02 , 0.1359E+06 , 0.0000E+00 , 0.0000E+00 , 0.0000E+00 ,    80 , -.7700E-02 , 0.8621E+06 , 0.0000E+00 , 0.0000E+00 , 0.0000E+00 , 
  233 , 0.190854E+08 ,     1 , 0.7700E-02 , 0.1359E+06 , 0.0000E+00 , 0.0000E+00 , 0.0000E+00 ,    80 , -.7700E-02 , 0.8621E+06 , 0.0000E+00 , 0.0000E+00 , 0.0000E+00 , 
  234 , 0.191718E+08 ,     1 , 0.7700E-02 , 0.1359E+06 , 0.0000E+00 , 0.0000E+00 , 0.0000E+00 ,    80 , -.7700E-02 , 0.8620E+06 , 0.0000E+00 , 0.0000E+00 , 0.0000E+00 , 
  235 , 0.192582E+08 ,     1 , 0.7700E-02 , 0.1359E+06 , 0.0000E+00 , 0.0000E+00 , 0.0000E+00 ,    80 , -.7700E-02 , 0.8620E+06 , 0.0000E+00 , 0.0000E+00 , 0.0000E+00 , 
  236 , 0.193446E+08 ,     1 , 0.7700E-02 , 0.1359E+06 , 0.0000E+00 , 0.0000E+00 , 0.0000E+00 ,    80 , -.7700E-02 , 0.8619E+06 , 0.0000E+00 , 0.0000E+00 , 0.0000E+00 , 
  237 , 0.194310E+08 ,     1 , 0.7700E-02 , 0.1359E+06 , 0.0000E+00 , 0.0000E+00 , 0.0000E+00 ,    80 , -.7700E-02 , 0.8619E+06 , 0.0000E+00 , 0.0000E+00 , 0.0000E+00 , 
  238 , 0.195174E+08 ,     1 , 0.7700E-02 , 0.1359E+06 , 0.0000E+00 , 0.0000E+00 , 0.0000E+00 ,    80 , -.7700E-02 , 0.8619E+06 , 0.0000E+00 , 0.0000E+00 , 0.0000E+00 , 
  239 , 0.196038E+08 ,     1 , 0.7700E-02 , 0.1359E+06 , 0.0000E+00 , 0.0000E+00 , 0.0000E+00 ,    80 , -.7700E-02 , 0.8618E+06 , 0.0000E+00 , 0.0000E+00 , 0.0000E+00 , 
  240 , 0.196902E+08 ,     1 , 0.7700E-02 , 0.1359E+06 , 0.0000E+00 , 0.0000E+00 , 0.0000E+00 ,    80 , -.7700E-02 , 0.8618E+06 , 0.0000E+00 , 0.0000E+00 , 0.0000E+00 , 
  241 , 0.197766E+08 ,     1 , 0.7700E-02 , 0.1359E+06 , 0.0000E+00 , 0.0000E+00 , 0.0000E+00 ,    80 , -.7700E-02 , 0.8618E+06 , 0.0000E+00 , 0.0000E+00 , 0.0000E+00 , 
  242 , 0.198630E+08 ,     1 , 0.7700E-02 , 0.1359E+06 , 0.0000E+00 , 0.0000E+00 , 0.0000E+00 ,    80 , -.7700E-02 , 0.8617E+06 , 0.0000E+00 , 0.0000E+00 , 0.0000E+00 , 
  243 , 0.199494E+08 ,     1 , 0.7700E-02 , 0.1359E+06 , 0.0000E+00 , 0.0000E+00 , 0.0000E+00 ,    80 , -.7700E-02 , 0.8617E+06 , 0.0000E+00 , 0.0000E+00 , 0.0000E+00 , 
  244 , 0.200358E+08 ,     1 , 0.7700E-02 , 0.1359E+06 , 0.0000E+00 , 0.0000E+00 , 0.0000E+00 ,    80 , -.7700E-02 , 0.8616E+06 , 0.0000E+00 , 0.0000E+00 , 0.0000E+00 , 
  245 , 0.201222E+08 ,     1 , 0.7700E-02 , 0.1359E+06 , 0.0000E+00 , 0.0000E+00 , 0.0000E+00 ,    80 , -.7700E-02 , 0.8616E+06 , 0.0000E+00 , 0.0000E+00 , 0.0000E+00 , 
  246 , 0.202086E+08 ,     1 , 0.7700E-02 , 0.1359E+06 , 0.0000E+00 , 0.0000E+00 , 0.0000E+00 ,    80 , -.7700E-02 , 0.8616E+06 , 0.0000E+00 , 0.0000E+00 , 0.0000E+00 , 
  247 , 0.202950E+08 ,     1 , 0.7700E-02 , 0.1359E+06 , 0.0000E+00 , 0.0000E+00 , 0.0000E+00 ,    80 , -.7700E-02 , 0.8615E+06 , 0.0000E+00 , 0.0000E+00 , 0.0000E+00 , 
  248 , 0.203814E+08 ,     1 , 0.7700E-02 , 0.1359E+06 , 0.0000E+00 , 0.0000E+00 , 0.0000E+00 ,    80 , -.7700E-02 , 0.8615E+06 , 0.0000E+00 , 0.0000E+00 , 0.0000E+00 , 
  249 , 0.204678E+08 ,     1 , 0.7700E-02 , 0.1359E+06 , 0.0000E+00 , 0.0000E+00 , 0.0000E+00 ,    80 , -.7700E-02 , 0.8614E+06 , 0.0000E+00 , 0.0000E+00 , 0.0000E+00 , 
  250 , 0.205542E+08 ,     1 , 0.7700E-02 , 0.1359E+06 , 0.0000E+00 , 0.0000E+00 , 0.0000E+00 ,    80 , -.7700E-02 , 0.8614E+06 , 0.0000E+00 , 0.0000E+00 , 0.0000E+00 , 
  251 , 0.206406E+08 ,     1 , 0.7700E-02 , 0.1359E+06 , 0.0000E+00 , 0.0000E+00 , 0.0000E+00 ,    80 , -.7700E-02 , 0.8614E+06 , 0.0000E+00 , 0.0000E+00 , 0.0000E+00 , 
  252 , 0.207270E+08 ,     1 , 0.7700E-02 , 0.1359E+06 , 0.0000E+00 , 0.0000E+00 , 0.0000E+00 ,    80 , -.7700E-02 , 0.8613E+06 , 0.0000E+00 , 0.0000E+00 , 0.0000E+00 , 
  253 , 0.208134E+08 ,     1 , 0.7700E-02 , 0.1359E+06 , 0.0000E+00 , 0.0000E+00 , 0.0000E+00 ,    80 , -.7700E-02 , 0.8613E+06 , 0.0000E+00 , 0.0000E+00 , 0.0000E+00 , 
  254 , 0.208998E+08 ,     1 , 0.7700E-02 , 0.1359E+06 , 0.0000E+00 , 0.0000E+00 , 0.0000E+00 ,    80 , -.7700E-02 , 0.8613E+06 , 0.0000E+00 , 0.0000E+00 , 0.0000E+00 , 
  255 , 0.209862E+08 ,     1 , 0.7700E-02 , 0.1359E+06 , 0.0000E+00 , 0.0000E+00 , 0.0000E+00 ,    80 , -.7700E-02 , 0.8612E+06 , 0.0000E+00 , 0.0000E+00 , 0.0000E+00 , 
  256 , 0.210726E+08 ,     1 , 0.7700E-02 , 0.1359E+06 , 0.0000E+00 , 0.0000E+00 , 0.0000E+00 ,    80 , -.7700E-02 , 0.8612E+06 , 0.0000E+00 , 0.0000E+00 , 0.0000E+00 , 
  257 , 0.211590E+08 ,     1 , 0.7700E-02 , 0.1359E+06 , 0.0000E+00 , 0.0000E+00 , 0.0000E+00 ,    80 , -.7700E-02 , 0.8612E+06 , 0.0000E+00 , 0.0000E+00 , 0.0000E+00 , 
  258 , 0.212454E+08 ,     1 , 0.7700E-02 , 0.1359E+06 , 0.0000E+00 , 0.0000E+00 , 0.0000E+00 ,    80 , -.7700E-02 , 0.8611E+06 , 0.0000E+00 , 0.0000E+00 , 0.0000E+00 , 
  259 , 0.213318E+08 ,     1 , 0.7700E-02 , 0.1359E+06 , 0.0000E+00 , 0.0000E+00 , 0.0000E+00 ,    80 , -.7700E-02 , 0.8611E+06 , 0.0000E+00 , 0.0000E+00 , 0.0000E+00 , 
  260 , 0.214182E+08 ,     1 , 0.7700E-02 , 0.1359E+06 , 0.0000E+00 , 0.0000E+00 , 0.0000E+00 ,    80 , -.7700E-02 , 0.8610E+06 , 0.0000E+00 , 0.0000E+00 , 0.0000E+00 , 
  261 , 0.215046E+08 ,     1 , 0.7700E-02 , 0.1359E+06 , 0.0000E+00 , 0.0000E+00 , 0.0000E+00 ,    80 , -.7700E-02 , 0.8610E+06 , 0.0000E+00 , 0.0000E+00 , 0.0000E+00 , 
  262 , 0.215910E+08 ,     1 , 0.7700E-02 , 0.1359E+06 , 0.0000E+00 , 0.0000E+00 , 0.0000E+00 ,    80 , -.7700E-02 , 0.8610E+06 , 0.0000E+00 , 0.0000E+00 , 0.0000E+00 , 
  263 , 0.216774E+08 ,     1 , 0.7700E-02 , 0.1359E+06 , 0.0000E+00 , 0.0000E+00 , 0.0000E+00 ,    80 , -.7700E-02 , 0.8609E+06 , 0.0000E+00 , 0.0000E+00 , 0.0000E+00 , 
  264 , 0.217638E+08 ,     1 , 0.7700E-02 , 0.1359E+06 , 0.0000E+00 , 0.0000E+00 , 0.0000E+00 ,    80 , -.7700E-02 , 0.8609E+06 , 0.0000E+00 , 0.0000E+00 , 0.0000E+00 , 
  265 , 0.218502E+08 ,     1 , 0.7700E-02 , 0.1359E+06 , 0.0000E+00 , 0.0000E+00 , 0.0000E+00 ,    80 , -.7700E-02 , 0.8609E+06 , 0.0000E+00 , 0.0000E+00 , 0.0000E+00 , 
  266 , 0.219366E+08 ,     1 , 0.7700E-02 , 0.1359E+06 , 0.0000E+00 , 0.0000E+00 , 0.0000E+00 ,    80 , -.7700E-02 , 0.8608E+06 , 0.0000E+00 , 0.0000E+00 , 0.0000E+00 , 
  267 , 0.220230E+08 ,     1 , 0.7700E-02 , 0.1359E+06 , 0.0000E+00 , 0.0000E+00 , 0.0000E+00 ,    80 , -.7700E-02 , 0.8608E+06 , 0.0000E+00 , 0.0000E+00 , 0.0000E+00 , 
  268 , 0.221094E+08 ,     1 , 0.7700E-02 , 0.1359E+06 , 0.0000E+00 , 0.0000E+00 , 0.0000E+00 ,    80 , -.7700E-02 , 0.8607E+06 , 0.0000E+00 , 0.0000E+00 , 0.0000E+00 , 
  269 , 0.221958E+08 ,     1 , 0.7700E-02 , 0.1359E+06 , 0.0000E+00 , 0.0000E+00 , 0.0000E+00 ,    80 , -.7700E-02 , 0.8607E+06 , 0.0000E+00 , 0.0000E+00 , 0.0000E+00 , 
  270 , 0.222822E+08 ,     1 , 0.7700E-02 , 0.1359E+06 , 0.0000E+00 , 0.0000E+00 , 0.0000E+00 ,    80 , -.7700E-02 , 0.8607E+06 , 0.0000E+00 , 0.0000E+00 , 0.0000E+00 , 
  271 , 0.223686E+08 ,     1 , 0.7700E-02 , 0.1359E+06 , 0.0000E+00 , 0.0000E+00 , 0.0000E+00 ,    80 , -.7700E-02 , 0.8606E+06 , 0.0000E+00 , 0.0000E+00 , 0.0000E+00 , 
  272 , 0.224550E+08 ,     1 , 0.7700E-02 , 0.1359E+06 , 0.0000E+00 , 0.0000E+00 , 0.0000E+00 ,    80 , -.7700E-02 , 0.8606E+06 , 0.0000E+00 , 0.0000E+00 , 0.0000E+00 , 
  273 , 0.225414E+08 ,     1 , 0.7700E-02 , 0.1359E+06 , 0.0000E+00 , 0.0000E+00 , 0.0000E+00 ,    80 , -.7700E-02 , 0.8606E+06 , 0.0000E+00 , 0.0000E+00 , 0.0000E+00 , 
  274 , 0.226278E+08 ,     1 , 0.7700E-02 , 0.1359E+06 , 0.0000E+00 , 0.0000E+00 , 0.0000E+00 ,    80 , -.7700E-02 , 0.8605E+06 , 0.0000E+00 , 0.0000E+00 , 0.0000E+00 , 
  275 , 0.227142E+08 ,     1 , 0.7700E-02 , 0.1359E+06 , 0.0000E+00 , 0.0000E+00 , 0.0000E+00 ,    80 , -.7700E-02 , 0.8605E+06 , 0.0000E+00 , 0.0000E+00 , 0.0000E+00 , 
  276 , 0.228006E+08 ,     1 , 0.7700E-02 , 0.1359E+06 , 0.0000E+00 , 0.0000E+00 , 0.0000E+00 ,    80 , -.7700E-02 , 0.8605E+06 , 0.0000E+00 , 0.0000E+00 , 0.0000E+00 , 
  277 , 0.228870E+08 ,     1 , 0.7700E-02 , 0.1359E+06 , 0.0000E+00 , 0.0000E+00 , 0.0000E+00 ,    80 , -.7700E-02 , 0.8604E+06 , 0.0000E+00 , 0.0000E+00 , 0.0000E+00 , 
  278 , 0.229734E+08 ,     1 , 0.7700E-02 , 0.1359E+06 , 0.0000E+00 , 0.0000E+00 , 0.0000E+00 ,    80 , -.7700E-02 , 0.8604E+06 , 0.0000E+00 , 0.0000E+00 , 0.0000E+00 , 
  279 , 0.230598E+08 ,     1 , 0.7700E-02 , 0.1359E+06 , 0.0000E+00 , 0.0000E+00 , 0.0000E+00 ,    80 , -.7700E-02 , 0.8604E+06 , 0.0000E+00 , 0.0000E+00 , 0.0000E+00 , 
  280 , 0.231462E+08 ,     1 , 0.7700E-02 , 0.1359E+06 , 0.0000E+00 , 0.0000E+00 , 0.0000E+00 ,    80 , -.7700E-02 , 0.8603E+06 , 0.0000E+00 , 0.0000E+00 , 0.0000E+00 , 
  281 , 0.232326E+08 ,     1 , 0.7700E-02 , 0.1359E+06 , 0.0000E+00 , 0.0000E+00 , 0.0000E+00 ,    80 , -.7700E-02 , 0.8603E+06 , 0.0000E+00 , 0.0000E+00 , 0.0000E+00 , 
  282 , 0.233190E+08 ,     1 , 0.7700E-02 , 0.1359E+06 , 0.0000E+00 , 0.0000E+00 , 0.0000E+00 ,    80 , -.7700E-02 , 0.8603E+06 , 0.0000E+00 , 0.0000E+00 , 0.0000E+00 , 
  283 , 0.234054E+08 ,     1 , 0.7700E-02 , 0.1359E+06 , 0.0000E+00 , 0.0000E+00 , 0.0000E+00 ,    80 , -.7700E-02 , 0.8602E+06 , 0.0000E+00 , 0.0000E+00 , 0.0000E+00 , 
  284 , 0.234918E+08 ,     1 , 0.7700E-02 , 0.1359E+06 , 0.0000E+00 , 0.0000E+00 , 0.0000E+00 ,    80 , -.7700E-02 , 0.8602E+06 , 0.0000E+00 , 0.0000E+00 , 0.0000E+00 , 
  285 , 0.235782E+08 ,     1 , 0.7700E-02 , 0.1359E+06 , 0.0000E+00 , 0.0000E+00 , 0.0000E+00 ,    80 , -.7700E-02 , 0.8601E+06 , 0.0000E+00 , 0.0000E+00 , 0.0000E+00 , 
  286 , 0.236646E+08 ,     1 , 0.7700E-02 , 0.1359E+06 , 0.0000E+00 , 0.0000E+00 , 0.0000E+00 ,    80 , -.7700E-02 , 0.8601E+06 , 0.0000E+00 , 0.0000E+00 , 0.0000E+00 , 
  287 , 0.237510E+08 ,     1 , 0.7700E-02 , 0.1359E+06 , 0.0000E+00 , 0.0000E+00 , 0.0000E+00 ,    80 , -.7700E-02 , 0.8601E+06 , 0.0000E+00 , 0.0000E+00 , 0.0000E+00 , 
  288 , 0.238374E+08 ,     1 , 0.7700E-02 , 0.1359E+06 , 0.0000E+00 , 0.0000E+00 , 0.0000E+00 ,    80 , -.7700E-02 , 0.8600E+06 , 0.0000E+00 , 0.0000E+00 , 0.0000E+00 , 
  289 , 0.239238E+08 ,     1 , 0.7700E-02 , 0.1359E+06 , 0.0000E+00 , 0.0000E+00 , 0.0000E+00 ,    80 , -.7700E-02 , 0.8600E+06 , 0.0000E+00 , 0.0000E+00 , 0.0000E+00 , 
  290 , 0.240102E+08 ,     1 , 0.7700E-02 , 0.1359E+06 , 0.0000E+00 , 0.0000E+00 , 0.0000E+00 ,    80 , -.7700E-02 , 0.8600E+06 , 0.0000E+00 , 0.0000E+00 , 0.0000E+00 , 
  291 , 0.240966E+08 ,     1 , 0.7700E-02 , 0.1359E+06 , 0.0000E+00 , 0.0000E+00 , 0.0000E+00 ,    80 , -.7700E-02 , 0.8599E+06 , 0.0000E+00 , 0.0000E+00 , 0.0000E+00 , 
  292 , 0.241830E+08 ,     1 , 0.7700E-02 , 0.1359E+06 , 0.0000E+00 , 0.0000E+00 , 0.0000E+00 ,    80 , -.7700E-02 , 0.8599E+06 , 0.0000E+00 , 0.0000E+00 , 0.0000E+00 , 
  293 , 0.242694E+08 ,     1 , 0.7700E-02 , 0.1359E+06 , 0.0000E+00 , 0.0000E+00 , 0.0000E+00 ,    80 , -.7700E-02 , 0.8599E+06 , 0.0000E+00 , 0.0000E+00 , 0.0000E+00 , 
  294 , 0.243558E+08 ,     1 , 0.7700E-02 , 0.1359E+06 , 0.0000E+00 , 0.0000E+00 , 0.0000E+00 ,    80 , -.7700E-02 , 0.8598E+06 , 0.0000E+00 , 0.0000E+00 , 0.0000E+00 , 
  295 , 0.244422E+08 ,     1 , 0.7700E-02 , 0.1359E+06 , 0.0000E+00 , 0.0000E+00 , 0.0000E+00 ,    80 , -.7700E-02 , 0.8598E+06 , 0.0000E+00 , 0.0000E+00 , 0.0000E+00 , 
  296 , 0.245286E+08 ,     1 , 0.7700E-02 , 0.1359E+06 , 0.0000E+00 , 0.0000E+00 , 0.0000E+00 ,    80 , -.7700E-02 , 0.8598E+06 , 0.0000E+00 , 0.0000E+00 , 0.0000E+00 , 
  297 , 0.246150E+08 ,     1 , 0.7700E-02 , 0.1359E+06 , 0.0000E+00 , 0.0000E+00 , 0.0000E+00 ,    80 , -.7700E-02 , 0.8597E+06 , 0.0000E+00 , 0.0000E+00 , 0.0000E+00 , 
  298 , 0.247014E+08 ,     1 , 0.7700E-02 , 0.1359E+06 , 0.0000E+00 , 0.0000E+00 , 0.0000E+00 ,    80 , -.7700E-02 , 0.8597E+06 , 0.0000E+00 , 0.0000E+00 , 0.0000E+00 , 
  299 , 0.247878E+08 ,     1 , 0.7700E-02 , 0.1359E+06 , 0.0000E+00 , 0.0000E+00 , 0.0000E+00 ,    80 , -.7700E-02 , 0.8597E+06 , 0.0000E+00 , 0.0000E+00 , 0.0000E+00 , 
  300 , 0.248742E+08 ,     1 , 0.7700E-02 , 0.1359E+06 , 0.0000E+00 , 0.0000E+00 , 0.0000E+00 ,    80 , -.7700E-02 , 0.8596E+06 , 0.0000E+00 , 0.0000E+00 , 0.0000E+00 , 
  301 , 0.249606E+08 ,     1 , 0.7700E-02 , 0.1359E+06 , 0.0000E+00 , 0.0000E+00 , 0.0000E+00 ,    80 , -.7700E-02 , 0.8596E+06 , 0.0000E+00 , 0.0000E+00 , 0.0000E+00 , 
  302 , 0.250470E+08 ,     1 , 0.7700E-02 , 0.1359E+06 , 0.0000E+00 , 0.0000E+00 , 0.0000E+00 ,    80 , -.7700E-02 , 0.8596E+06 , 0.0000E+00 , 0.0000E+00 , 0.0000E+00 , 
  303 , 0.251334E+08 ,     1 , 0.7700E-02 , 0.1359E+06 , 0.0000E+00 , 0.0000E+00 , 0.0000E+00 ,    80 , -.7700E-02 , 0.8595E+06 , 0.0000E+00 , 0.0000E+00 , 0.0000E+00 , 
  304 , 0.252198E+08 ,     1 , 0.7700E-02 , 0.1359E+06 , 0.0000E+00 , 0.0000E+00 , 0.0000E+00 ,    80 , -.7700E-02 , 0.8595E+06 , 0.0000E+00 , 0.0000E+00 , 0.0000E+00 , 
  305 , 0.253062E+08 ,     1 , 0.7700E-02 , 0.1359E+06 , 0.0000E+00 , 0.0000E+00 , 0.0000E+00 ,    80 , -.7700E-02 , 0.8595E+06 , 0.0000E+00 , 0.0000E+00 , 0.0000E+00 , 
  306 , 0.253926E+08 ,     1 , 0.7700E-02 , 0.1359E+06 , 0.0000E+00 , 0.0000E+00 , 0.0000E+00 ,    80 , -.7700E-02 , 0.8594E+06 , 0.0000E+00 , 0.0000E+00 , 0.0000E+00 , 
  307 , 0.254790E+08 ,     1 , 0.7700E-02 , 0.1359E+06 , 0.0000E+00 , 0.0000E+00 , 0.0000E+00 ,    80 , -.7700E-02 , 0.8594E+06 , 0.0000E+00 , 0.0000E+00 , 0.0000E+00 , 
  308 , 0.255654E+08 ,     1 , 0.7700E-02 , 0.1359E+06 , 0.0000E+00 , 0.0000E+00 , 0.0000E+00 ,    80 , -.7700E-02 , 0.8594E+06 , 0.0000E+00 , 0.0000E+00 , 0.0000E+00 , 
  309 , 0.256518E+08 ,     1 , 0.7700E-02 , 0.1359E+06 , 0.0000E+00 , 0.0000E+00 , 0.0000E+00 ,    80 , -.7700E-02 , 0.8593E+06 , 0.0000E+00 , 0.0000E+00 , 0.0000E+00 , 
  310 , 0.257382E+08 ,     1 , 0.7700E-02 , 0.1359E+06 , 0.0000E+00 , 0.0000E+00 , 0.0000E+00 ,    80 , -.7700E-02 , 0.8593E+06 , 0.0000E+00 , 0.0000E+00 , 0.0000E+00 , 
  311 , 0.258246E+08 ,     1 , 0.7700E-02 , 0.1359E+06 , 0.0000E+00 , 0.0000E+00 , 0.0000E+00 ,    80 , -.7700E-02 , 0.8593E+06 , 0.0000E+00 , 0.0000E+00 , 0.0000E+00 , 
  312 , 0.259110E+08 ,     1 , 0.7700E-02 , 0.1359E+06 , 0.0000E+00 , 0.0000E+00 , 0.0000E+00 ,    80 , -.7700E-02 , 0.8592E+06 , 0.0000E+00 , 0.0000E+00 , 0.0000E+00 , 
  313 , 0.259200E+08 ,     1 , 0.7700E-02 , 0.1359E+06 , 0.0000E+00 , 0.0000E+00 , 0.0000E+00 ,    80 , -.7700E-02 , 0.8592E+06 , 0.0000E+00 , 0.0000E+00 , 0.0000E+00 , 
  314 , 0.259379E+08 ,     1 , 0.7700E-02 , 0.1359E+06 , 0.0000E+00 , 0.0000E+00 , 0.0000E+00 ,    80 , -.7700E-02 , 0.8592E+06 , 0.0000E+00 , 0.0000E+00 , 0.0000E+00 , 
  315 , 0.259738E+08 ,     1 , 0.7700E-02 , 0.1359E+06 , 0.0000E+00 , 0.0000E+00 , 0.0000E+00 ,    80 , -.7700E-02 , 0.8592E+06 , 0.0000E+00 , 0.0000E+00 , 0.0000E+00 , 
  316 , 0.260456E+08 ,     1 , 0.7700E-02 , 0.1359E+06 , 0.0000E+00 , 0.0000E+00 , 0.0000E+00 ,    80 , -.7700E-02 , 0.8592E+06 , 0.0000E+00 , 0.0000E+00 , 0.0000E+00 , 
  317 , 0.261320E+08 ,     1 , 0.7700E-02 , 0.1359E+06 , 0.0000E+00 , 0.0000E+00 , 0.0000E+00 ,    80 , -.7700E-02 , 0.8591E+06 , 0.0000E+00 , 0.0000E+00 , 0.0000E+00 , 
  318 , 0.262184E+08 ,     1 , 0.7700E-02 , 0.1359E+06 , 0.0000E+00 , 0.0000E+00 , 0.0000E+00 ,    80 , -.7700E-02 , 0.8591E+06 , 0.0000E+00 , 0.0000E+00 , 0.0000E+00 , 
  319 , 0.263048E+08 ,     1 , 0.7700E-02 , 0.1359E+06 , 0.0000E+00 , 0.0000E+00 , 0.0000E+00 ,    80 , -.7700E-02 , 0.8591E+06 , 0.0000E+00 , 0.0000E+00 , 0.0000E+00 , 
  320 , 0.263912E+08 ,     1 , 0.7700E-02 , 0.1359E+06 , 0.0000E+00 , 0.0000E+00 , 0.0000E+00 ,    80 , -.7700E-02 , 0.8590E+06 , 0.0000E+00 , 0.0000E+00 , 0.0000E+00 , 
  321 , 0.264776E+08 ,     1 , 0.7700E-02 , 0.1359E+06 , 0.0000E+00 , 0.0000E+00 , 0.0000E+00 ,    80 , -.7700E-02 , 0.8590E+06 , 0.0000E+00 , 0.0000E+00 , 0.0000E+00 , 
  322 , 0.265640E+08 ,     1 , 0.7700E-02 , 0.1359E+06 , 0.0000E+00 , 0.0000E+00 , 0.0000E+00 ,    80 , -.7700E-02 , 0.8590E+06 , 0.0000E+00 , 0.0000E+00 , 0.0000E+00 , 
  323 , 0.266504E+08 ,     1 , 0.7700E-02 , 0.1359E+06 , 0.0000E+00 , 0.0000E+00 , 0.0000E+00 ,    80 , -.7700E-02 , 0.8589E+06 , 0.0000E+00 , 0.0000E+00 , 0.0000E+00 , 
  324 , 0.267368E+08 ,     1 , 0.7700E-02 , 0.1359E+06 , 0.0000E+00 , 0.0000E+00 , 0.0000E+00 ,    80 , -.7700E-02 , 0.8589E+06 , 0.0000E+00 , 0.0000E+00 , 0.0000E+00 , 
  325 , 0.268232E+08 ,     1 , 0.7700E-02 , 0.1359E+06 , 0.0000E+00 , 0.0000E+00 , 0.0000E+00 ,    80 , -.7700E-02 , 0.8589E+06 , 0.0000E+00 , 0.0000E+00 , 0.0000E+00 , 
  326 , 0.269096E+08 ,     1 , 0.7700E-02 , 0.1359E+06 , 0.0000E+00 , 0.0000E+00 , 0.0000E+00 ,    80 , -.7700E-02 , 0.8588E+06 , 0.0000E+00 , 0.0000E+00 , 0.0000E+00 , 
  327 , 0.269960E+08 ,     1 , 0.7700E-02 , 0.1359E+06 , 0.0000E+00 , 0.0000E+00 , 0.0000E+00 ,    80 , -.7700E-02 , 0.8588E+06 , 0.0000E+00 , 0.0000E+00 , 0.0000E+00 , 
  328 , 0.270824E+08 ,     1 , 0.7700E-02 , 0.1359E+06 , 0.0000E+00 , 0.0000E+00 , 0.0000E+00 ,    80 , -.7700E-02 , 0.8588E+06 , 0.0000E+00 , 0.0000E+00 , 0.0000E+00 , 
  329 , 0.271688E+08 ,     1 , 0.7700E-02 , 0.1359E+06 , 0.0000E+00 , 0.0000E+00 , 0.0000E+00 ,    80 , -.7700E-02 , 0.8587E+06 , 0.0000E+00 , 0.0000E+00 , 0.0000E+00 , 
  330 , 0.272552E+08 ,     1 , 0.7700E-02 , 0.1359E+06 , 0.0000E+00 , 0.0000E+00 , 0.0000E+00 ,    80 , -.7700E-02 , 0.8587E+06 , 0.0000E+00 , 0.0000E+00 , 0.0000E+00 , 
  331 , 0.273416E+08 ,     1 , 0.7700E-02 , 0.1359E+06 , 0.0000E+00 , 0.0000E+00 , 0.0000E+00 ,    80 , -.7700E-02 , 0.8587E+06 , 0.0000E+00 , 0.0000E+00 , 0.0000E+00 , 
  332 , 0.274280E+08 ,     1 , 0.7700E-02 , 0.1359E+06 , 0.0000E+00 , 0.0000E+00 , 0.0000E+00 ,    80 , -.7700E-02 , 0.8587E+06 , 0.0000E+00 , 0.0000E+00 , 0.0000E+00 , 
  333 , 0.275144E+08 ,     1 , 0.7700E-02 , 0.1359E+06 , 0.0000E+00 , 0.0000E+00 , 0.0000E+00 ,    80 , -.7700E-02 , 0.8586E+06 , 0.0000E+00 , 0.0000E+00 , 0.0000E+00 , 
  334 , 0.276008E+08 ,     1 , 0.7700E-02 , 0.1359E+06 , 0.0000E+00 , 0.0000E+00 , 0.0000E+00 ,    80 , -.7700E-02 , 0.8586E+06 , 0.0000E+00 , 0.0000E+00 , 0.0000E+00 , 
  335 , 0.276872E+08 ,     1 , 0.7700E-02 , 0.1359E+06 , 0.0000E+00 , 0.0000E+00 , 0.0000E+00 ,    80 , -.7700E-02 , 0.8586E+06 , 0.0000E+00 , 0.0000E+00 , 0.0000E+00 , 
  336 , 0.277736E+08 ,     1 , 0.7700E-02 , 0.1359E+06 , 0.0000E+00 , 0.0000E+00 , 0.0000E+00 ,    80 , -.7700E-02 , 0.8585E+06 , 0.0000E+00 , 0.0000E+00 , 0.0000E+00 , 
  337 , 0.278600E+08 ,     1 , 0.7700E-02 , 0.1359E+06 , 0.0000E+00 , 0.0000E+00 , 0.0000E+00 ,    80 , -.7700E-02 , 0.8585E+06 , 0.0000E+00 , 0.0000E+00 , 0.0000E+00 , 
  338 , 0.279464E+08 ,     1 , 0.7700E-02 , 0.1359E+06 , 0.0000E+00 , 0.0000E+00 , 0.0000E+00 ,    80 , -.7700E-02 , 0.8585E+06 , 0.0000E+00 , 0.0000E+00 , 0.0000E+00 , 
  339 , 0.280328E+08 ,     1 , 0.7700E-02 , 0.1359E+06 , 0.0000E+00 , 0.0000E+00 , 0.0000E+00 ,    80 , -.7700E-02 , 0.8584E+06 , 0.0000E+00 , 0.0000E+00 , 0.0000E+00 , 
  340 , 0.281192E+08 ,     1 , 0.7700E-02 , 0.1359E+06 , 0.0000E+00 , 0.0000E+00 , 0.0000E+00 ,    80 , -.7700E-02 , 0.8584E+06 , 0.0000E+00 , 0.0000E+00 , 0.0000E+00 , 
  341 , 0.282056E+08 ,     1 , 0.7700E-02 , 0.1359E+06 , 0.0000E+00 , 0.0000E+00 , 0.0000E+00 ,    80 , -.7700E-02 , 0.8584E+06 , 0.0000E+00 , 0.0000E+00 , 0.0000E+00 , 
  342 , 0.282920E+08 ,     1 , 0.7700E-02 , 0.1359E+06 , 0.0000E+00 , 0.0000E+00 , 0.0000E+00 ,    80 , -.7700E-02 , 0.8583E+06 , 0.0000E+00 , 0.0000E+00 , 0.0000E+00 , 
  343 , 0.283784E+08 ,     1 , 0.7700E-02 , 0.1359E+06 , 0.0000E+00 , 0.0000E+00 , 0.0000E+00 ,    80 , -.7700E-02 , 0.8583E+06 , 0.0000E+00 , 0.0000E+00 , 0.0000E+00 , 
  344 , 0.284648E+08 ,     1 , 0.7700E-02 , 0.1359E+06 , 0.0000E+00 , 0.0000E+00 , 0.0000E+00 ,    80 , -.7700E-02 , 0.8583E+06 , 0.0000E+00 , 0.0000E+00 , 0.0000E+00 , 
  345 , 0.285512E+08 ,     1 , 0.7700E-02 , 0.1359E+06 , 0.0000E+00 , 0.0000E+00 , 0.0000E+00 ,    80 , -.7700E-02 , 0.8582E+06 , 0.0000E+00 , 0.0000E+00 , 0.0000E+00 , 
  346 , 0.286376E+08 ,     1 , 0.7700E-02 , 0.1359E+06 , 0.0000E+00 , 0.0000E+00 , 0.0000E+00 ,    80 , -.7700E-02 , 0.8582E+06 , 0.0000E+00 , 0.0000E+00 , 0.0000E+00 , 
  347 , 0.287240E+08 ,     1 , 0.7700E-02 , 0.1359E+06 , 0.0000E+00 , 0.0000E+00 , 0.0000E+00 ,    80 , -.7700E-02 , 0.8582E+06 , 0.0000E+00 , 0.0000E+00 , 0.0000E+00 , 
  348 , 0.288104E+08 ,     1 , 0.7700E-02 , 0.1359E+06 , 0.0000E+00 , 0.0000E+00 , 0.0000E+00 ,    80 , -.7700E-02 , 0.8581E+06 , 0.0000E+00 , 0.0000E+00 , 0.0000E+00 , 
  349 , 0.288968E+08 ,     1 , 0.7700E-02 , 0.1359E+06 , 0.0000E+00 , 0.0000E+00 , 0.0000E+00 ,    80 , -.7700E-02 , 0.8581E+06 , 0.0000E+00 , 0.0000E+00 , 0.0000E+00 , 
  350 , 0.289832E+08 ,     1 , 0.7700E-02 , 0.1359E+06 , 0.0000E+00 , 0.0000E+00 , 0.0000E+00 ,    80 , -.7700E-02 , 0.8581E+06 , 0.0000E+00 , 0.0000E+00 , 0.0000E+00 , 
  351 , 0.290696E+08 ,     1 , 0.7700E-02 , 0.1359E+06 , 0.0000E+00 , 0.0000E+00 , 0.0000E+00 ,    80 , -.7700E-02 , 0.8580E+06 , 0.0000E+00 , 0.0000E+00 , 0.0000E+00 , 
  352 , 0.291560E+08 ,     1 , 0.7700E-02 , 0.1359E+06 , 0.0000E+00 , 0.0000E+00 , 0.0000E+00 ,    80 , -.7700E-02 , 0.8580E+06 , 0.0000E+00 , 0.0000E+00 , 0.0000E+00 , 
  353 , 0.292424E+08 ,     1 , 0.7700E-02 , 0.1359E+06 , 0.0000E+00 , 0.0000E+00 , 0.0000E+00 ,    80 , -.7700E-02 , 0.8580E+06 , 0.0000E+00 , 0.0000E+00 , 0.0000E+00 , 
  354 , 0.293288E+08 ,     1 , 0.7700E-02 , 0.1359E+06 , 0.0000E+00 , 0.0000E+00 , 0.0000E+00 ,    80 , -.7700E-02 , 0.8579E+06 , 0.0000E+00 , 0.0000E+00 , 0.0000E+00 , 
  355 , 0.294152E+08 ,     1 , 0.7700E-02 , 0.1359E+06 , 0.0000E+00 , 0.0000E+00 , 0.0000E+00 ,    80 , -.7700E-02 , 0.8579E+06 , 0.0000E+00 , 0.0000E+00 , 0.0000E+00 , 
  356 , 0.295016E+08 ,     1 , 0.7700E-02 , 0.1359E+06 , 0.0000E+00 , 0.0000E+00 , 0.0000E+00 ,    80 , -.7700E-02 , 0.8579E+06 , 0.0000E+00 , 0.0000E+00 , 0.0000E+00 , 
  357 , 0.295880E+08 ,     1 , 0.7700E-02 , 0.1359E+06 , 0.0000E+00 , 0.0000E+00 , 0.0000E+00 ,    80 , -.7700E-02 , 0.8578E+06 , 0.0000E+00 , 0.0000E+00 , 0.0000E+00 , 
  358 , 0.296744E+08 ,     1 , 0.7700E-02 , 0.1359E+06 , 0.0000E+00 , 0.0000E+00 , 0.0000E+00 ,    80 , -.7700E-02 , 0.8578E+06 , 0.0000E+00 , 0.0000E+00 , 0.0000E+00 , 
  359 , 0.297608E+08 ,     1 , 0.7700E-02 , 0.1359E+06 , 0.0000E+00 , 0.0000E+00 , 0.0000E+00 ,    80 , -.7700E-02 , 0.8578E+06 , 0.0000E+00 , 0.0000E+00 , 0.0000E+00 , 
  360 , 0.298472E+08 ,     1 , 0.7700E-02 , 0.1359E+06 , 0.0000E+00 , 0.0000E+00 , 0.0000E+00 ,    80 , -.7700E-02 , 0.8578E+06 , 0.0000E+00 , 0.0000E+00 , 0.0000E+00 , 
  361 , 0.299336E+08 ,     1 , 0.7700E-02 , 0.1359E+06 , 0.0000E+00 , 0.0000E+00 , 0.0000E+00 ,    80 , -.7700E-02 , 0.8577E+06 , 0.0000E+00 , 0.0000E+00 , 0.0000E+00 , 
  362 , 0.300200E+08 ,     1 , 0.7700E-02 , 0.1359E+06 , 0.0000E+00 , 0.0000E+00 , 0.0000E+00 ,    80 , -.7700E-02 , 0.8577E+06 , 0.0000E+00 , 0.0000E+00 , 0.0000E+00 , 
  363 , 0.301064E+08 ,     1 , 0.7700E-02 , 0.1359E+06 , 0.0000E+00 , 0.0000E+00 , 0.0000E+00 ,    80 , -.7700E-02 , 0.8577E+06 , 0.0000E+00 , 0.0000E+00 , 0.0000E+00 , 
  364 , 0.301928E+08 ,     1 , 0.7700E-02 , 0.1359E+06 , 0.0000E+00 , 0.0000E+00 , 0.0000E+00 ,    80 , -.7700E-02 , 0.8576E+06 , 0.0000E+00 , 0.0000E+00 , 0.0000E+00 , 
  365 , 0.302792E+08 ,     1 , 0.7700E-02 , 0.1359E+06 , 0.0000E+00 , 0.0000E+00 , 0.0000E+00 ,    80 , -.7700E-02 , 0.8576E+06 , 0.0000E+00 , 0.0000E+00 , 0.0000E+00 , 
  366 , 0.303656E+08 ,     1 , 0.7700E-02 , 0.1359E+06 , 0.0000E+00 , 0.0000E+00 , 0.0000E+00 ,    80 , -.7700E-02 , 0.8576E+06 , 0.0000E+00 , 0.0000E+00 , 0.0000E+00 , 
  367 , 0.304520E+08 ,     1 , 0.7700E-02 , 0.1359E+06 , 0.0000E+00 , 0.0000E+00 , 0.0000E+00 ,    80 , -.7700E-02 , 0.8575E+06 , 0.0000E+00 , 0.0000E+00 , 0.0000E+00 , 
  368 , 0.305384E+08 ,     1 , 0.7700E-02 , 0.1359E+06 , 0.0000E+00 , 0.0000E+00 , 0.0000E+00 ,    80 , -.7700E-02 , 0.8575E+06 , 0.0000E+00 , 0.0000E+00 , 0.0000E+00 , 
  369 , 0.306248E+08 ,     1 , 0.7700E-02 , 0.1359E+06 , 0.0000E+00 , 0.0000E+00 , 0.0000E+00 ,    80 , -.7700E-02 , 0.8575E+06 , 0.0000E+00 , 0.0000E+00 , 0.0000E+00 , 
  370 , 0.307112E+08 ,     1 , 0.7700E-02 , 0.1359E+06 , 0.0000E+00 , 0.0000E+00 , 0.0000E+00 ,    80 , -.7700E-02 , 0.8574E+06 , 0.0000E+00 , 0.0000E+00 , 0.0000E+00 , 
  371 , 0.307976E+08 ,     1 , 0.7700E-02 , 0.1359E+06 , 0.0000E+00 , 0.0000E+00 , 0.0000E+00 ,    80 , -.7700E-02 , 0.8574E+06 , 0.0000E+00 , 0.0000E+00 , 0.0000E+00 , 
  372 , 0.308840E+08 ,     1 , 0.7700E-02 , 0.1359E+06 , 0.0000E+00 , 0.0000E+00 , 0.0000E+00 ,    80 , -.7700E-02 , 0.8574E+06 , 0.0000E+00 , 0.0000E+00 , 0.0000E+00 , 
  373 , 0.309704E+08 ,     1 , 0.7700E-02 , 0.1359E+06 , 0.0000E+00 , 0.0000E+00 , 0.0000E+00 ,    80 , -.7700E-02 , 0.8573E+06 , 0.0000E+00 , 0.0000E+00 , 0.0000E+00 , 
  374 , 0.310568E+08 ,     1 , 0.7700E-02 , 0.1359E+06 , 0.0000E+00 , 0.0000E+00 , 0.0000E+00 ,    80 , -.7700E-02 , 0.8573E+06 , 0.0000E+00 , 0.0000E+00 , 0.0000E+00 , 
  375 , 0.311432E+08 ,     1 , 0.7700E-02 , 0.1359E+06 , 0.0000E+00 , 0.0000E+00 , 0.0000E+00 ,    80 , -.7700E-02 , 0.8573E+06 , 0.0000E+00 , 0.0000E+00 , 0.0000E+00 , 
  376 , 0.312296E+08 ,     1 , 0.7700E-02 , 0.1359E+06 , 0.0000E+00 , 0.0000E+00 , 0.0000E+00 ,    80 , -.7700E-02 , 0.8572E+06 , 0.0000E+00 , 0.0000E+00 , 0.0000E+00 , 
  377 , 0.313160E+08 ,     1 , 0.7700E-02 , 0.1359E+06 , 0.0000E+00 , 0.0000E+00 , 0.0000E+00 ,    80 , -.7700E-02 , 0.8572E+06 , 0.0000E+00 , 0.0000E+00 , 0.0000E+00 , 
  378 , 0.314024E+08 ,     1 , 0.7700E-02 , 0.1359E+06 , 0.0000E+00 , 0.0000E+00 , 0.0000E+00 ,    80 , -.7700E-02 , 0.8572E+06 , 0.0000E+00 , 0.0000E+00 , 0.0000E+00 , 
  379 , 0.314888E+08 ,     1 , 0.7700E-02 , 0.1359E+06 , 0.0000E+00 , 0.0000E+00 , 0.0000E+00 ,    80 , -.7700E-02 , 0.8572E+06 , 0.0000E+00 , 0.0000E+00 , 0.0000E+00 , 
  380 , 0.315752E+08 ,     1 , 0.7700E-02 , 0.1359E+06 , 0.0000E+00 , 0.0000E+00 , 0.0000E+00 ,    80 , -.7700E-02 , 0.8571E+06 , 0.0000E+00 , 0.0000E+00 , 0.0000E+00 , 
  381 , 0.316616E+08 ,     1 , 0.7700E-02 , 0.1359E+06 , 0.0000E+00 , 0.0000E+00 , 0.0000E+00 ,    80 , -.7700E-02 , 0.8571E+06 , 0.0000E+00 , 0.0000E+00 , 0.0000E+00 , 
  382 , 0.317480E+08 ,     1 , 0.7700E-02 , 0.1359E+06 , 0.0000E+00 , 0.0000E+00 , 0.0000E+00 ,    80 , -.7700E-02 , 0.8571E+06 , 0.0000E+00 , 0.0000E+00 , 0.0000E+00 , 
  383 , 0.318344E+08 ,     1 , 0.7700E-02 , 0.1359E+06 , 0.0000E+00 , 0.0000E+00 , 0.0000E+00 ,    80 , -.7700E-02 , 0.8570E+06 , 0.0000E+00 , 0.0000E+00 , 0.0000E+00 , 
  384 , 0.319208E+08 ,     1 , 0.7700E-02 , 0.1359E+06 , 0.0000E+00 , 0.0000E+00 , 0.0000E+00 ,    80 , -.7700E-02 , 0.8570E+06 , 0.0000E+00 , 0.0000E+00 , 0.0000E+00 , 
  385 , 0.320072E+08 ,     1 , 0.7700E-02 , 0.1359E+06 , 0.0000E+00 , 0.0000E+00 , 0.0000E+00 ,    80 , -.7700E-02 , 0.8570E+06 , 0.0000E+00 , 0.0000E+00 , 0.0000E+00 , 
  386 , 0.320936E+08 ,     1 , 0.7700E-02 , 0.1359E+06 , 0.0000E+00 , 0.0000E+00 , 0.0000E+00 ,    80 , -.7700E-02 , 0.8569E+06 , 0.0000E+00 , 0.0000E+00 , 0.0000E+00 , 
  387 , 0.321800E+08 ,     1 , 0.7700E-02 , 0.1359E+06 , 0.0000E+00 , 0.0000E+00 , 0.0000E+00 ,    80 , -.7700E-02 , 0.8569E+06 , 0.0000E+00 , 0.0000E+00 , 0.0000E+00 , 
  388 , 0.322664E+08 ,     1 , 0.7700E-02 , 0.1359E+06 , 0.0000E+00 , 0.0000E+00 , 0.0000E+00 ,    80 , -.7700E-02 , 0.8569E+06 , 0.0000E+00 , 0.0000E+00 , 0.0000E+00 , 
  389 , 0.323528E+08 ,     1 , 0.7700E-02 , 0.1359E+06 , 0.0000E+00 , 0.0000E+00 , 0.0000E+00 ,    80 , -.7700E-02 , 0.8568E+06 , 0.0000E+00 , 0.0000E+00 , 0.0000E+00 , 
  390 , 0.324392E+08 ,     1 , 0.7700E-02 , 0.1359E+06 , 0.0000E+00 , 0.0000E+00 , 0.0000E+00 ,    80 , -.7700E-02 , 0.8568E+06 , 0.0000E+00 , 0.0000E+00 , 0.0000E+00 , 
  391 , 0.325256E+08 ,     1 , 0.7700E-02 , 0.1359E+06 , 0.0000E+00 , 0.0000E+00 , 0.0000E+00 ,    80 , -.7700E-02 , 0.8568E+06 , 0.0000E+00 , 0.0000E+00 , 0.0000E+00 , 
  392 , 0.326120E+08 ,     1 , 0.7700E-02 , 0.1359E+06 , 0.0000E+00 , 0.0000E+00 , 0.0000E+00 ,    80 , -.7700E-02 , 0.8568E+06 , 0.0000E+00 , 0.0000E+00 , 0.0000E+00 , 
  393 , 0.326984E+08 ,     1 , 0.7700E-02 , 0.1359E+06 , 0.0000E+00 , 0.0000E+00 , 0.0000E+00 ,    80 , -.7700E-02 , 0.8567E+06 , 0.0000E+00 , 0.0000E+00 , 0.0000E+00 , 
  394 , 0.327848E+08 ,     1 , 0.7700E-02 , 0.1359E+06 , 0.0000E+00 , 0.0000E+00 , 0.0000E+00 ,    80 , -.7700E-02 , 0.8567E+06 , 0.0000E+00 , 0.0000E+00 , 0.0000E+00 , 
  395 , 0.328712E+08 ,     1 , 0.7700E-02 , 0.1359E+06 , 0.0000E+00 , 0.0000E+00 , 0.0000E+00 ,    80 , -.7700E-02 , 0.8567E+06 , 0.0000E+00 , 0.0000E+00 , 0.0000E+00 , 
  396 , 0.329576E+08 ,     1 , 0.7700E-02 , 0.1359E+06 , 0.0000E+00 , 0.0000E+00 , 0.0000E+00 ,    80 , -.7700E-02 , 0.8566E+06 , 0.0000E+00 , 0.0000E+00 , 0.0000E+00 , 
  397 , 0.330440E+08 ,     1 , 0.7700E-02 , 0.1359E+06 , 0.0000E+00 , 0.0000E+00 , 0.0000E+00 ,    80 , -.7700E-02 , 0.8566E+06 , 0.0000E+00 , 0.0000E+00 , 0.0000E+00 , 
  398 , 0.331304E+08 ,     1 , 0.7700E-02 , 0.1359E+06 , 0.0000E+00 , 0.0000E+00 , 0.0000E+00 ,    80 , -.7700E-02 , 0.8566E+06 , 0.0000E+00 , 0.0000E+00 , 0.0000E+00 , 
  399 , 0.332168E+08 ,     1 , 0.7700E-02 , 0.1359E+06 , 0.0000E+00 , 0.0000E+00 , 0.0000E+00 ,    80 , -.7700E-02 , 0.8565E+06 , 0.0000E+00 , 0.0000E+00 , 0.0000E+00 , 
  400 , 0.333032E+08 ,     1 , 0.7700E-02 , 0.1359E+06 , 0.0000E+00 , 0.0000E+00 , 0.0000E+00 ,    80 , -.7700E-02 , 0.8565E+06 , 0.0000E+00 , 0.0000E+00 , 0.0000E+00 , 
  401 , 0.333896E+08 ,     1 , 0.7700E-02 , 0.1359E+06 , 0.0000E+00 , 0.0000E+00 , 0.0000E+00 ,    80 , -.7700E-02 , 0.8565E+06 , 0.0000E+00 , 0.0000E+00 , 0.0000E+00 , 
  402 , 0.334760E+08 ,     1 , 0.7700E-02 , 0.1359E+06 , 0.0000E+00 , 0.0000E+00 , 0.0000E+00 ,    80 , -.7700E-02 , 0.8564E+06 , 0.0000E+00 , 0.0000E+00 , 0.0000E+00 , 
  403 , 0.335624E+08 ,     1 , 0.7700E-02 , 0.1359E+06 , 0.0000E+00 , 0.0000E+00 , 0.0000E+00 ,    80 , -.7700E-02 , 0.8564E+06 , 0.0000E+00 , 0.0000E+00 , 0.0000E+00 , 
  404 , 0.336488E+08 ,     1 , 0.7700E-02 , 0.1359E+06 , 0.0000E+00 , 0.0000E+00 , 0.0000E+00 ,    80 , -.7700E-02 , 0.8564E+06 , 0.0000E+00 , 0.0000E+00 , 0.0000E+00 , 
  405 , 0.337352E+08 ,     1 , 0.7700E-02 , 0.1359E+06 , 0.0000E+00 , 0.0000E+00 , 0.0000E+00 ,    80 , -.7700E-02 , 0.8563E+06 , 0.0000E+00 , 0.0000E+00 , 0.0000E+00 , 
  406 , 0.338216E+08 ,     1 , 0.7700E-02 , 0.1359E+06 , 0.0000E+00 , 0.0000E+00 , 0.0000E+00 ,    80 , -.7700E-02 , 0.8563E+06 , 0.0000E+00 , 0.0000E+00 , 0.0000E+00 , 
  407 , 0.339080E+08 ,     1 , 0.7700E-02 , 0.1359E+06 , 0.0000E+00 , 0.0000E+00 , 0.0000E+00 ,    80 , -.7700E-02 , 0.8563E+06 , 0.0000E+00 , 0.0000E+00 , 0.0000E+00 , 
  408 , 0.339944E+08 ,     1 , 0.7700E-02 , 0.1359E+06 , 0.0000E+00 , 0.0000E+00 , 0.0000E+00 ,    80 , -.7700E-02 , 0.8563E+06 , 0.0000E+00 , 0.0000E+00 , 0.0000E+00 , 
  409 , 0.340808E+08 ,     1 , 0.7700E-02 , 0.1359E+06 , 0.0000E+00 , 0.0000E+00 , 0.0000E+00 ,    80 , -.7700E-02 , 0.8562E+06 , 0.0000E+00 , 0.0000E+00 , 0.0000E+00 , 
  410 , 0.341672E+08 ,     1 , 0.7700E-02 , 0.1359E+06 , 0.0000E+00 , 0.0000E+00 , 0.0000E+00 ,    80 , -.7700E-02 , 0.8562E+06 , 0.0000E+00 , 0.0000E+00 , 0.0000E+00 , 
  411 , 0.342536E+08 ,     1 , 0.7700E-02 , 0.1359E+06 , 0.0000E+00 , 0.0000E+00 , 0.0000E+00 ,    80 , -.7700E-02 , 0.8562E+06 , 0.0000E+00 , 0.0000E+00 , 0.0000E+00 , 
  412 , 0.343400E+08 ,     1 , 0.7700E-02 , 0.1359E+06 , 0.0000E+00 , 0.0000E+00 , 0.0000E+00 ,    80 , -.7700E-02 , 0.8561E+06 , 0.0000E+00 , 0.0000E+00 , 0.0000E+00 , 
  413 , 0.344264E+08 ,     1 , 0.7700E-02 , 0.1359E+06 , 0.0000E+00 , 0.0000E+00 , 0.0000E+00 ,    80 , -.7700E-02 , 0.8561E+06 , 0.0000E+00 , 0.0000E+00 , 0.0000E+00 , 
  414 , 0.345128E+08 ,     1 , 0.7700E-02 , 0.1359E+06 , 0.0000E+00 , 0.0000E+00 , 0.0000E+00 ,    80 , -.7700E-02 , 0.8561E+06 , 0.0000E+00 , 0.0000E+00 , 0.0000E+00 , 
  415 , 0.345600E+08 ,     1 , 0.7700E-02 , 0.1359E+06 , 0.0000E+00 , 0.0000E+00 , 0.0000E+00 ,    80 , -.7700E-02 , 0.8561E+06 , 0.0000E+00 , 0.0000E+00 , 0.0000E+00 , 
