INCON -- INITIAL CONDITIONS FOR   80 ELEMENTS AT TIME  0.345600E+08
A11 1           0.10000000E+01 0.83300000E-07 0.83300000E-07 0.83300000E-07
 0.1096021185194E+08 0.3645231609835E+02
A11 2           0.10000000E+01 0.83300000E-07 0.83300000E-07 0.83300000E-07
 0.1096005001408E+08 0.4285640259070E+02
A11 3           0.10000000E+01 0.83300000E-07 0.83300000E-07 0.83300000E-07
 0.1095990634030E+08 0.4927020918936E+02
A11 4           0.10000000E+01 0.83300000E-07 0.83300000E-07 0.83300000E-07
 0.1095977767628E+08 0.5567931418715E+02
A11 5           0.10000000E+01 0.83300000E-07 0.83300000E-07 0.83300000E-07
 0.1095966152002E+08 0.6206708349967E+02
A11 6           0.10000000E+01 0.83300000E-07 0.83300000E-07 0.83300000E-07
 0.1095955586441E+08 0.6841532853821E+02
A11 7           0.10000000E+01 0.83300000E-07 0.83300000E-07 0.83300000E-07
 0.1095945908318E+08 0.7470496163566E+02
A11 8           0.10000000E+01 0.83300000E-07 0.83300000E-07 0.83300000E-07
 0.1095936984703E+08 0.8091660433074E+02
A11 9           0.10000000E+01 0.83300000E-07 0.83300000E-07 0.83300000E-07
 0.1095928706080E+08 0.8703113454645E+02
A1110           0.10000000E+01 0.83300000E-07 0.83300000E-07 0.83300000E-07
 0.1095920981581E+08 0.9303016574585E+02
A1111           0.10000000E+01 0.83300000E-07 0.83300000E-07 0.83300000E-07
 0.1095913735322E+08 0.9889645058310E+02
A1112           0.10000000E+01 0.83300000E-07 0.83300000E-07 0.83300000E-07
 0.1095906903555E+08 0.1046142028355E+03
A1113           0.10000000E+01 0.83300000E-07 0.83300000E-07 0.83300000E-07
 0.1095900432442E+08 0.1101693354870E+03
A1114           0.10000000E+01 0.83300000E-07 0.83300000E-07 0.83300000E-07
 0.1095894276276E+08 0.1155496177646E+03
A1115           0.10000000E+01 0.83300000E-07 0.83300000E-07 0.83300000E-07
 0.1095888396076E+08 0.1207447581182E+03
A1116           0.10000000E+01 0.83300000E-07 0.83300000E-07 0.83300000E-07
 0.1095882758449E+08 0.1257464229134E+03
A1117           0.10000000E+01 0.83300000E-07 0.83300000E-07 0.83300000E-07
 0.1095877334670E+08 0.1305482019581E+03
A1118           0.10000000E+01 0.83300000E-07 0.83300000E-07 0.83300000E-07
 0.1095872099929E+08 0.1351455321558E+03
A1119           0.10000000E+01 0.83300000E-07 0.83300000E-07 0.83300000E-07
 0.1095867032724E+08 0.1395355899096E+03
A1120           0.10000000E+01 0.83300000E-07 0.83300000E-07 0.83300000E-07
 0.1095862114348E+08 0.1437171617284E+03
A1121           0.10000000E+01 0.83300000E-07 0.83300000E-07 0.83300000E-07
 0.1095857328474E+08 0.1476905010814E+03
A1122           0.10000000E+01 0.83300000E-07 0.83300000E-07 0.83300000E-07
 0.1095852660806E+08 0.1514571780997E+03
A1123           0.10000000E+01 0.83300000E-07 0.83300000E-07 0.83300000E-07
 0.1095848098785E+08 0.1550199273664E+03
A1124           0.10000000E+01 0.83300000E-07 0.83300000E-07 0.83300000E-07
 0.1095843631354E+08 0.1583824978336E+03
A1125           0.10000000E+01 0.83300000E-07 0.83300000E-07 0.83300000E-07
 0.1095839248741E+08 0.1615495078766E+03
A1126           0.10000000E+01 0.83300000E-07 0.83300000E-07 0.83300000E-07
 0.1095834942298E+08 0.1645263076451E+03
A1127           0.10000000E+01 0.83300000E-07 0.83300000E-07 0.83300000E-07
 0.1095830704343E+08 0.1673188501874E+03
A1128           0.10000000E+01 0.83300000E-07 0.83300000E-07 0.83300000E-07
 0.1095826528043E+08 0.1699335722618E+03
A1129           0.10000000E+01 0.83300000E-07 0.83300000E-07 0.83300000E-07
 0.1095822407304E+08 0.1723772853244E+03
A1130           0.10000000E+01 0.83300000E-07 0.83300000E-07 0.83300000E-07
 0.1095818336682E+08 0.1746570768343E+03
A1131           0.10000000E+01 0.83300000E-07 0.83300000E-07 0.83300000E-07
 0.1095814311300E+08 0.1767802217666E+03
A1132           0.10000000E+01 0.83300000E-07 0.83300000E-07 0.83300000E-07
 0.1095810326786E+08 0.1787541040218E+03
A1133           0.10000000E+01 0.83300000E-07 0.83300000E-07 0.83300000E-07
 0.1095806379210E+08 0.1805861472848E+03
A1134           0.10000000E+01 0.83300000E-07 0.83300000E-07 0.83300000E-07
 0.1095802465038E+08 0.1822837547855E+03
A1135           0.10000000E+01 0.83300000E-07 0.83300000E-07 0.83300000E-07
 0.1095798581083E+08 0.1838542573546E+03
A1136           0.10000000E+01 0.83300000E-07 0.83300000E-07 0.83300000E-07
 0.1095794724471E+08 0.1853048691344E+03
A1137           0.10000000E+01 0.83300000E-07 0.83300000E-07 0.83300000E-07
 0.1095790892604E+08 0.1866426502921E+03
A1138           0.10000000E+01 0.83300000E-07 0.83300000E-07 0.83300000E-07
 0.1095787083134E+08 0.1878744760931E+03
A1139           0.10000000E+01 0.83300000E-07 0.83300000E-07 0.83300000E-07
 0.1095783293937E+08 0.1890070117067E+03
A1140           0.10000000E+01 0.83300000E-07 0.83300000E-07 0.83300000E-07
 0.1095779523084E+08 0.1900466921500E+03
A1141           0.10000000E+01 0.83300000E-07 0.83300000E-07 0.83300000E-07
 0.1095775768833E+08 0.1909997068069E+03
A1142           0.10000000E+01 0.83300000E-07 0.83300000E-07 0.83300000E-07
 0.1095772029597E+08 0.1918719879981E+03
A1143           0.10000000E+01 0.83300000E-07 0.83300000E-07 0.83300000E-07
 0.1095768303942E+08 0.1926692031179E+03
A1144           0.10000000E+01 0.83300000E-07 0.83300000E-07 0.83300000E-07
 0.1095764590562E+08 0.1933967498934E+03
A1145           0.10000000E+01 0.83300000E-07 0.83300000E-07 0.83300000E-07
 0.1095760888272E+08 0.1940597543602E+03
A1146           0.10000000E+01 0.83300000E-07 0.83300000E-07 0.83300000E-07
 0.1095757195999E+08 0.1946630711852E+03
A1147           0.10000000E+01 0.83300000E-07 0.83300000E-07 0.83300000E-07
 0.1095753512764E+08 0.1952112860052E+03
A1148           0.10000000E+01 0.83300000E-07 0.83300000E-07 0.83300000E-07
 0.1095749837681E+08 0.1957087194769E+03
A1149           0.10000000E+01 0.83300000E-07 0.83300000E-07 0.83300000E-07
 0.1095746169945E+08 0.1961594327713E+03
A1150           0.10000000E+01 0.83300000E-07 0.83300000E-07 0.83300000E-07
 0.1095742508825E+08 0.1965672342674E+03
A1151           0.10000000E+01 0.83300000E-07 0.83300000E-07 0.83300000E-07
 0.1095738853658E+08 0.1969356872279E+03
A1152           0.10000000E+01 0.83300000E-07 0.83300000E-07 0.83300000E-07
 0.1095735203844E+08 0.1972681182642E+03
A1153           0.10000000E+01 0.83300000E-07 0.83300000E-07 0.83300000E-07
 0.1095731558838E+08 0.1975676264151E+03
A1154           0.10000000E+01 0.83300000E-07 0.83300000E-07 0.83300000E-07
 0.1095727918145E+08 0.1978370926876E+03
A1155           0.10000000E+01 0.83300000E-07 0.83300000E-07 0.83300000E-07
 0.1095724281320E+08 0.1980791899227E+03
A1156           0.10000000E+01 0.83300000E-07 0.83300000E-07 0.83300000E-07
 0.1095720647958E+08 0.1982963928651E+03
A1157           0.10000000E+01 0.83300000E-07 0.83300000E-07 0.83300000E-07
 0.1095717017695E+08 0.1984909883330E+03
A1158           0.10000000E+01 0.83300000E-07 0.83300000E-07 0.83300000E-07
 0.1095713390201E+08 0.1986650853944E+03
A1159           0.10000000E+01 0.83300000E-07 0.83300000E-07 0.83300000E-07
 0.1095709765178E+08 0.1988206254705E+03
A1160           0.10000000E+01 0.83300000E-07 0.83300000E-07 0.83300000E-07
 0.1095706142360E+08 0.1989593922966E+03
A1161           0.10000000E+01 0.83300000E-07 0.83300000E-07 0.83300000E-07
 0.1095702521504E+08 0.1990830216843E+03
A1162           0.10000000E+01 0.83300000E-07 0.83300000E-07 0.83300000E-07
 0.1095698902394E+08 0.1991930110323E+03
A1163           0.10000000E+01 0.83300000E-07 0.83300000E-07 0.83300000E-07
 0.1095695284835E+08 0.1992907285484E+03
A1164           0.10000000E+01 0.83300000E-07 0.83300000E-07 0.83300000E-07
 0.1095691668652E+08 0.1993774221472E+03
A1165           0.10000000E+01 0.83300000E-07 0.83300000E-07 0.83300000E-07
 0.1095688053689E+08 0.1994542279997E+03
A1166           0.10000000E+01 0.83300000E-07 0.83300000E-07 0.83300000E-07
 0.1095684439806E+08 0.1995221787132E+03
A1167           0.10000000E+01 0.83300000E-07 0.83300000E-07 0.83300000E-07
 0.1095680826878E+08 0.1995822111286E+03
A1168           0.10000000E+01 0.83300000E-07 0.83300000E-07 0.83300000E-07
 0.1095677214792E+08 0.1996351737260E+03
A1169           0.10000000E+01 0.83300000E-07 0.83300000E-07 0.83300000E-07
 0.1095673603449E+08 0.1996818336343E+03
A1170           0.10000000E+01 0.83300000E-07 0.83300000E-07 0.83300000E-07
 0.1095669992760E+08 0.1997228832437E+03
A1171           0.10000000E+01 0.83300000E-07 0.83300000E-07 0.83300000E-07
 0.1095666382646E+08 0.1997589464239E+03
A1172           0.10000000E+01 0.83300000E-07 0.83300000E-07 0.83300000E-07
 0.1095662773038E+08 0.1997905843550E+03
A1173           0.10000000E+01 0.83300000E-07 0.83300000E-07 0.83300000E-07
 0.1095659163872E+08 0.1998183009784E+03
A1174           0.10000000E+01 0.83300000E-07 0.83300000E-07 0.83300000E-07
 0.1095655555095E+08 0.1998425480779E+03
A1175           0.10000000E+01 0.83300000E-07 0.83300000E-07 0.83300000E-07
 0.1095651946657E+08 0.1998637300039E+03
A1176           0.10000000E+01 0.83300000E-07 0.83300000E-07 0.83300000E-07
 0.1095648338515E+08 0.1998822080542E+03
A1177           0.10000000E+01 0.83300000E-07 0.83300000E-07 0.83300000E-07
 0.1095644730631E+08 0.1998983045248E+03
A1178           0.10000000E+01 0.83300000E-07 0.83300000E-07 0.83300000E-07
 0.1095641122973E+08 0.1999123064481E+03
A1179           0.10000000E+01 0.83300000E-07 0.83300000E-07 0.83300000E-07
 0.1095637515510E+08 0.1999244690319E+03
A1180           0.10000000E+01 0.83300000E-07 0.83300000E-07 0.83300000E-07
 0.1095633908218E+08 0.1999350185472E+03
+++  
       415      1241    3 0.00000000E+00 0.34560000E+08
