 X,Y,Z,P,T
 AT TIME=0.300000E+03DAYS
0.1250E+01 0.5000E+00 -.5000E-03   0.174978E+08      36.146528
0.3750E+01 0.5000E+00 -.5000E-03   0.174977E+08      43.667494
0.6250E+01 0.5000E+00 -.5000E-03   0.174975E+08      51.185191
0.8750E+01 0.5000E+00 -.5000E-03   0.174974E+08      58.675619
0.1125E+02 0.5000E+00 -.5000E-03   0.174973E+08      66.111682
0.1375E+02 0.5000E+00 -.5000E-03   0.174972E+08      73.464596
0.1625E+02 0.5000E+00 -.5000E-03   0.174971E+08      80.705127
0.1875E+02 0.5000E+00 -.5000E-03   0.174970E+08      87.804663
0.2125E+02 0.5000E+00 -.5000E-03   0.174969E+08      94.736100
0.2375E+02 0.5000E+00 -.5000E-03   0.174969E+08     101.474572
0.2625E+02 0.5000E+00 -.5000E-03   0.174968E+08     107.997999
0.2875E+02 0.5000E+00 -.5000E-03   0.174967E+08     114.287453
0.3125E+02 0.5000E+00 -.5000E-03   0.174967E+08     120.327355
0.3375E+02 0.5000E+00 -.5000E-03   0.174966E+08     126.105523
0.3625E+02 0.5000E+00 -.5000E-03   0.174966E+08     131.613092
0.3875E+02 0.5000E+00 -.5000E-03   0.174965E+08     136.844354
0.4125E+02 0.5000E+00 -.5000E-03   0.174965E+08     141.796520
0.4375E+02 0.5000E+00 -.5000E-03   0.174964E+08     146.469449
0.4625E+02 0.5000E+00 -.5000E-03   0.174964E+08     150.865353
0.4875E+02 0.5000E+00 -.5000E-03   0.174963E+08     154.988494
0.5125E+02 0.5000E+00 -.5000E-03   0.174963E+08     158.844881
0.5375E+02 0.5000E+00 -.5000E-03   0.174962E+08     162.441989
0.5625E+02 0.5000E+00 -.5000E-03   0.174962E+08     165.788485
0.5875E+02 0.5000E+00 -.5000E-03   0.174961E+08     168.893979
0.6125E+02 0.5000E+00 -.5000E-03   0.174961E+08     171.768802
0.6375E+02 0.5000E+00 -.5000E-03   0.174961E+08     174.423797
0.6625E+02 0.5000E+00 -.5000E-03   0.174960E+08     176.870141
0.6875E+02 0.5000E+00 -.5000E-03   0.174960E+08     179.119193
0.7125E+02 0.5000E+00 -.5000E-03   0.174959E+08     181.182349
0.7375E+02 0.5000E+00 -.5000E-03   0.174959E+08     183.070935
0.7625E+02 0.5000E+00 -.5000E-03   0.174959E+08     184.796105
0.7875E+02 0.5000E+00 -.5000E-03   0.174958E+08     186.368759
0.8125E+02 0.5000E+00 -.5000E-03   0.174958E+08     187.799483
0.8375E+02 0.5000E+00 -.5000E-03   0.174957E+08     189.098493
0.8625E+02 0.5000E+00 -.5000E-03   0.174957E+08     190.275595
0.8875E+02 0.5000E+00 -.5000E-03   0.174957E+08     191.340156
0.9125E+02 0.5000E+00 -.5000E-03   0.174956E+08     192.301083
0.9375E+02 0.5000E+00 -.5000E-03   0.174956E+08     193.166811
0.9625E+02 0.5000E+00 -.5000E-03   0.174956E+08     193.945298
0.9875E+02 0.5000E+00 -.5000E-03   0.174955E+08     194.644020
0.1012E+03 0.5000E+00 -.5000E-03   0.174955E+08     195.269981
0.1038E+03 0.5000E+00 -.5000E-03   0.174954E+08     195.829717
0.1062E+03 0.5000E+00 -.5000E-03   0.174954E+08     196.329313
0.1088E+03 0.5000E+00 -.5000E-03   0.174954E+08     196.774410
0.1112E+03 0.5000E+00 -.5000E-03   0.174953E+08     197.170230
0.1138E+03 0.5000E+00 -.5000E-03   0.174953E+08     197.521585
0.1162E+03 0.5000E+00 -.5000E-03   0.174953E+08     197.832905
0.1188E+03 0.5000E+00 -.5000E-03   0.174952E+08     198.108253
0.1212E+03 0.5000E+00 -.5000E-03   0.174952E+08     198.351345
0.1238E+03 0.5000E+00 -.5000E-03   0.174952E+08     198.565573
0.1262E+03 0.5000E+00 -.5000E-03   0.174951E+08     198.754026
0.1288E+03 0.5000E+00 -.5000E-03   0.174951E+08     198.919507
0.1312E+03 0.5000E+00 -.5000E-03   0.174950E+08     199.064556
0.1338E+03 0.5000E+00 -.5000E-03   0.174950E+08     199.191469
0.1362E+03 0.5000E+00 -.5000E-03   0.174950E+08     199.302314
0.1388E+03 0.5000E+00 -.5000E-03   0.174949E+08     199.398955
0.1412E+03 0.5000E+00 -.5000E-03   0.174949E+08     199.483060
0.1438E+03 0.5000E+00 -.5000E-03   0.174949E+08     199.556125
0.1462E+03 0.5000E+00 -.5000E-03   0.174948E+08     199.619487
0.1488E+03 0.5000E+00 -.5000E-03   0.174948E+08     199.674337
0.1512E+03 0.5000E+00 -.5000E-03   0.174948E+08     199.721733
0.1538E+03 0.5000E+00 -.5000E-03   0.174947E+08     199.762615
0.1562E+03 0.5000E+00 -.5000E-03   0.174947E+08     199.797816
0.1588E+03 0.5000E+00 -.5000E-03   0.174946E+08     199.828072
0.1612E+03 0.5000E+00 -.5000E-03   0.174946E+08     199.854031
0.1638E+03 0.5000E+00 -.5000E-03   0.174946E+08     199.876263
0.1662E+03 0.5000E+00 -.5000E-03   0.174945E+08     199.895269
0.1688E+03 0.5000E+00 -.5000E-03   0.174945E+08     199.911489
0.1712E+03 0.5000E+00 -.5000E-03   0.174945E+08     199.925306
0.1738E+03 0.5000E+00 -.5000E-03   0.174944E+08     199.937055
0.1762E+03 0.5000E+00 -.5000E-03   0.174944E+08     199.947028
0.1788E+03 0.5000E+00 -.5000E-03   0.174944E+08     199.955477
0.1812E+03 0.5000E+00 -.5000E-03   0.174943E+08     199.962623
0.1838E+03 0.5000E+00 -.5000E-03   0.174943E+08     199.968657
0.1862E+03 0.5000E+00 -.5000E-03   0.174942E+08     199.973741
0.1888E+03 0.5000E+00 -.5000E-03   0.174942E+08     199.978017
0.1912E+03 0.5000E+00 -.5000E-03   0.174942E+08     199.981608
0.1938E+03 0.5000E+00 -.5000E-03   0.174941E+08     199.984617
0.1962E+03 0.5000E+00 -.5000E-03   0.174941E+08     199.987135
0.1988E+03 0.5000E+00 -.5000E-03   0.174941E+08     199.989237
 X,Y,Z,P,T
 AT TIME=0.400000E+03DAYS
0.1250E+01 0.5000E+00 -.5000E-03   0.109602E+08      36.452316
0.3750E+01 0.5000E+00 -.5000E-03   0.109601E+08      42.856403
0.6250E+01 0.5000E+00 -.5000E-03   0.109599E+08      49.270209
0.8750E+01 0.5000E+00 -.5000E-03   0.109598E+08      55.679314
0.1125E+02 0.5000E+00 -.5000E-03   0.109597E+08      62.067083
0.1375E+02 0.5000E+00 -.5000E-03   0.109596E+08      68.415329
0.1625E+02 0.5000E+00 -.5000E-03   0.109595E+08      74.704962
0.1875E+02 0.5000E+00 -.5000E-03   0.109594E+08      80.916604
0.2125E+02 0.5000E+00 -.5000E-03   0.109593E+08      87.031135
0.2375E+02 0.5000E+00 -.5000E-03   0.109592E+08      93.030166
0.2625E+02 0.5000E+00 -.5000E-03   0.109591E+08      98.896451
0.2875E+02 0.5000E+00 -.5000E-03   0.109591E+08     104.614203
0.3125E+02 0.5000E+00 -.5000E-03   0.109590E+08     110.169335
0.3375E+02 0.5000E+00 -.5000E-03   0.109589E+08     115.549618
0.3625E+02 0.5000E+00 -.5000E-03   0.109589E+08     120.744758
0.3875E+02 0.5000E+00 -.5000E-03   0.109588E+08     125.746423
0.4125E+02 0.5000E+00 -.5000E-03   0.109588E+08     130.548202
0.4375E+02 0.5000E+00 -.5000E-03   0.109587E+08     135.145532
0.4625E+02 0.5000E+00 -.5000E-03   0.109587E+08     139.535590
0.4875E+02 0.5000E+00 -.5000E-03   0.109586E+08     143.717162
0.5125E+02 0.5000E+00 -.5000E-03   0.109586E+08     147.690501
0.5375E+02 0.5000E+00 -.5000E-03   0.109585E+08     151.457178
0.5625E+02 0.5000E+00 -.5000E-03   0.109585E+08     155.019927
0.5875E+02 0.5000E+00 -.5000E-03   0.109584E+08     158.382498
0.6125E+02 0.5000E+00 -.5000E-03   0.109584E+08     161.549508
0.6375E+02 0.5000E+00 -.5000E-03   0.109583E+08     164.526308
0.6625E+02 0.5000E+00 -.5000E-03   0.109583E+08     167.318850
0.6875E+02 0.5000E+00 -.5000E-03   0.109583E+08     169.933572
0.7125E+02 0.5000E+00 -.5000E-03   0.109582E+08     172.377285
0.7375E+02 0.5000E+00 -.5000E-03   0.109582E+08     174.657077
0.7625E+02 0.5000E+00 -.5000E-03   0.109581E+08     176.780222
0.7875E+02 0.5000E+00 -.5000E-03   0.109581E+08     178.754104
0.8125E+02 0.5000E+00 -.5000E-03   0.109581E+08     180.586147
0.8375E+02 0.5000E+00 -.5000E-03   0.109580E+08     182.283755
0.8625E+02 0.5000E+00 -.5000E-03   0.109580E+08     183.854257
0.8875E+02 0.5000E+00 -.5000E-03   0.109579E+08     185.304869
0.9125E+02 0.5000E+00 -.5000E-03   0.109579E+08     186.642650
0.9375E+02 0.5000E+00 -.5000E-03   0.109579E+08     187.874476
0.9625E+02 0.5000E+00 -.5000E-03   0.109578E+08     189.007012
0.9875E+02 0.5000E+00 -.5000E-03   0.109578E+08     190.046692
0.1012E+03 0.5000E+00 -.5000E-03   0.109578E+08     190.999707
0.1038E+03 0.5000E+00 -.5000E-03   0.109577E+08     191.871988
0.1062E+03 0.5000E+00 -.5000E-03   0.109577E+08     192.669203
0.1088E+03 0.5000E+00 -.5000E-03   0.109576E+08     193.396750
0.1112E+03 0.5000E+00 -.5000E-03   0.109576E+08     194.059754
0.1138E+03 0.5000E+00 -.5000E-03   0.109576E+08     194.663071
0.1162E+03 0.5000E+00 -.5000E-03   0.109575E+08     195.211286
0.1188E+03 0.5000E+00 -.5000E-03   0.109575E+08     195.708719
0.1212E+03 0.5000E+00 -.5000E-03   0.109575E+08     196.159433
0.1238E+03 0.5000E+00 -.5000E-03   0.109574E+08     196.567234
0.1262E+03 0.5000E+00 -.5000E-03   0.109574E+08     196.935687
0.1288E+03 0.5000E+00 -.5000E-03   0.109574E+08     197.268118
0.1312E+03 0.5000E+00 -.5000E-03   0.109573E+08     197.567626
0.1338E+03 0.5000E+00 -.5000E-03   0.109573E+08     197.837093
0.1362E+03 0.5000E+00 -.5000E-03   0.109572E+08     198.079190
0.1388E+03 0.5000E+00 -.5000E-03   0.109572E+08     198.296393
0.1412E+03 0.5000E+00 -.5000E-03   0.109572E+08     198.490988
0.1438E+03 0.5000E+00 -.5000E-03   0.109571E+08     198.665085
0.1462E+03 0.5000E+00 -.5000E-03   0.109571E+08     198.820625
0.1488E+03 0.5000E+00 -.5000E-03   0.109571E+08     198.959392
0.1512E+03 0.5000E+00 -.5000E-03   0.109570E+08     199.083022
0.1538E+03 0.5000E+00 -.5000E-03   0.109570E+08     199.193011
0.1562E+03 0.5000E+00 -.5000E-03   0.109570E+08     199.290729
0.1588E+03 0.5000E+00 -.5000E-03   0.109569E+08     199.377422
0.1612E+03 0.5000E+00 -.5000E-03   0.109569E+08     199.454228
0.1638E+03 0.5000E+00 -.5000E-03   0.109568E+08     199.522179
0.1662E+03 0.5000E+00 -.5000E-03   0.109568E+08     199.582211
0.1688E+03 0.5000E+00 -.5000E-03   0.109568E+08     199.635174
0.1712E+03 0.5000E+00 -.5000E-03   0.109567E+08     199.681834
0.1738E+03 0.5000E+00 -.5000E-03   0.109567E+08     199.722883
0.1762E+03 0.5000E+00 -.5000E-03   0.109567E+08     199.758946
0.1788E+03 0.5000E+00 -.5000E-03   0.109566E+08     199.790584
0.1812E+03 0.5000E+00 -.5000E-03   0.109566E+08     199.818301
0.1838E+03 0.5000E+00 -.5000E-03   0.109566E+08     199.842548
0.1862E+03 0.5000E+00 -.5000E-03   0.109565E+08     199.863730
0.1888E+03 0.5000E+00 -.5000E-03   0.109565E+08     199.882208
0.1912E+03 0.5000E+00 -.5000E-03   0.109564E+08     199.898305
0.1938E+03 0.5000E+00 -.5000E-03   0.109564E+08     199.912306
0.1962E+03 0.5000E+00 -.5000E-03   0.109564E+08     199.924469
0.1988E+03 0.5000E+00 -.5000E-03   0.109563E+08     199.935019
