  100 , 0.433000E+04 ,    79 , 0.30069125E+08 , 0.90178259E+02 , 0.00000000E+00 , 0.00000000E+00 ,   246 , 0.30010886E+08 , 0.18450233E+03 , 0.00000000E+00 , 0.00000000E+00 , 
  101 , 0.435000E+04 ,    79 , 0.30068678E+08 , 0.92517123E+02 , 0.00000000E+00 , 0.00000000E+00 ,   246 , 0.30010884E+08 , 0.18450225E+03 , 0.00000000E+00 , 0.00000000E+00 , 
  102 , 0.439000E+04 ,    79 , 0.30068085E+08 , 0.95512992E+02 , 0.00000000E+00 , 0.00000000E+00 ,   246 , 0.30010879E+08 , 0.18450210E+03 , 0.00000000E+00 , 0.00000000E+00 , 
  103 , 0.447000E+04 ,    79 , 0.30067500E+08 , 0.98205632E+02 , 0.00000000E+00 , 0.00000000E+00 ,   246 , 0.30010869E+08 , 0.18450188E+03 , 0.00000000E+00 , 0.00000000E+00 , 
  104 , 0.463000E+04 ,    79 , 0.30067126E+08 , 0.99327246E+02 , 0.00000000E+00 , 0.00000000E+00 ,   246 , 0.30010856E+08 , 0.18450161E+03 , 0.00000000E+00 , 0.00000000E+00 , 
  105 , 0.495000E+04 ,    79 , 0.30067101E+08 , 0.98430167E+02 , 0.00000000E+00 , 0.00000000E+00 ,   246 , 0.30010841E+08 , 0.18450135E+03 , 0.00000000E+00 , 0.00000000E+00 , 
  106 , 0.559000E+04 ,    79 , 0.30067465E+08 , 0.95955750E+02 , 0.00000000E+00 , 0.00000000E+00 ,   246 , 0.30010830E+08 , 0.18450119E+03 , 0.00000000E+00 , 0.00000000E+00 , 
  107 , 0.687000E+04 ,    79 , 0.30068183E+08 , 0.92603010E+02 , 0.00000000E+00 , 0.00000000E+00 ,   246 , 0.30010825E+08 , 0.18450117E+03 , 0.00000000E+00 , 0.00000000E+00 , 
  108 , 0.864000E+04 ,    79 , 0.30068907E+08 , 0.89923869E+02 , 0.00000000E+00 , 0.00000000E+00 ,   246 , 0.30010825E+08 , 0.18450121E+03 , 0.00000000E+00 , 0.00000000E+00 , 
  109 , 0.121800E+05 ,    79 , 0.30069791E+08 , 0.87360474E+02 , 0.00000000E+00 , 0.00000000E+00 ,   246 , 0.30010826E+08 , 0.18450130E+03 , 0.00000000E+00 , 0.00000000E+00 , 
  110 , 0.192600E+05 ,    79 , 0.30070736E+08 , 0.85355990E+02 , 0.00000000E+00 , 0.00000000E+00 ,   246 , 0.30010827E+08 , 0.18450140E+03 , 0.00000000E+00 , 0.00000000E+00 , 
  111 , 0.334200E+05 ,    79 , 0.30071689E+08 , 0.83967619E+02 , 0.00000000E+00 , 0.00000000E+00 ,   246 , 0.30010828E+08 , 0.18450149E+03 , 0.00000000E+00 , 0.00000000E+00 , 
  112 , 0.617400E+05 ,    79 , 0.30072643E+08 , 0.83032670E+02 , 0.00000000E+00 , 0.00000000E+00 ,   246 , 0.30010829E+08 , 0.18450127E+03 , 0.00000000E+00 , 0.00000000E+00 , 
  113 , 0.864000E+05 ,    79 , 0.30073182E+08 , 0.82634770E+02 , 0.00000000E+00 , 0.00000000E+00 ,   246 , 0.30010829E+08 , 0.18450066E+03 , 0.00000000E+00 , 0.00000000E+00 , 
  114 , 0.135720E+06 ,    79 , 0.30073861E+08 , 0.82249528E+02 , 0.00000000E+00 , 0.00000000E+00 ,   246 , 0.30010830E+08 , 0.18449645E+03 , 0.00000000E+00 , 0.00000000E+00 , 
  115 , 0.234360E+06 ,    79 , 0.30074677E+08 , 0.81910947E+02 , 0.00000000E+00 , 0.00000000E+00 ,   246 , 0.30010831E+08 , 0.18446895E+03 , 0.00000000E+00 , 0.00000000E+00 , 
  116 , 0.431640E+06 ,    79 , 0.30075629E+08 , 0.81633716E+02 , 0.00000000E+00 , 0.00000000E+00 ,   246 , 0.30010838E+08 , 0.18432654E+03 , 0.00000000E+00 , 0.00000000E+00 , 
  117 , 0.826200E+06 ,    79 , 0.30076748E+08 , 0.81418317E+02 , 0.00000000E+00 , 0.00000000E+00 ,   246 , 0.30010864E+08 , 0.18378610E+03 , 0.00000000E+00 , 0.00000000E+00 , 
  118 , 0.161532E+07 ,    79 , 0.30078106E+08 , 0.81257030E+02 , 0.00000000E+00 , 0.00000000E+00 ,   246 , 0.30010935E+08 , 0.18229482E+03 , 0.00000000E+00 , 0.00000000E+00 , 
  119 , 0.319356E+07 ,    79 , 0.30079801E+08 , 0.81139078E+02 , 0.00000000E+00 , 0.00000000E+00 ,   246 , 0.30011086E+08 , 0.17920245E+03 , 0.00000000E+00 , 0.00000000E+00 , 
  120 , 0.492156E+07 ,    79 , 0.30081126E+08 , 0.81078266E+02 , 0.00000000E+00 , 0.00000000E+00 ,   246 , 0.30011238E+08 , 0.17623275E+03 , 0.00000000E+00 , 0.00000000E+00 , 
  121 , 0.664956E+07 ,    79 , 0.30082168E+08 , 0.81042807E+02 , 0.00000000E+00 , 0.00000000E+00 ,   246 , 0.30011374E+08 , 0.17366453E+03 , 0.00000000E+00 , 0.00000000E+00 , 
  122 , 0.837756E+07 ,    79 , 0.30083036E+08 , 0.81019239E+02 , 0.00000000E+00 , 0.00000000E+00 ,   246 , 0.30011498E+08 , 0.17142077E+03 , 0.00000000E+00 , 0.00000000E+00 , 
  123 , 0.864000E+07 ,    79 , 0.30083164E+08 , 0.81016018E+02 , 0.00000000E+00 , 0.00000000E+00 ,   246 , 0.30011516E+08 , 0.17109193E+03 , 0.00000000E+00 , 0.00000000E+00 , 
  124 , 0.916488E+07 ,    79 , 0.30083406E+08 , 0.81010197E+02 , 0.00000000E+00 , 0.00000000E+00 ,   246 , 0.30011551E+08 , 0.17046408E+03 , 0.00000000E+00 , 0.00000000E+00 , 
  125 , 0.102146E+08 ,    79 , 0.30083847E+08 , 0.81000446E+02 , 0.00000000E+00 , 0.00000000E+00 ,   246 , 0.30011618E+08 , 0.16929287E+03 , 0.00000000E+00 , 0.00000000E+00 , 
  126 , 0.119426E+08 ,    79 , 0.30084495E+08 , 0.80987925E+02 , 0.00000000E+00 , 0.00000000E+00 ,   246 , 0.30011720E+08 , 0.16753970E+03 , 0.00000000E+00 , 0.00000000E+00 , 
  127 , 0.136706E+08 ,    79 , 0.30085080E+08 , 0.80977928E+02 , 0.00000000E+00 , 0.00000000E+00 ,   246 , 0.30011815E+08 , 0.16594626E+03 , 0.00000000E+00 , 0.00000000E+00 , 
  128 , 0.153986E+08 ,    79 , 0.30085613E+08 , 0.80969716E+02 , 0.00000000E+00 , 0.00000000E+00 ,   246 , 0.30011904E+08 , 0.16448992E+03 , 0.00000000E+00 , 0.00000000E+00 , 
  129 , 0.171266E+08 ,    79 , 0.30086102E+08 , 0.80962820E+02 , 0.00000000E+00 , 0.00000000E+00 ,   246 , 0.30011987E+08 , 0.16315061E+03 , 0.00000000E+00 , 0.00000000E+00 , 
  130 , 0.188546E+08 ,    79 , 0.30086554E+08 , 0.80956925E+02 , 0.00000000E+00 , 0.00000000E+00 ,   246 , 0.30012065E+08 , 0.16191167E+03 , 0.00000000E+00 , 0.00000000E+00 , 
  131 , 0.205826E+08 ,    79 , 0.30086975E+08 , 0.80951811E+02 , 0.00000000E+00 , 0.00000000E+00 ,   246 , 0.30012139E+08 , 0.16075946E+03 , 0.00000000E+00 , 0.00000000E+00 , 
  132 , 0.223106E+08 ,    79 , 0.30087369E+08 , 0.80947321E+02 , 0.00000000E+00 , 0.00000000E+00 ,   246 , 0.30012210E+08 , 0.15968285E+03 , 0.00000000E+00 , 0.00000000E+00 , 
  133 , 0.240386E+08 ,    79 , 0.30087740E+08 , 0.80943338E+02 , 0.00000000E+00 , 0.00000000E+00 ,   246 , 0.30012277E+08 , 0.15867267E+03 , 0.00000000E+00 , 0.00000000E+00 , 
  134 , 0.257666E+08 ,    79 , 0.30088090E+08 , 0.80939773E+02 , 0.00000000E+00 , 0.00000000E+00 ,   246 , 0.30012341E+08 , 0.15772128E+03 , 0.00000000E+00 , 0.00000000E+00 , 
  135 , 0.274946E+08 ,    79 , 0.30088421E+08 , 0.80936559E+02 , 0.00000000E+00 , 0.00000000E+00 ,   246 , 0.30012403E+08 , 0.15682228E+03 , 0.00000000E+00 , 0.00000000E+00 , 
  136 , 0.292226E+08 ,    79 , 0.30088736E+08 , 0.80933640E+02 , 0.00000000E+00 , 0.00000000E+00 ,   246 , 0.30012461E+08 , 0.15597025E+03 , 0.00000000E+00 , 0.00000000E+00 , 
  137 , 0.309506E+08 ,    79 , 0.30089037E+08 , 0.80930975E+02 , 0.00000000E+00 , 0.00000000E+00 ,   246 , 0.30012518E+08 , 0.15516057E+03 , 0.00000000E+00 , 0.00000000E+00 , 
  138 , 0.326786E+08 ,    79 , 0.30089323E+08 , 0.80928529E+02 , 0.00000000E+00 , 0.00000000E+00 ,   246 , 0.30012573E+08 , 0.15438927E+03 , 0.00000000E+00 , 0.00000000E+00 , 
  139 , 0.344066E+08 ,    79 , 0.30089598E+08 , 0.80926273E+02 , 0.00000000E+00 , 0.00000000E+00 ,   246 , 0.30012626E+08 , 0.15365288E+03 , 0.00000000E+00 , 0.00000000E+00 , 
  140 , 0.361346E+08 ,    79 , 0.30089861E+08 , 0.80924184E+02 , 0.00000000E+00 , 0.00000000E+00 ,   246 , 0.30012677E+08 , 0.15294842E+03 , 0.00000000E+00 , 0.00000000E+00 , 
  141 , 0.378626E+08 ,    79 , 0.30090115E+08 , 0.80922243E+02 , 0.00000000E+00 , 0.00000000E+00 ,   246 , 0.30012726E+08 , 0.15227325E+03 , 0.00000000E+00 , 0.00000000E+00 , 
  142 , 0.395906E+08 ,    79 , 0.30090358E+08 , 0.80920431E+02 , 0.00000000E+00 , 0.00000000E+00 ,   246 , 0.30012774E+08 , 0.15162507E+03 , 0.00000000E+00 , 0.00000000E+00 , 
  143 , 0.413186E+08 ,    79 , 0.30090593E+08 , 0.80918737E+02 , 0.00000000E+00 , 0.00000000E+00 ,   246 , 0.30012821E+08 , 0.15100182E+03 , 0.00000000E+00 , 0.00000000E+00 , 
  144 , 0.430466E+08 ,    79 , 0.30090820E+08 , 0.80917147E+02 , 0.00000000E+00 , 0.00000000E+00 ,   246 , 0.30012866E+08 , 0.15040166E+03 , 0.00000000E+00 , 0.00000000E+00 , 
  145 , 0.447746E+08 ,    79 , 0.30091039E+08 , 0.80915651E+02 , 0.00000000E+00 , 0.00000000E+00 ,   246 , 0.30012910E+08 , 0.14982297E+03 , 0.00000000E+00 , 0.00000000E+00 , 
  146 , 0.465026E+08 ,    79 , 0.30091251E+08 , 0.80914240E+02 , 0.00000000E+00 , 0.00000000E+00 ,   246 , 0.30012953E+08 , 0.14926426E+03 , 0.00000000E+00 , 0.00000000E+00 , 
  147 , 0.482306E+08 ,    79 , 0.30091457E+08 , 0.80912907E+02 , 0.00000000E+00 , 0.00000000E+00 ,   246 , 0.30012994E+08 , 0.14872422E+03 , 0.00000000E+00 , 0.00000000E+00 , 
  148 , 0.499586E+08 ,    79 , 0.30091656E+08 , 0.80911644E+02 , 0.00000000E+00 , 0.00000000E+00 ,   246 , 0.30013035E+08 , 0.14820166E+03 , 0.00000000E+00 , 0.00000000E+00 , 
  149 , 0.516866E+08 ,    79 , 0.30091850E+08 , 0.80910445E+02 , 0.00000000E+00 , 0.00000000E+00 ,   246 , 0.30013075E+08 , 0.14769548E+03 , 0.00000000E+00 , 0.00000000E+00 , 
  150 , 0.534146E+08 ,    79 , 0.30092038E+08 , 0.80909306E+02 , 0.00000000E+00 , 0.00000000E+00 ,   246 , 0.30013114E+08 , 0.14720470E+03 , 0.00000000E+00 , 0.00000000E+00 , 
  151 , 0.551426E+08 ,    79 , 0.30092221E+08 , 0.80908221E+02 , 0.00000000E+00 , 0.00000000E+00 ,   246 , 0.30013152E+08 , 0.14672843E+03 , 0.00000000E+00 , 0.00000000E+00 , 
  152 , 0.568706E+08 ,    79 , 0.30092399E+08 , 0.80907187E+02 , 0.00000000E+00 , 0.00000000E+00 ,   246 , 0.30013189E+08 , 0.14626584E+03 , 0.00000000E+00 , 0.00000000E+00 , 
  153 , 0.585986E+08 ,    79 , 0.30092572E+08 , 0.80906198E+02 , 0.00000000E+00 , 0.00000000E+00 ,   246 , 0.30013225E+08 , 0.14581618E+03 , 0.00000000E+00 , 0.00000000E+00 , 
  154 , 0.603266E+08 ,    79 , 0.30092741E+08 , 0.80905253E+02 , 0.00000000E+00 , 0.00000000E+00 ,   246 , 0.30013261E+08 , 0.14537879E+03 , 0.00000000E+00 , 0.00000000E+00 , 
  155 , 0.620546E+08 ,    79 , 0.30092906E+08 , 0.80904348E+02 , 0.00000000E+00 , 0.00000000E+00 ,   246 , 0.30013296E+08 , 0.14495301E+03 , 0.00000000E+00 , 0.00000000E+00 , 
  156 , 0.637826E+08 ,    79 , 0.30093067E+08 , 0.80903479E+02 , 0.00000000E+00 , 0.00000000E+00 ,   246 , 0.30013330E+08 , 0.14453825E+03 , 0.00000000E+00 , 0.00000000E+00 , 
  157 , 0.655106E+08 ,    79 , 0.30093224E+08 , 0.80902646E+02 , 0.00000000E+00 , 0.00000000E+00 ,   246 , 0.30013363E+08 , 0.14413395E+03 , 0.00000000E+00 , 0.00000000E+00 , 
  158 , 0.672386E+08 ,    79 , 0.30093378E+08 , 0.80901845E+02 , 0.00000000E+00 , 0.00000000E+00 ,   246 , 0.30013396E+08 , 0.14373961E+03 , 0.00000000E+00 , 0.00000000E+00 , 
  159 , 0.689666E+08 ,    79 , 0.30093528E+08 , 0.80901074E+02 , 0.00000000E+00 , 0.00000000E+00 ,   246 , 0.30013429E+08 , 0.14335476E+03 , 0.00000000E+00 , 0.00000000E+00 , 
  160 , 0.706946E+08 ,    79 , 0.30093675E+08 , 0.80900332E+02 , 0.00000000E+00 , 0.00000000E+00 ,   246 , 0.30013461E+08 , 0.14297896E+03 , 0.00000000E+00 , 0.00000000E+00 , 
  161 , 0.724226E+08 ,    79 , 0.30093818E+08 , 0.80899617E+02 , 0.00000000E+00 , 0.00000000E+00 ,   246 , 0.30013492E+08 , 0.14261179E+03 , 0.00000000E+00 , 0.00000000E+00 , 
  162 , 0.741506E+08 ,    79 , 0.30093959E+08 , 0.80898927E+02 , 0.00000000E+00 , 0.00000000E+00 ,   246 , 0.30013522E+08 , 0.14225289E+03 , 0.00000000E+00 , 0.00000000E+00 , 
  163 , 0.758786E+08 ,    79 , 0.30094097E+08 , 0.80898260E+02 , 0.00000000E+00 , 0.00000000E+00 ,   246 , 0.30013553E+08 , 0.14190190E+03 , 0.00000000E+00 , 0.00000000E+00 , 
  164 , 0.776066E+08 ,    79 , 0.30094232E+08 , 0.80897616E+02 , 0.00000000E+00 , 0.00000000E+00 ,   246 , 0.30013582E+08 , 0.14155849E+03 , 0.00000000E+00 , 0.00000000E+00 , 
  165 , 0.793346E+08 ,    79 , 0.30094365E+08 , 0.80896993E+02 , 0.00000000E+00 , 0.00000000E+00 ,   246 , 0.30013611E+08 , 0.14122234E+03 , 0.00000000E+00 , 0.00000000E+00 , 
  166 , 0.810626E+08 ,    79 , 0.30094495E+08 , 0.80896390E+02 , 0.00000000E+00 , 0.00000000E+00 ,   246 , 0.30013640E+08 , 0.14089317E+03 , 0.00000000E+00 , 0.00000000E+00 , 
  167 , 0.827906E+08 ,    79 , 0.30094622E+08 , 0.80895806E+02 , 0.00000000E+00 , 0.00000000E+00 ,   246 , 0.30013669E+08 , 0.14057071E+03 , 0.00000000E+00 , 0.00000000E+00 , 
  168 , 0.845186E+08 ,    79 , 0.30094747E+08 , 0.80895240E+02 , 0.00000000E+00 , 0.00000000E+00 ,   246 , 0.30013696E+08 , 0.14025469E+03 , 0.00000000E+00 , 0.00000000E+00 , 
  169 , 0.862466E+08 ,    79 , 0.30094870E+08 , 0.80894691E+02 , 0.00000000E+00 , 0.00000000E+00 ,   246 , 0.30013724E+08 , 0.13994487E+03 , 0.00000000E+00 , 0.00000000E+00 , 
  170 , 0.864000E+08 ,    79 , 0.30094881E+08 , 0.80894642E+02 , 0.00000000E+00 , 0.00000000E+00 ,   246 , 0.30013726E+08 , 0.13991743E+03 , 0.00000000E+00 , 0.00000000E+00 , 
  171 , 0.867067E+08 ,    79 , 0.30094903E+08 , 0.80894546E+02 , 0.00000000E+00 , 0.00000000E+00 ,   246 , 0.30013731E+08 , 0.13986276E+03 , 0.00000000E+00 , 0.00000000E+00 , 
  172 , 0.873202E+08 ,    79 , 0.30094946E+08 , 0.80894355E+02 , 0.00000000E+00 , 0.00000000E+00 ,   246 , 0.30013741E+08 , 0.13975419E+03 , 0.00000000E+00 , 0.00000000E+00 , 
  173 , 0.885470E+08 ,    79 , 0.30095031E+08 , 0.80893980E+02 , 0.00000000E+00 , 0.00000000E+00 ,   246 , 0.30013760E+08 , 0.13954005E+03 , 0.00000000E+00 , 0.00000000E+00 , 
  174 , 0.902750E+08 ,    79 , 0.30095149E+08 , 0.80893468E+02 , 0.00000000E+00 , 0.00000000E+00 ,   246 , 0.30013787E+08 , 0.13924404E+03 , 0.00000000E+00 , 0.00000000E+00 , 
  175 , 0.920030E+08 ,    79 , 0.30095265E+08 , 0.80892970E+02 , 0.00000000E+00 , 0.00000000E+00 ,   246 , 0.30013813E+08 , 0.13895345E+03 , 0.00000000E+00 , 0.00000000E+00 , 
  176 , 0.937310E+08 ,    79 , 0.30095379E+08 , 0.80892486E+02 , 0.00000000E+00 , 0.00000000E+00 ,   246 , 0.30013839E+08 , 0.13866810E+03 , 0.00000000E+00 , 0.00000000E+00 , 
  177 , 0.954590E+08 ,    79 , 0.30095491E+08 , 0.80892015E+02 , 0.00000000E+00 , 0.00000000E+00 ,   246 , 0.30013864E+08 , 0.13838783E+03 , 0.00000000E+00 , 0.00000000E+00 , 
  178 , 0.971870E+08 ,    79 , 0.30095601E+08 , 0.80891557E+02 , 0.00000000E+00 , 0.00000000E+00 ,   246 , 0.30013889E+08 , 0.13811246E+03 , 0.00000000E+00 , 0.00000000E+00 , 
  179 , 0.989150E+08 ,    79 , 0.30095709E+08 , 0.80891111E+02 , 0.00000000E+00 , 0.00000000E+00 ,   246 , 0.30013914E+08 , 0.13784185E+03 , 0.00000000E+00 , 0.00000000E+00 , 
  180 , 0.100643E+09 ,    79 , 0.30095816E+08 , 0.80890676E+02 , 0.00000000E+00 , 0.00000000E+00 ,   246 , 0.30013939E+08 , 0.13757584E+03 , 0.00000000E+00 , 0.00000000E+00 , 
  181 , 0.102371E+09 ,    79 , 0.30095921E+08 , 0.80890252E+02 , 0.00000000E+00 , 0.00000000E+00 ,   246 , 0.30013963E+08 , 0.13731429E+03 , 0.00000000E+00 , 0.00000000E+00 , 
  182 , 0.104099E+09 ,    79 , 0.30096024E+08 , 0.80889838E+02 , 0.00000000E+00 , 0.00000000E+00 ,   246 , 0.30013987E+08 , 0.13705706E+03 , 0.00000000E+00 , 0.00000000E+00 , 
  183 , 0.105827E+09 ,    79 , 0.30096126E+08 , 0.80889435E+02 , 0.00000000E+00 , 0.00000000E+00 ,   246 , 0.30014010E+08 , 0.13680402E+03 , 0.00000000E+00 , 0.00000000E+00 , 
  184 , 0.107555E+09 ,    79 , 0.30096227E+08 , 0.80889041E+02 , 0.00000000E+00 , 0.00000000E+00 ,   246 , 0.30014034E+08 , 0.13655504E+03 , 0.00000000E+00 , 0.00000000E+00 , 
  185 , 0.109283E+09 ,    79 , 0.30096326E+08 , 0.80888657E+02 , 0.00000000E+00 , 0.00000000E+00 ,   246 , 0.30014057E+08 , 0.13631000E+03 , 0.00000000E+00 , 0.00000000E+00 , 
  186 , 0.111011E+09 ,    79 , 0.30096423E+08 , 0.80888282E+02 , 0.00000000E+00 , 0.00000000E+00 ,   246 , 0.30014079E+08 , 0.13606878E+03 , 0.00000000E+00 , 0.00000000E+00 , 
  187 , 0.112739E+09 ,    79 , 0.30096519E+08 , 0.80887915E+02 , 0.00000000E+00 , 0.00000000E+00 ,   246 , 0.30014102E+08 , 0.13583128E+03 , 0.00000000E+00 , 0.00000000E+00 , 
  188 , 0.114467E+09 ,    79 , 0.30096614E+08 , 0.80887556E+02 , 0.00000000E+00 , 0.00000000E+00 ,   246 , 0.30014124E+08 , 0.13559737E+03 , 0.00000000E+00 , 0.00000000E+00 , 
  189 , 0.116195E+09 ,    79 , 0.30096708E+08 , 0.80887206E+02 , 0.00000000E+00 , 0.00000000E+00 ,   246 , 0.30014146E+08 , 0.13536696E+03 , 0.00000000E+00 , 0.00000000E+00 , 
  190 , 0.117923E+09 ,    79 , 0.30096800E+08 , 0.80886863E+02 , 0.00000000E+00 , 0.00000000E+00 ,   246 , 0.30014168E+08 , 0.13513996E+03 , 0.00000000E+00 , 0.00000000E+00 , 
  191 , 0.119651E+09 ,    79 , 0.30096891E+08 , 0.80886527E+02 , 0.00000000E+00 , 0.00000000E+00 ,   246 , 0.30014189E+08 , 0.13491627E+03 , 0.00000000E+00 , 0.00000000E+00 , 
  192 , 0.121379E+09 ,    79 , 0.30096981E+08 , 0.80886199E+02 , 0.00000000E+00 , 0.00000000E+00 ,   246 , 0.30014211E+08 , 0.13469580E+03 , 0.00000000E+00 , 0.00000000E+00 , 
  193 , 0.123107E+09 ,    79 , 0.30097069E+08 , 0.80885877E+02 , 0.00000000E+00 , 0.00000000E+00 ,   246 , 0.30014232E+08 , 0.13447846E+03 , 0.00000000E+00 , 0.00000000E+00 , 
  194 , 0.124835E+09 ,    79 , 0.30097157E+08 , 0.80885562E+02 , 0.00000000E+00 , 0.00000000E+00 ,   246 , 0.30014252E+08 , 0.13426417E+03 , 0.00000000E+00 , 0.00000000E+00 , 
  195 , 0.126563E+09 ,    79 , 0.30097243E+08 , 0.80885254E+02 , 0.00000000E+00 , 0.00000000E+00 ,   246 , 0.30014273E+08 , 0.13405285E+03 , 0.00000000E+00 , 0.00000000E+00 , 
  196 , 0.128291E+09 ,    79 , 0.30097329E+08 , 0.80884952E+02 , 0.00000000E+00 , 0.00000000E+00 ,   246 , 0.30014293E+08 , 0.13384443E+03 , 0.00000000E+00 , 0.00000000E+00 , 
  197 , 0.130019E+09 ,    79 , 0.30097413E+08 , 0.80884655E+02 , 0.00000000E+00 , 0.00000000E+00 ,   246 , 0.30014314E+08 , 0.13363883E+03 , 0.00000000E+00 , 0.00000000E+00 , 
  198 , 0.131747E+09 ,    79 , 0.30097496E+08 , 0.80884365E+02 , 0.00000000E+00 , 0.00000000E+00 ,   246 , 0.30014334E+08 , 0.13343599E+03 , 0.00000000E+00 , 0.00000000E+00 , 
  199 , 0.133475E+09 ,    79 , 0.30097578E+08 , 0.80884080E+02 , 0.00000000E+00 , 0.00000000E+00 ,   246 , 0.30014353E+08 , 0.13323582E+03 , 0.00000000E+00 , 0.00000000E+00 , 
  200 , 0.135203E+09 ,    79 , 0.30097659E+08 , 0.80883800E+02 , 0.00000000E+00 , 0.00000000E+00 ,   246 , 0.30014373E+08 , 0.13303828E+03 , 0.00000000E+00 , 0.00000000E+00 , 
  201 , 0.136931E+09 ,    79 , 0.30097739E+08 , 0.80883526E+02 , 0.00000000E+00 , 0.00000000E+00 ,   246 , 0.30014392E+08 , 0.13284329E+03 , 0.00000000E+00 , 0.00000000E+00 , 
  202 , 0.138659E+09 ,    79 , 0.30097819E+08 , 0.80883257E+02 , 0.00000000E+00 , 0.00000000E+00 ,   246 , 0.30014412E+08 , 0.13265079E+03 , 0.00000000E+00 , 0.00000000E+00 , 
  203 , 0.140387E+09 ,    79 , 0.30097897E+08 , 0.80882992E+02 , 0.00000000E+00 , 0.00000000E+00 ,   246 , 0.30014431E+08 , 0.13246073E+03 , 0.00000000E+00 , 0.00000000E+00 , 
  204 , 0.142115E+09 ,    79 , 0.30097975E+08 , 0.80882733E+02 , 0.00000000E+00 , 0.00000000E+00 ,   246 , 0.30014449E+08 , 0.13227304E+03 , 0.00000000E+00 , 0.00000000E+00 , 
  205 , 0.143843E+09 ,    79 , 0.30098051E+08 , 0.80882478E+02 , 0.00000000E+00 , 0.00000000E+00 ,   246 , 0.30014468E+08 , 0.13208769E+03 , 0.00000000E+00 , 0.00000000E+00 , 
  206 , 0.145571E+09 ,    79 , 0.30098127E+08 , 0.80882227E+02 , 0.00000000E+00 , 0.00000000E+00 ,   246 , 0.30014487E+08 , 0.13190460E+03 , 0.00000000E+00 , 0.00000000E+00 , 
  207 , 0.147299E+09 ,    79 , 0.30098202E+08 , 0.80881981E+02 , 0.00000000E+00 , 0.00000000E+00 ,   246 , 0.30014505E+08 , 0.13172373E+03 , 0.00000000E+00 , 0.00000000E+00 , 
  208 , 0.149027E+09 ,    79 , 0.30098276E+08 , 0.80881740E+02 , 0.00000000E+00 , 0.00000000E+00 ,   246 , 0.30014523E+08 , 0.13154504E+03 , 0.00000000E+00 , 0.00000000E+00 , 
  209 , 0.150755E+09 ,    79 , 0.30098349E+08 , 0.80881502E+02 , 0.00000000E+00 , 0.00000000E+00 ,   246 , 0.30014541E+08 , 0.13136847E+03 , 0.00000000E+00 , 0.00000000E+00 , 
  210 , 0.152483E+09 ,    79 , 0.30098422E+08 , 0.80881268E+02 , 0.00000000E+00 , 0.00000000E+00 ,   246 , 0.30014559E+08 , 0.13119397E+03 , 0.00000000E+00 , 0.00000000E+00 , 
  211 , 0.154211E+09 ,    79 , 0.30098493E+08 , 0.80881038E+02 , 0.00000000E+00 , 0.00000000E+00 ,   246 , 0.30014577E+08 , 0.13102151E+03 , 0.00000000E+00 , 0.00000000E+00 , 
  212 , 0.155939E+09 ,    79 , 0.30098564E+08 , 0.80880812E+02 , 0.00000000E+00 , 0.00000000E+00 ,   246 , 0.30014594E+08 , 0.13085104E+03 , 0.00000000E+00 , 0.00000000E+00 , 
  213 , 0.157667E+09 ,    79 , 0.30098634E+08 , 0.80880590E+02 , 0.00000000E+00 , 0.00000000E+00 ,   246 , 0.30014611E+08 , 0.13068252E+03 , 0.00000000E+00 , 0.00000000E+00 , 
  214 , 0.159395E+09 ,    79 , 0.30098704E+08 , 0.80880371E+02 , 0.00000000E+00 , 0.00000000E+00 ,   246 , 0.30014629E+08 , 0.13051590E+03 , 0.00000000E+00 , 0.00000000E+00 , 
  215 , 0.161123E+09 ,    79 , 0.30098773E+08 , 0.80880156E+02 , 0.00000000E+00 , 0.00000000E+00 ,   246 , 0.30014646E+08 , 0.13035116E+03 , 0.00000000E+00 , 0.00000000E+00 , 
  216 , 0.162851E+09 ,    79 , 0.30098841E+08 , 0.80879944E+02 , 0.00000000E+00 , 0.00000000E+00 ,   246 , 0.30014663E+08 , 0.13018824E+03 , 0.00000000E+00 , 0.00000000E+00 , 
  217 , 0.164579E+09 ,    79 , 0.30098908E+08 , 0.80879735E+02 , 0.00000000E+00 , 0.00000000E+00 ,   246 , 0.30014679E+08 , 0.13002712E+03 , 0.00000000E+00 , 0.00000000E+00 , 
  218 , 0.166307E+09 ,    79 , 0.30098975E+08 , 0.80879530E+02 , 0.00000000E+00 , 0.00000000E+00 ,   246 , 0.30014696E+08 , 0.12986775E+03 , 0.00000000E+00 , 0.00000000E+00 , 
  219 , 0.168035E+09 ,    79 , 0.30099041E+08 , 0.80879328E+02 , 0.00000000E+00 , 0.00000000E+00 ,   246 , 0.30014713E+08 , 0.12971011E+03 , 0.00000000E+00 , 0.00000000E+00 , 
  220 , 0.169763E+09 ,    79 , 0.30099106E+08 , 0.80879129E+02 , 0.00000000E+00 , 0.00000000E+00 ,   246 , 0.30014729E+08 , 0.12955415E+03 , 0.00000000E+00 , 0.00000000E+00 , 
  221 , 0.171491E+09 ,    79 , 0.30099171E+08 , 0.80878932E+02 , 0.00000000E+00 , 0.00000000E+00 ,   246 , 0.30014745E+08 , 0.12939986E+03 , 0.00000000E+00 , 0.00000000E+00 , 
  222 , 0.173219E+09 ,    79 , 0.30099235E+08 , 0.80878739E+02 , 0.00000000E+00 , 0.00000000E+00 ,   246 , 0.30014761E+08 , 0.12924718E+03 , 0.00000000E+00 , 0.00000000E+00 , 
  223 , 0.174947E+09 ,    79 , 0.30099299E+08 , 0.80878548E+02 , 0.00000000E+00 , 0.00000000E+00 ,   246 , 0.30014777E+08 , 0.12909610E+03 , 0.00000000E+00 , 0.00000000E+00 , 
  224 , 0.176675E+09 ,    79 , 0.30099361E+08 , 0.80878361E+02 , 0.00000000E+00 , 0.00000000E+00 ,   246 , 0.30014793E+08 , 0.12894659E+03 , 0.00000000E+00 , 0.00000000E+00 , 
  225 , 0.178403E+09 ,    79 , 0.30099424E+08 , 0.80878176E+02 , 0.00000000E+00 , 0.00000000E+00 ,   246 , 0.30014809E+08 , 0.12879861E+03 , 0.00000000E+00 , 0.00000000E+00 , 
  226 , 0.180131E+09 ,    79 , 0.30099486E+08 , 0.80877993E+02 , 0.00000000E+00 , 0.00000000E+00 ,   246 , 0.30014824E+08 , 0.12865213E+03 , 0.00000000E+00 , 0.00000000E+00 , 
  227 , 0.181859E+09 ,    79 , 0.30099547E+08 , 0.80877813E+02 , 0.00000000E+00 , 0.00000000E+00 ,   246 , 0.30014840E+08 , 0.12850714E+03 , 0.00000000E+00 , 0.00000000E+00 , 
  228 , 0.183587E+09 ,    79 , 0.30099607E+08 , 0.80877636E+02 , 0.00000000E+00 , 0.00000000E+00 ,   246 , 0.30014855E+08 , 0.12836359E+03 , 0.00000000E+00 , 0.00000000E+00 , 
  229 , 0.185315E+09 ,    79 , 0.30099668E+08 , 0.80877461E+02 , 0.00000000E+00 , 0.00000000E+00 ,   246 , 0.30014871E+08 , 0.12822147E+03 , 0.00000000E+00 , 0.00000000E+00 , 
  230 , 0.187043E+09 ,    79 , 0.30099727E+08 , 0.80877288E+02 , 0.00000000E+00 , 0.00000000E+00 ,   246 , 0.30014886E+08 , 0.12808075E+03 , 0.00000000E+00 , 0.00000000E+00 , 
  231 , 0.188771E+09 ,    79 , 0.30099786E+08 , 0.80877118E+02 , 0.00000000E+00 , 0.00000000E+00 ,   246 , 0.30014901E+08 , 0.12794141E+03 , 0.00000000E+00 , 0.00000000E+00 , 
  232 , 0.190499E+09 ,    79 , 0.30099845E+08 , 0.80876950E+02 , 0.00000000E+00 , 0.00000000E+00 ,   246 , 0.30014916E+08 , 0.12780342E+03 , 0.00000000E+00 , 0.00000000E+00 , 
  233 , 0.192227E+09 ,    79 , 0.30099903E+08 , 0.80876784E+02 , 0.00000000E+00 , 0.00000000E+00 ,   246 , 0.30014930E+08 , 0.12766676E+03 , 0.00000000E+00 , 0.00000000E+00 , 
  234 , 0.193955E+09 ,    79 , 0.30099960E+08 , 0.80876621E+02 , 0.00000000E+00 , 0.00000000E+00 ,   246 , 0.30014945E+08 , 0.12753140E+03 , 0.00000000E+00 , 0.00000000E+00 , 
  235 , 0.195683E+09 ,    79 , 0.30100017E+08 , 0.80876459E+02 , 0.00000000E+00 , 0.00000000E+00 ,   246 , 0.30014960E+08 , 0.12739732E+03 , 0.00000000E+00 , 0.00000000E+00 , 
  236 , 0.197411E+09 ,    79 , 0.30100074E+08 , 0.80876300E+02 , 0.00000000E+00 , 0.00000000E+00 ,   246 , 0.30014974E+08 , 0.12726451E+03 , 0.00000000E+00 , 0.00000000E+00 , 
  237 , 0.199139E+09 ,    79 , 0.30100130E+08 , 0.80876143E+02 , 0.00000000E+00 , 0.00000000E+00 ,   246 , 0.30014989E+08 , 0.12713293E+03 , 0.00000000E+00 , 0.00000000E+00 , 
  238 , 0.200867E+09 ,    79 , 0.30100185E+08 , 0.80875988E+02 , 0.00000000E+00 , 0.00000000E+00 ,   246 , 0.30015003E+08 , 0.12700258E+03 , 0.00000000E+00 , 0.00000000E+00 , 
  239 , 0.202595E+09 ,    79 , 0.30100240E+08 , 0.80875834E+02 , 0.00000000E+00 , 0.00000000E+00 ,   246 , 0.30015017E+08 , 0.12687342E+03 , 0.00000000E+00 , 0.00000000E+00 , 
  240 , 0.204323E+09 ,    79 , 0.30100295E+08 , 0.80875683E+02 , 0.00000000E+00 , 0.00000000E+00 ,   246 , 0.30015031E+08 , 0.12674544E+03 , 0.00000000E+00 , 0.00000000E+00 , 
  241 , 0.206051E+09 ,    79 , 0.30100349E+08 , 0.80875533E+02 , 0.00000000E+00 , 0.00000000E+00 ,   246 , 0.30015045E+08 , 0.12661863E+03 , 0.00000000E+00 , 0.00000000E+00 , 
  242 , 0.207779E+09 ,    79 , 0.30100403E+08 , 0.80875386E+02 , 0.00000000E+00 , 0.00000000E+00 ,   246 , 0.30015059E+08 , 0.12649295E+03 , 0.00000000E+00 , 0.00000000E+00 , 
  243 , 0.209507E+09 ,    79 , 0.30100456E+08 , 0.80875240E+02 , 0.00000000E+00 , 0.00000000E+00 ,   246 , 0.30015073E+08 , 0.12636840E+03 , 0.00000000E+00 , 0.00000000E+00 , 
  244 , 0.211235E+09 ,    79 , 0.30100509E+08 , 0.80875096E+02 , 0.00000000E+00 , 0.00000000E+00 ,   246 , 0.30015087E+08 , 0.12624495E+03 , 0.00000000E+00 , 0.00000000E+00 , 
  245 , 0.212963E+09 ,    79 , 0.30100561E+08 , 0.80874953E+02 , 0.00000000E+00 , 0.00000000E+00 ,   246 , 0.30015100E+08 , 0.12612259E+03 , 0.00000000E+00 , 0.00000000E+00 , 
  246 , 0.214691E+09 ,    79 , 0.30100613E+08 , 0.80874813E+02 , 0.00000000E+00 , 0.00000000E+00 ,   246 , 0.30015114E+08 , 0.12600130E+03 , 0.00000000E+00 , 0.00000000E+00 , 
  247 , 0.216419E+09 ,    79 , 0.30100665E+08 , 0.80874673E+02 , 0.00000000E+00 , 0.00000000E+00 ,   246 , 0.30015127E+08 , 0.12588107E+03 , 0.00000000E+00 , 0.00000000E+00 , 
  248 , 0.218147E+09 ,    79 , 0.30100716E+08 , 0.80874536E+02 , 0.00000000E+00 , 0.00000000E+00 ,   246 , 0.30015140E+08 , 0.12576187E+03 , 0.00000000E+00 , 0.00000000E+00 , 
  249 , 0.219875E+09 ,    79 , 0.30100767E+08 , 0.80874400E+02 , 0.00000000E+00 , 0.00000000E+00 ,   246 , 0.30015154E+08 , 0.12564370E+03 , 0.00000000E+00 , 0.00000000E+00 , 
  250 , 0.221603E+09 ,    79 , 0.30100818E+08 , 0.80874266E+02 , 0.00000000E+00 , 0.00000000E+00 ,   246 , 0.30015167E+08 , 0.12552653E+03 , 0.00000000E+00 , 0.00000000E+00 , 
  251 , 0.223331E+09 ,    79 , 0.30100868E+08 , 0.80874133E+02 , 0.00000000E+00 , 0.00000000E+00 ,   246 , 0.30015180E+08 , 0.12541036E+03 , 0.00000000E+00 , 0.00000000E+00 , 
  252 , 0.225059E+09 ,    79 , 0.30100917E+08 , 0.80874002E+02 , 0.00000000E+00 , 0.00000000E+00 ,   246 , 0.30015193E+08 , 0.12529516E+03 , 0.00000000E+00 , 0.00000000E+00 , 
  253 , 0.226787E+09 ,    79 , 0.30100967E+08 , 0.80873872E+02 , 0.00000000E+00 , 0.00000000E+00 ,   246 , 0.30015206E+08 , 0.12518092E+03 , 0.00000000E+00 , 0.00000000E+00 , 
  254 , 0.228515E+09 ,    79 , 0.30101016E+08 , 0.80873744E+02 , 0.00000000E+00 , 0.00000000E+00 ,   246 , 0.30015219E+08 , 0.12506763E+03 , 0.00000000E+00 , 0.00000000E+00 , 
  255 , 0.230243E+09 ,    79 , 0.30101064E+08 , 0.80873617E+02 , 0.00000000E+00 , 0.00000000E+00 ,   246 , 0.30015231E+08 , 0.12495528E+03 , 0.00000000E+00 , 0.00000000E+00 , 
  256 , 0.231971E+09 ,    79 , 0.30101112E+08 , 0.80873491E+02 , 0.00000000E+00 , 0.00000000E+00 ,   246 , 0.30015244E+08 , 0.12484384E+03 , 0.00000000E+00 , 0.00000000E+00 , 
  257 , 0.233699E+09 ,    79 , 0.30101160E+08 , 0.80873367E+02 , 0.00000000E+00 , 0.00000000E+00 ,   246 , 0.30015257E+08 , 0.12473332E+03 , 0.00000000E+00 , 0.00000000E+00 , 
  258 , 0.235427E+09 ,    79 , 0.30101208E+08 , 0.80873244E+02 , 0.00000000E+00 , 0.00000000E+00 ,   246 , 0.30015269E+08 , 0.12462368E+03 , 0.00000000E+00 , 0.00000000E+00 , 
  259 , 0.237155E+09 ,    79 , 0.30101255E+08 , 0.80873123E+02 , 0.00000000E+00 , 0.00000000E+00 ,   246 , 0.30015282E+08 , 0.12451493E+03 , 0.00000000E+00 , 0.00000000E+00 , 
  260 , 0.238883E+09 ,    79 , 0.30101302E+08 , 0.80873003E+02 , 0.00000000E+00 , 0.00000000E+00 ,   246 , 0.30015294E+08 , 0.12440705E+03 , 0.00000000E+00 , 0.00000000E+00 , 
  261 , 0.240611E+09 ,    79 , 0.30101348E+08 , 0.80872884E+02 , 0.00000000E+00 , 0.00000000E+00 ,   246 , 0.30015306E+08 , 0.12430002E+03 , 0.00000000E+00 , 0.00000000E+00 , 
  262 , 0.242339E+09 ,    79 , 0.30101394E+08 , 0.80872766E+02 , 0.00000000E+00 , 0.00000000E+00 ,   246 , 0.30015318E+08 , 0.12419384E+03 , 0.00000000E+00 , 0.00000000E+00 , 
  263 , 0.244067E+09 ,    79 , 0.30101440E+08 , 0.80872650E+02 , 0.00000000E+00 , 0.00000000E+00 ,   246 , 0.30015330E+08 , 0.12408849E+03 , 0.00000000E+00 , 0.00000000E+00 , 
  264 , 0.245795E+09 ,    79 , 0.30101486E+08 , 0.80872535E+02 , 0.00000000E+00 , 0.00000000E+00 ,   246 , 0.30015343E+08 , 0.12398396E+03 , 0.00000000E+00 , 0.00000000E+00 , 
  265 , 0.247523E+09 ,    79 , 0.30101531E+08 , 0.80872421E+02 , 0.00000000E+00 , 0.00000000E+00 ,   246 , 0.30015355E+08 , 0.12388024E+03 , 0.00000000E+00 , 0.00000000E+00 , 
  266 , 0.249251E+09 ,    79 , 0.30101576E+08 , 0.80872308E+02 , 0.00000000E+00 , 0.00000000E+00 ,   246 , 0.30015366E+08 , 0.12377732E+03 , 0.00000000E+00 , 0.00000000E+00 , 
  267 , 0.250979E+09 ,    79 , 0.30101620E+08 , 0.80872196E+02 , 0.00000000E+00 , 0.00000000E+00 ,   246 , 0.30015378E+08 , 0.12367519E+03 , 0.00000000E+00 , 0.00000000E+00 , 
  268 , 0.252707E+09 ,    79 , 0.30101664E+08 , 0.80872085E+02 , 0.00000000E+00 , 0.00000000E+00 ,   246 , 0.30015390E+08 , 0.12357384E+03 , 0.00000000E+00 , 0.00000000E+00 , 
  269 , 0.254435E+09 ,    79 , 0.30101708E+08 , 0.80871976E+02 , 0.00000000E+00 , 0.00000000E+00 ,   246 , 0.30015402E+08 , 0.12347326E+03 , 0.00000000E+00 , 0.00000000E+00 , 
  270 , 0.256163E+09 ,    79 , 0.30101752E+08 , 0.80871867E+02 , 0.00000000E+00 , 0.00000000E+00 ,   246 , 0.30015413E+08 , 0.12337343E+03 , 0.00000000E+00 , 0.00000000E+00 , 
  271 , 0.257891E+09 ,    79 , 0.30101795E+08 , 0.80871760E+02 , 0.00000000E+00 , 0.00000000E+00 ,   246 , 0.30015425E+08 , 0.12327435E+03 , 0.00000000E+00 , 0.00000000E+00 , 
  272 , 0.259619E+09 ,    79 , 0.30101838E+08 , 0.80871654E+02 , 0.00000000E+00 , 0.00000000E+00 ,   246 , 0.30015436E+08 , 0.12317600E+03 , 0.00000000E+00 , 0.00000000E+00 , 
  273 , 0.261347E+09 ,    79 , 0.30101881E+08 , 0.80871548E+02 , 0.00000000E+00 , 0.00000000E+00 ,   246 , 0.30015448E+08 , 0.12307839E+03 , 0.00000000E+00 , 0.00000000E+00 , 
  274 , 0.263075E+09 ,    79 , 0.30101924E+08 , 0.80871444E+02 , 0.00000000E+00 , 0.00000000E+00 ,   246 , 0.30015459E+08 , 0.12298149E+03 , 0.00000000E+00 , 0.00000000E+00 , 
  275 , 0.264803E+09 ,    79 , 0.30101966E+08 , 0.80871341E+02 , 0.00000000E+00 , 0.00000000E+00 ,   246 , 0.30015471E+08 , 0.12288530E+03 , 0.00000000E+00 , 0.00000000E+00 , 
  276 , 0.266531E+09 ,    79 , 0.30102008E+08 , 0.80871239E+02 , 0.00000000E+00 , 0.00000000E+00 ,   246 , 0.30015482E+08 , 0.12278981E+03 , 0.00000000E+00 , 0.00000000E+00 , 
  277 , 0.268259E+09 ,    79 , 0.30102049E+08 , 0.80871137E+02 , 0.00000000E+00 , 0.00000000E+00 ,   246 , 0.30015493E+08 , 0.12269502E+03 , 0.00000000E+00 , 0.00000000E+00 , 
  278 , 0.269987E+09 ,    79 , 0.30102091E+08 , 0.80871037E+02 , 0.00000000E+00 , 0.00000000E+00 ,   246 , 0.30015504E+08 , 0.12260090E+03 , 0.00000000E+00 , 0.00000000E+00 , 
  279 , 0.271715E+09 ,    79 , 0.30102132E+08 , 0.80870938E+02 , 0.00000000E+00 , 0.00000000E+00 ,   246 , 0.30015515E+08 , 0.12250746E+03 , 0.00000000E+00 , 0.00000000E+00 , 
  280 , 0.273443E+09 ,    79 , 0.30102173E+08 , 0.80870839E+02 , 0.00000000E+00 , 0.00000000E+00 ,   246 , 0.30015526E+08 , 0.12241469E+03 , 0.00000000E+00 , 0.00000000E+00 , 
  281 , 0.275171E+09 ,    79 , 0.30102213E+08 , 0.80870741E+02 , 0.00000000E+00 , 0.00000000E+00 ,   246 , 0.30015537E+08 , 0.12232257E+03 , 0.00000000E+00 , 0.00000000E+00 , 
  282 , 0.276899E+09 ,    79 , 0.30102254E+08 , 0.80870645E+02 , 0.00000000E+00 , 0.00000000E+00 ,   246 , 0.30015548E+08 , 0.12223110E+03 , 0.00000000E+00 , 0.00000000E+00 , 
  283 , 0.278627E+09 ,    79 , 0.30102294E+08 , 0.80870549E+02 , 0.00000000E+00 , 0.00000000E+00 ,   246 , 0.30015559E+08 , 0.12214027E+03 , 0.00000000E+00 , 0.00000000E+00 , 
  284 , 0.280355E+09 ,    79 , 0.30102334E+08 , 0.80870454E+02 , 0.00000000E+00 , 0.00000000E+00 ,   246 , 0.30015569E+08 , 0.12205007E+03 , 0.00000000E+00 , 0.00000000E+00 , 
  285 , 0.282083E+09 ,    79 , 0.30102373E+08 , 0.80870360E+02 , 0.00000000E+00 , 0.00000000E+00 ,   246 , 0.30015580E+08 , 0.12196050E+03 , 0.00000000E+00 , 0.00000000E+00 , 
  286 , 0.283811E+09 ,    79 , 0.30102413E+08 , 0.80870267E+02 , 0.00000000E+00 , 0.00000000E+00 ,   246 , 0.30015591E+08 , 0.12187155E+03 , 0.00000000E+00 , 0.00000000E+00 , 
  287 , 0.285539E+09 ,    79 , 0.30102452E+08 , 0.80870174E+02 , 0.00000000E+00 , 0.00000000E+00 ,   246 , 0.30015601E+08 , 0.12178321E+03 , 0.00000000E+00 , 0.00000000E+00 , 
  288 , 0.287267E+09 ,    79 , 0.30102491E+08 , 0.80870083E+02 , 0.00000000E+00 , 0.00000000E+00 ,   246 , 0.30015612E+08 , 0.12169547E+03 , 0.00000000E+00 , 0.00000000E+00 , 
  289 , 0.288995E+09 ,    79 , 0.30102529E+08 , 0.80869992E+02 , 0.00000000E+00 , 0.00000000E+00 ,   246 , 0.30015622E+08 , 0.12160833E+03 , 0.00000000E+00 , 0.00000000E+00 , 
  290 , 0.290723E+09 ,    79 , 0.30102568E+08 , 0.80869902E+02 , 0.00000000E+00 , 0.00000000E+00 ,   246 , 0.30015633E+08 , 0.12152178E+03 , 0.00000000E+00 , 0.00000000E+00 , 
  291 , 0.292451E+09 ,    79 , 0.30102606E+08 , 0.80869813E+02 , 0.00000000E+00 , 0.00000000E+00 ,   246 , 0.30015643E+08 , 0.12143581E+03 , 0.00000000E+00 , 0.00000000E+00 , 
  292 , 0.294179E+09 ,    79 , 0.30102644E+08 , 0.80869724E+02 , 0.00000000E+00 , 0.00000000E+00 ,   246 , 0.30015653E+08 , 0.12135041E+03 , 0.00000000E+00 , 0.00000000E+00 , 
  293 , 0.295907E+09 ,    79 , 0.30102681E+08 , 0.80869637E+02 , 0.00000000E+00 , 0.00000000E+00 ,   246 , 0.30015664E+08 , 0.12126558E+03 , 0.00000000E+00 , 0.00000000E+00 , 
  294 , 0.297635E+09 ,    79 , 0.30102719E+08 , 0.80869550E+02 , 0.00000000E+00 , 0.00000000E+00 ,   246 , 0.30015674E+08 , 0.12118132E+03 , 0.00000000E+00 , 0.00000000E+00 , 
  295 , 0.299363E+09 ,    79 , 0.30102756E+08 , 0.80869464E+02 , 0.00000000E+00 , 0.00000000E+00 ,   246 , 0.30015684E+08 , 0.12109761E+03 , 0.00000000E+00 , 0.00000000E+00 , 
  296 , 0.301091E+09 ,    79 , 0.30102793E+08 , 0.80869378E+02 , 0.00000000E+00 , 0.00000000E+00 ,   246 , 0.30015694E+08 , 0.12101445E+03 , 0.00000000E+00 , 0.00000000E+00 , 
  297 , 0.302819E+09 ,    79 , 0.30102830E+08 , 0.80869293E+02 , 0.00000000E+00 , 0.00000000E+00 ,   246 , 0.30015704E+08 , 0.12093183E+03 , 0.00000000E+00 , 0.00000000E+00 , 
  298 , 0.304547E+09 ,    79 , 0.30102867E+08 , 0.80869209E+02 , 0.00000000E+00 , 0.00000000E+00 ,   246 , 0.30015714E+08 , 0.12084975E+03 , 0.00000000E+00 , 0.00000000E+00 , 
  299 , 0.306275E+09 ,    79 , 0.30102903E+08 , 0.80869126E+02 , 0.00000000E+00 , 0.00000000E+00 ,   246 , 0.30015724E+08 , 0.12076820E+03 , 0.00000000E+00 , 0.00000000E+00 , 
  300 , 0.308003E+09 ,    79 , 0.30102939E+08 , 0.80869043E+02 , 0.00000000E+00 , 0.00000000E+00 ,   246 , 0.30015734E+08 , 0.12068717E+03 , 0.00000000E+00 , 0.00000000E+00 , 
  301 , 0.309731E+09 ,    79 , 0.30102975E+08 , 0.80868961E+02 , 0.00000000E+00 , 0.00000000E+00 ,   246 , 0.30015744E+08 , 0.12060667E+03 , 0.00000000E+00 , 0.00000000E+00 , 
  302 , 0.311459E+09 ,    79 , 0.30103011E+08 , 0.80868880E+02 , 0.00000000E+00 , 0.00000000E+00 ,   246 , 0.30015754E+08 , 0.12052667E+03 , 0.00000000E+00 , 0.00000000E+00 , 
  303 , 0.313187E+09 ,    79 , 0.30103046E+08 , 0.80868799E+02 , 0.00000000E+00 , 0.00000000E+00 ,   246 , 0.30015763E+08 , 0.12044719E+03 , 0.00000000E+00 , 0.00000000E+00 , 
  304 , 0.314915E+09 ,    79 , 0.30103082E+08 , 0.80868719E+02 , 0.00000000E+00 , 0.00000000E+00 ,   246 , 0.30015773E+08 , 0.12036820E+03 , 0.00000000E+00 , 0.00000000E+00 , 
  305 , 0.316643E+09 ,    79 , 0.30103117E+08 , 0.80868640E+02 , 0.00000000E+00 , 0.00000000E+00 ,   246 , 0.30015783E+08 , 0.12028972E+03 , 0.00000000E+00 , 0.00000000E+00 , 
  306 , 0.318371E+09 ,    79 , 0.30103152E+08 , 0.80868561E+02 , 0.00000000E+00 , 0.00000000E+00 ,   246 , 0.30015792E+08 , 0.12021172E+03 , 0.00000000E+00 , 0.00000000E+00 , 
  307 , 0.320099E+09 ,    79 , 0.30103187E+08 , 0.80868483E+02 , 0.00000000E+00 , 0.00000000E+00 ,   246 , 0.30015802E+08 , 0.12013421E+03 , 0.00000000E+00 , 0.00000000E+00 , 
  308 , 0.321827E+09 ,    79 , 0.30103221E+08 , 0.80868406E+02 , 0.00000000E+00 , 0.00000000E+00 ,   246 , 0.30015811E+08 , 0.12005718E+03 , 0.00000000E+00 , 0.00000000E+00 , 
  309 , 0.323555E+09 ,    79 , 0.30103256E+08 , 0.80868329E+02 , 0.00000000E+00 , 0.00000000E+00 ,   246 , 0.30015821E+08 , 0.11998063E+03 , 0.00000000E+00 , 0.00000000E+00 , 
  310 , 0.325283E+09 ,    79 , 0.30103290E+08 , 0.80868252E+02 , 0.00000000E+00 , 0.00000000E+00 ,   246 , 0.30015830E+08 , 0.11990454E+03 , 0.00000000E+00 , 0.00000000E+00 , 
  311 , 0.327011E+09 ,    79 , 0.30103324E+08 , 0.80868177E+02 , 0.00000000E+00 , 0.00000000E+00 ,   246 , 0.30015840E+08 , 0.11982892E+03 , 0.00000000E+00 , 0.00000000E+00 , 
  312 , 0.328739E+09 ,    79 , 0.30103358E+08 , 0.80868102E+02 , 0.00000000E+00 , 0.00000000E+00 ,   246 , 0.30015849E+08 , 0.11975376E+03 , 0.00000000E+00 , 0.00000000E+00 , 
  313 , 0.330467E+09 ,    79 , 0.30103391E+08 , 0.80868027E+02 , 0.00000000E+00 , 0.00000000E+00 ,   246 , 0.30015858E+08 , 0.11967906E+03 , 0.00000000E+00 , 0.00000000E+00 , 
  314 , 0.332195E+09 ,    79 , 0.30103425E+08 , 0.80867953E+02 , 0.00000000E+00 , 0.00000000E+00 ,   246 , 0.30015867E+08 , 0.11960481E+03 , 0.00000000E+00 , 0.00000000E+00 , 
  315 , 0.333923E+09 ,    79 , 0.30103458E+08 , 0.80867880E+02 , 0.00000000E+00 , 0.00000000E+00 ,   246 , 0.30015877E+08 , 0.11953100E+03 , 0.00000000E+00 , 0.00000000E+00 , 
  316 , 0.335651E+09 ,    79 , 0.30103491E+08 , 0.80867807E+02 , 0.00000000E+00 , 0.00000000E+00 ,   246 , 0.30015886E+08 , 0.11945764E+03 , 0.00000000E+00 , 0.00000000E+00 , 
  317 , 0.337379E+09 ,    79 , 0.30103524E+08 , 0.80867734E+02 , 0.00000000E+00 , 0.00000000E+00 ,   246 , 0.30015895E+08 , 0.11938471E+03 , 0.00000000E+00 , 0.00000000E+00 , 
  318 , 0.339107E+09 ,    79 , 0.30103557E+08 , 0.80867663E+02 , 0.00000000E+00 , 0.00000000E+00 ,   246 , 0.30015904E+08 , 0.11931221E+03 , 0.00000000E+00 , 0.00000000E+00 , 
  319 , 0.340835E+09 ,    79 , 0.30103589E+08 , 0.80867591E+02 , 0.00000000E+00 , 0.00000000E+00 ,   246 , 0.30015913E+08 , 0.11924014E+03 , 0.00000000E+00 , 0.00000000E+00 , 
  320 , 0.342563E+09 ,    79 , 0.30103622E+08 , 0.80867521E+02 , 0.00000000E+00 , 0.00000000E+00 ,   246 , 0.30015922E+08 , 0.11916850E+03 , 0.00000000E+00 , 0.00000000E+00 , 
  321 , 0.344291E+09 ,    79 , 0.30103654E+08 , 0.80867451E+02 , 0.00000000E+00 , 0.00000000E+00 ,   246 , 0.30015931E+08 , 0.11909727E+03 , 0.00000000E+00 , 0.00000000E+00 , 
  322 , 0.346019E+09 ,    79 , 0.30103686E+08 , 0.80867381E+02 , 0.00000000E+00 , 0.00000000E+00 ,   246 , 0.30015940E+08 , 0.11902646E+03 , 0.00000000E+00 , 0.00000000E+00 , 
  323 , 0.347747E+09 ,    79 , 0.30103718E+08 , 0.80867312E+02 , 0.00000000E+00 , 0.00000000E+00 ,   246 , 0.30015949E+08 , 0.11895607E+03 , 0.00000000E+00 , 0.00000000E+00 , 
  324 , 0.349475E+09 ,    79 , 0.30103750E+08 , 0.80867243E+02 , 0.00000000E+00 , 0.00000000E+00 ,   246 , 0.30015957E+08 , 0.11888607E+03 , 0.00000000E+00 , 0.00000000E+00 , 
  325 , 0.351203E+09 ,    79 , 0.30103781E+08 , 0.80867175E+02 , 0.00000000E+00 , 0.00000000E+00 ,   246 , 0.30015966E+08 , 0.11881648E+03 , 0.00000000E+00 , 0.00000000E+00 , 
  326 , 0.352931E+09 ,    79 , 0.30103813E+08 , 0.80867107E+02 , 0.00000000E+00 , 0.00000000E+00 ,   246 , 0.30015975E+08 , 0.11874729E+03 , 0.00000000E+00 , 0.00000000E+00 , 
  327 , 0.354659E+09 ,    79 , 0.30103844E+08 , 0.80867040E+02 , 0.00000000E+00 , 0.00000000E+00 ,   246 , 0.30015984E+08 , 0.11867850E+03 , 0.00000000E+00 , 0.00000000E+00 , 
  328 , 0.356387E+09 ,    79 , 0.30103875E+08 , 0.80866973E+02 , 0.00000000E+00 , 0.00000000E+00 ,   246 , 0.30015992E+08 , 0.11861009E+03 , 0.00000000E+00 , 0.00000000E+00 , 
  329 , 0.358115E+09 ,    79 , 0.30103906E+08 , 0.80866907E+02 , 0.00000000E+00 , 0.00000000E+00 ,   246 , 0.30016001E+08 , 0.11854208E+03 , 0.00000000E+00 , 0.00000000E+00 , 
  330 , 0.359843E+09 ,    79 , 0.30103937E+08 , 0.80866841E+02 , 0.00000000E+00 , 0.00000000E+00 ,   246 , 0.30016009E+08 , 0.11847444E+03 , 0.00000000E+00 , 0.00000000E+00 , 
  331 , 0.361571E+09 ,    79 , 0.30103967E+08 , 0.80866776E+02 , 0.00000000E+00 , 0.00000000E+00 ,   246 , 0.30016018E+08 , 0.11840719E+03 , 0.00000000E+00 , 0.00000000E+00 , 
  332 , 0.363299E+09 ,    79 , 0.30103998E+08 , 0.80866711E+02 , 0.00000000E+00 , 0.00000000E+00 ,   246 , 0.30016026E+08 , 0.11834031E+03 , 0.00000000E+00 , 0.00000000E+00 , 
  333 , 0.365027E+09 ,    79 , 0.30104028E+08 , 0.80866647E+02 , 0.00000000E+00 , 0.00000000E+00 ,   246 , 0.30016035E+08 , 0.11827380E+03 , 0.00000000E+00 , 0.00000000E+00 , 
  334 , 0.366755E+09 ,    79 , 0.30104058E+08 , 0.80866583E+02 , 0.00000000E+00 , 0.00000000E+00 ,   246 , 0.30016043E+08 , 0.11820766E+03 , 0.00000000E+00 , 0.00000000E+00 , 
  335 , 0.368483E+09 ,    79 , 0.30104088E+08 , 0.80866519E+02 , 0.00000000E+00 , 0.00000000E+00 ,   246 , 0.30016052E+08 , 0.11814189E+03 , 0.00000000E+00 , 0.00000000E+00 , 
  336 , 0.370211E+09 ,    79 , 0.30104118E+08 , 0.80866456E+02 , 0.00000000E+00 , 0.00000000E+00 ,   246 , 0.30016060E+08 , 0.11807648E+03 , 0.00000000E+00 , 0.00000000E+00 , 
  337 , 0.371939E+09 ,    79 , 0.30104148E+08 , 0.80866394E+02 , 0.00000000E+00 , 0.00000000E+00 ,   246 , 0.30016068E+08 , 0.11801143E+03 , 0.00000000E+00 , 0.00000000E+00 , 
  338 , 0.373667E+09 ,    79 , 0.30104178E+08 , 0.80866331E+02 , 0.00000000E+00 , 0.00000000E+00 ,   246 , 0.30016077E+08 , 0.11794673E+03 , 0.00000000E+00 , 0.00000000E+00 , 
  339 , 0.375395E+09 ,    79 , 0.30104207E+08 , 0.80866270E+02 , 0.00000000E+00 , 0.00000000E+00 ,   246 , 0.30016085E+08 , 0.11788239E+03 , 0.00000000E+00 , 0.00000000E+00 , 
  340 , 0.377123E+09 ,    79 , 0.30104236E+08 , 0.80866208E+02 , 0.00000000E+00 , 0.00000000E+00 ,   246 , 0.30016093E+08 , 0.11781839E+03 , 0.00000000E+00 , 0.00000000E+00 , 
  341 , 0.378851E+09 ,    79 , 0.30104265E+08 , 0.80866147E+02 , 0.00000000E+00 , 0.00000000E+00 ,   246 , 0.30016101E+08 , 0.11775474E+03 , 0.00000000E+00 , 0.00000000E+00 , 
  342 , 0.380579E+09 ,    79 , 0.30104294E+08 , 0.80866087E+02 , 0.00000000E+00 , 0.00000000E+00 ,   246 , 0.30016109E+08 , 0.11769143E+03 , 0.00000000E+00 , 0.00000000E+00 , 
  343 , 0.382307E+09 ,    79 , 0.30104323E+08 , 0.80866026E+02 , 0.00000000E+00 , 0.00000000E+00 ,   246 , 0.30016118E+08 , 0.11762846E+03 , 0.00000000E+00 , 0.00000000E+00 , 
  344 , 0.384035E+09 ,    79 , 0.30104352E+08 , 0.80865967E+02 , 0.00000000E+00 , 0.00000000E+00 ,   246 , 0.30016126E+08 , 0.11756582E+03 , 0.00000000E+00 , 0.00000000E+00 , 
  345 , 0.385763E+09 ,    79 , 0.30104381E+08 , 0.80865907E+02 , 0.00000000E+00 , 0.00000000E+00 ,   246 , 0.30016134E+08 , 0.11750352E+03 , 0.00000000E+00 , 0.00000000E+00 , 
  346 , 0.387491E+09 ,    79 , 0.30104409E+08 , 0.80865848E+02 , 0.00000000E+00 , 0.00000000E+00 ,   246 , 0.30016142E+08 , 0.11744155E+03 , 0.00000000E+00 , 0.00000000E+00 , 
  347 , 0.389219E+09 ,    79 , 0.30104437E+08 , 0.80865790E+02 , 0.00000000E+00 , 0.00000000E+00 ,   246 , 0.30016150E+08 , 0.11737990E+03 , 0.00000000E+00 , 0.00000000E+00 , 
  348 , 0.390947E+09 ,    79 , 0.30104466E+08 , 0.80865731E+02 , 0.00000000E+00 , 0.00000000E+00 ,   246 , 0.30016158E+08 , 0.11731858E+03 , 0.00000000E+00 , 0.00000000E+00 , 
  349 , 0.392675E+09 ,    79 , 0.30104494E+08 , 0.80865673E+02 , 0.00000000E+00 , 0.00000000E+00 ,   246 , 0.30016165E+08 , 0.11725758E+03 , 0.00000000E+00 , 0.00000000E+00 , 
  350 , 0.394403E+09 ,    79 , 0.30104522E+08 , 0.80865616E+02 , 0.00000000E+00 , 0.00000000E+00 ,   246 , 0.30016173E+08 , 0.11719690E+03 , 0.00000000E+00 , 0.00000000E+00 , 
  351 , 0.396131E+09 ,    79 , 0.30104549E+08 , 0.80865559E+02 , 0.00000000E+00 , 0.00000000E+00 ,   246 , 0.30016181E+08 , 0.11713653E+03 , 0.00000000E+00 , 0.00000000E+00 , 
  352 , 0.397859E+09 ,    79 , 0.30104577E+08 , 0.80865502E+02 , 0.00000000E+00 , 0.00000000E+00 ,   246 , 0.30016189E+08 , 0.11707647E+03 , 0.00000000E+00 , 0.00000000E+00 , 
  353 , 0.399587E+09 ,    79 , 0.30104605E+08 , 0.80865446E+02 , 0.00000000E+00 , 0.00000000E+00 ,   246 , 0.30016197E+08 , 0.11701672E+03 , 0.00000000E+00 , 0.00000000E+00 , 
  354 , 0.401315E+09 ,    79 , 0.30104632E+08 , 0.80865390E+02 , 0.00000000E+00 , 0.00000000E+00 ,   246 , 0.30016204E+08 , 0.11695728E+03 , 0.00000000E+00 , 0.00000000E+00 , 
  355 , 0.403043E+09 ,    79 , 0.30104659E+08 , 0.80865334E+02 , 0.00000000E+00 , 0.00000000E+00 ,   246 , 0.30016212E+08 , 0.11689815E+03 , 0.00000000E+00 , 0.00000000E+00 , 
  356 , 0.404771E+09 ,    79 , 0.30104687E+08 , 0.80865279E+02 , 0.00000000E+00 , 0.00000000E+00 ,   246 , 0.30016220E+08 , 0.11683931E+03 , 0.00000000E+00 , 0.00000000E+00 , 
  357 , 0.406499E+09 ,    79 , 0.30104714E+08 , 0.80865224E+02 , 0.00000000E+00 , 0.00000000E+00 ,   246 , 0.30016228E+08 , 0.11678078E+03 , 0.00000000E+00 , 0.00000000E+00 , 
  358 , 0.408227E+09 ,    79 , 0.30104741E+08 , 0.80865169E+02 , 0.00000000E+00 , 0.00000000E+00 ,   246 , 0.30016235E+08 , 0.11672254E+03 , 0.00000000E+00 , 0.00000000E+00 , 
  359 , 0.409955E+09 ,    79 , 0.30104767E+08 , 0.80865115E+02 , 0.00000000E+00 , 0.00000000E+00 ,   246 , 0.30016243E+08 , 0.11666459E+03 , 0.00000000E+00 , 0.00000000E+00 , 
  360 , 0.411683E+09 ,    79 , 0.30104794E+08 , 0.80865061E+02 , 0.00000000E+00 , 0.00000000E+00 ,   246 , 0.30016250E+08 , 0.11660694E+03 , 0.00000000E+00 , 0.00000000E+00 , 
  361 , 0.413411E+09 ,    79 , 0.30104821E+08 , 0.80865007E+02 , 0.00000000E+00 , 0.00000000E+00 ,   246 , 0.30016258E+08 , 0.11654957E+03 , 0.00000000E+00 , 0.00000000E+00 , 
  362 , 0.415139E+09 ,    79 , 0.30104847E+08 , 0.80864954E+02 , 0.00000000E+00 , 0.00000000E+00 ,   246 , 0.30016265E+08 , 0.11649249E+03 , 0.00000000E+00 , 0.00000000E+00 , 
  363 , 0.416867E+09 ,    79 , 0.30104873E+08 , 0.80864901E+02 , 0.00000000E+00 , 0.00000000E+00 ,   246 , 0.30016273E+08 , 0.11643569E+03 , 0.00000000E+00 , 0.00000000E+00 , 
  364 , 0.418595E+09 ,    79 , 0.30104900E+08 , 0.80864848E+02 , 0.00000000E+00 , 0.00000000E+00 ,   246 , 0.30016280E+08 , 0.11637918E+03 , 0.00000000E+00 , 0.00000000E+00 , 
  365 , 0.420323E+09 ,    79 , 0.30104926E+08 , 0.80864796E+02 , 0.00000000E+00 , 0.00000000E+00 ,   246 , 0.30016288E+08 , 0.11632294E+03 , 0.00000000E+00 , 0.00000000E+00 , 
  366 , 0.422051E+09 ,    79 , 0.30104952E+08 , 0.80864743E+02 , 0.00000000E+00 , 0.00000000E+00 ,   246 , 0.30016295E+08 , 0.11626698E+03 , 0.00000000E+00 , 0.00000000E+00 , 
  367 , 0.423779E+09 ,    79 , 0.30104978E+08 , 0.80864692E+02 , 0.00000000E+00 , 0.00000000E+00 ,   246 , 0.30016302E+08 , 0.11621129E+03 , 0.00000000E+00 , 0.00000000E+00 , 
  368 , 0.425507E+09 ,    79 , 0.30105003E+08 , 0.80864640E+02 , 0.00000000E+00 , 0.00000000E+00 ,   246 , 0.30016310E+08 , 0.11615588E+03 , 0.00000000E+00 , 0.00000000E+00 , 
  369 , 0.427235E+09 ,    79 , 0.30105029E+08 , 0.80864589E+02 , 0.00000000E+00 , 0.00000000E+00 ,   246 , 0.30016317E+08 , 0.11610074E+03 , 0.00000000E+00 , 0.00000000E+00 , 
  370 , 0.428963E+09 ,    79 , 0.30105055E+08 , 0.80864538E+02 , 0.00000000E+00 , 0.00000000E+00 ,   246 , 0.30016324E+08 , 0.11604586E+03 , 0.00000000E+00 , 0.00000000E+00 , 
  371 , 0.430691E+09 ,    79 , 0.30105080E+08 , 0.80864488E+02 , 0.00000000E+00 , 0.00000000E+00 ,   246 , 0.30016331E+08 , 0.11599125E+03 , 0.00000000E+00 , 0.00000000E+00 , 
  372 , 0.432419E+09 ,    79 , 0.30105105E+08 , 0.80864438E+02 , 0.00000000E+00 , 0.00000000E+00 ,   246 , 0.30016339E+08 , 0.11593690E+03 , 0.00000000E+00 , 0.00000000E+00 , 
  373 , 0.434147E+09 ,    79 , 0.30105131E+08 , 0.80864388E+02 , 0.00000000E+00 , 0.00000000E+00 ,   246 , 0.30016346E+08 , 0.11588281E+03 , 0.00000000E+00 , 0.00000000E+00 , 
  374 , 0.435875E+09 ,    79 , 0.30105156E+08 , 0.80864338E+02 , 0.00000000E+00 , 0.00000000E+00 ,   246 , 0.30016353E+08 , 0.11582898E+03 , 0.00000000E+00 , 0.00000000E+00 , 
  375 , 0.437603E+09 ,    79 , 0.30105181E+08 , 0.80864289E+02 , 0.00000000E+00 , 0.00000000E+00 ,   246 , 0.30016360E+08 , 0.11577541E+03 , 0.00000000E+00 , 0.00000000E+00 , 
  376 , 0.439331E+09 ,    79 , 0.30105206E+08 , 0.80864240E+02 , 0.00000000E+00 , 0.00000000E+00 ,   246 , 0.30016367E+08 , 0.11572209E+03 , 0.00000000E+00 , 0.00000000E+00 , 
  377 , 0.441059E+09 ,    79 , 0.30105230E+08 , 0.80864191E+02 , 0.00000000E+00 , 0.00000000E+00 ,   246 , 0.30016374E+08 , 0.11566902E+03 , 0.00000000E+00 , 0.00000000E+00 , 
  378 , 0.442787E+09 ,    79 , 0.30105255E+08 , 0.80864142E+02 , 0.00000000E+00 , 0.00000000E+00 ,   246 , 0.30016381E+08 , 0.11561621E+03 , 0.00000000E+00 , 0.00000000E+00 , 
  379 , 0.444515E+09 ,    79 , 0.30105280E+08 , 0.80864094E+02 , 0.00000000E+00 , 0.00000000E+00 ,   246 , 0.30016388E+08 , 0.11556364E+03 , 0.00000000E+00 , 0.00000000E+00 , 
  380 , 0.446243E+09 ,    79 , 0.30105304E+08 , 0.80864046E+02 , 0.00000000E+00 , 0.00000000E+00 ,   246 , 0.30016395E+08 , 0.11551132E+03 , 0.00000000E+00 , 0.00000000E+00 , 
  381 , 0.447971E+09 ,    79 , 0.30105329E+08 , 0.80863998E+02 , 0.00000000E+00 , 0.00000000E+00 ,   246 , 0.30016402E+08 , 0.11545924E+03 , 0.00000000E+00 , 0.00000000E+00 , 
  382 , 0.449699E+09 ,    79 , 0.30105353E+08 , 0.80863951E+02 , 0.00000000E+00 , 0.00000000E+00 ,   246 , 0.30016409E+08 , 0.11540741E+03 , 0.00000000E+00 , 0.00000000E+00 , 
  383 , 0.451427E+09 ,    79 , 0.30105377E+08 , 0.80863904E+02 , 0.00000000E+00 , 0.00000000E+00 ,   246 , 0.30016416E+08 , 0.11535582E+03 , 0.00000000E+00 , 0.00000000E+00 , 
  384 , 0.453155E+09 ,    79 , 0.30105401E+08 , 0.80863857E+02 , 0.00000000E+00 , 0.00000000E+00 ,   246 , 0.30016423E+08 , 0.11530446E+03 , 0.00000000E+00 , 0.00000000E+00 , 
  385 , 0.454883E+09 ,    79 , 0.30105425E+08 , 0.80863810E+02 , 0.00000000E+00 , 0.00000000E+00 ,   246 , 0.30016430E+08 , 0.11525335E+03 , 0.00000000E+00 , 0.00000000E+00 , 
  386 , 0.456611E+09 ,    79 , 0.30105449E+08 , 0.80863764E+02 , 0.00000000E+00 , 0.00000000E+00 ,   246 , 0.30016437E+08 , 0.11520246E+03 , 0.00000000E+00 , 0.00000000E+00 , 
  387 , 0.458339E+09 ,    79 , 0.30105473E+08 , 0.80863718E+02 , 0.00000000E+00 , 0.00000000E+00 ,   246 , 0.30016444E+08 , 0.11515181E+03 , 0.00000000E+00 , 0.00000000E+00 , 
  388 , 0.460067E+09 ,    79 , 0.30105496E+08 , 0.80863672E+02 , 0.00000000E+00 , 0.00000000E+00 ,   246 , 0.30016450E+08 , 0.11510139E+03 , 0.00000000E+00 , 0.00000000E+00 , 
  389 , 0.461795E+09 ,    79 , 0.30105520E+08 , 0.80863626E+02 , 0.00000000E+00 , 0.00000000E+00 ,   246 , 0.30016457E+08 , 0.11505121E+03 , 0.00000000E+00 , 0.00000000E+00 , 
  390 , 0.463523E+09 ,    79 , 0.30105544E+08 , 0.80863581E+02 , 0.00000000E+00 , 0.00000000E+00 ,   246 , 0.30016464E+08 , 0.11500124E+03 , 0.00000000E+00 , 0.00000000E+00 , 
  391 , 0.465251E+09 ,    79 , 0.30105567E+08 , 0.80863536E+02 , 0.00000000E+00 , 0.00000000E+00 ,   246 , 0.30016471E+08 , 0.11495151E+03 , 0.00000000E+00 , 0.00000000E+00 , 
  392 , 0.466979E+09 ,    79 , 0.30105590E+08 , 0.80863491E+02 , 0.00000000E+00 , 0.00000000E+00 ,   246 , 0.30016477E+08 , 0.11490200E+03 , 0.00000000E+00 , 0.00000000E+00 , 
  393 , 0.468707E+09 ,    79 , 0.30105613E+08 , 0.80863446E+02 , 0.00000000E+00 , 0.00000000E+00 ,   246 , 0.30016484E+08 , 0.11485271E+03 , 0.00000000E+00 , 0.00000000E+00 , 
  394 , 0.470435E+09 ,    79 , 0.30105637E+08 , 0.80863402E+02 , 0.00000000E+00 , 0.00000000E+00 ,   246 , 0.30016491E+08 , 0.11480364E+03 , 0.00000000E+00 , 0.00000000E+00 , 
  395 , 0.472163E+09 ,    79 , 0.30105660E+08 , 0.80863358E+02 , 0.00000000E+00 , 0.00000000E+00 ,   246 , 0.30016497E+08 , 0.11475479E+03 , 0.00000000E+00 , 0.00000000E+00 , 
  396 , 0.473891E+09 ,    79 , 0.30105683E+08 , 0.80863314E+02 , 0.00000000E+00 , 0.00000000E+00 ,   246 , 0.30016504E+08 , 0.11470616E+03 , 0.00000000E+00 , 0.00000000E+00 , 
  397 , 0.475619E+09 ,    79 , 0.30105705E+08 , 0.80863270E+02 , 0.00000000E+00 , 0.00000000E+00 ,   246 , 0.30016510E+08 , 0.11465774E+03 , 0.00000000E+00 , 0.00000000E+00 , 
  398 , 0.477347E+09 ,    79 , 0.30105728E+08 , 0.80863226E+02 , 0.00000000E+00 , 0.00000000E+00 ,   246 , 0.30016517E+08 , 0.11460954E+03 , 0.00000000E+00 , 0.00000000E+00 , 
  399 , 0.479075E+09 ,    79 , 0.30105751E+08 , 0.80863183E+02 , 0.00000000E+00 , 0.00000000E+00 ,   246 , 0.30016523E+08 , 0.11456155E+03 , 0.00000000E+00 , 0.00000000E+00 , 
  400 , 0.480803E+09 ,    79 , 0.30105773E+08 , 0.80863140E+02 , 0.00000000E+00 , 0.00000000E+00 ,   246 , 0.30016530E+08 , 0.11451377E+03 , 0.00000000E+00 , 0.00000000E+00 , 
  401 , 0.482531E+09 ,    79 , 0.30105796E+08 , 0.80863097E+02 , 0.00000000E+00 , 0.00000000E+00 ,   246 , 0.30016536E+08 , 0.11446620E+03 , 0.00000000E+00 , 0.00000000E+00 , 
  402 , 0.484259E+09 ,    79 , 0.30105818E+08 , 0.80863055E+02 , 0.00000000E+00 , 0.00000000E+00 ,   246 , 0.30016543E+08 , 0.11441884E+03 , 0.00000000E+00 , 0.00000000E+00 , 
  403 , 0.485987E+09 ,    79 , 0.30105841E+08 , 0.80863013E+02 , 0.00000000E+00 , 0.00000000E+00 ,   246 , 0.30016549E+08 , 0.11437169E+03 , 0.00000000E+00 , 0.00000000E+00 , 
  404 , 0.487715E+09 ,    79 , 0.30105863E+08 , 0.80862970E+02 , 0.00000000E+00 , 0.00000000E+00 ,   246 , 0.30016556E+08 , 0.11432474E+03 , 0.00000000E+00 , 0.00000000E+00 , 
  405 , 0.489443E+09 ,    79 , 0.30105885E+08 , 0.80862929E+02 , 0.00000000E+00 , 0.00000000E+00 ,   246 , 0.30016562E+08 , 0.11427799E+03 , 0.00000000E+00 , 0.00000000E+00 , 
  406 , 0.491171E+09 ,    79 , 0.30105907E+08 , 0.80862887E+02 , 0.00000000E+00 , 0.00000000E+00 ,   246 , 0.30016568E+08 , 0.11423144E+03 , 0.00000000E+00 , 0.00000000E+00 , 
  407 , 0.492899E+09 ,    79 , 0.30105929E+08 , 0.80862845E+02 , 0.00000000E+00 , 0.00000000E+00 ,   246 , 0.30016575E+08 , 0.11418510E+03 , 0.00000000E+00 , 0.00000000E+00 , 
  408 , 0.494627E+09 ,    79 , 0.30105951E+08 , 0.80862804E+02 , 0.00000000E+00 , 0.00000000E+00 ,   246 , 0.30016581E+08 , 0.11413895E+03 , 0.00000000E+00 , 0.00000000E+00 , 
  409 , 0.496355E+09 ,    79 , 0.30105973E+08 , 0.80862763E+02 , 0.00000000E+00 , 0.00000000E+00 ,   246 , 0.30016587E+08 , 0.11409300E+03 , 0.00000000E+00 , 0.00000000E+00 , 
  410 , 0.498083E+09 ,    79 , 0.30105994E+08 , 0.80862722E+02 , 0.00000000E+00 , 0.00000000E+00 ,   246 , 0.30016594E+08 , 0.11404725E+03 , 0.00000000E+00 , 0.00000000E+00 , 
  411 , 0.499811E+09 ,    79 , 0.30106016E+08 , 0.80862682E+02 , 0.00000000E+00 , 0.00000000E+00 ,   246 , 0.30016600E+08 , 0.11400169E+03 , 0.00000000E+00 , 0.00000000E+00 , 
  412 , 0.501539E+09 ,    79 , 0.30106038E+08 , 0.80862641E+02 , 0.00000000E+00 , 0.00000000E+00 ,   246 , 0.30016606E+08 , 0.11395632E+03 , 0.00000000E+00 , 0.00000000E+00 , 
  413 , 0.503267E+09 ,    79 , 0.30106059E+08 , 0.80862601E+02 , 0.00000000E+00 , 0.00000000E+00 ,   246 , 0.30016612E+08 , 0.11391115E+03 , 0.00000000E+00 , 0.00000000E+00 , 
  414 , 0.504995E+09 ,    79 , 0.30106081E+08 , 0.80862561E+02 , 0.00000000E+00 , 0.00000000E+00 ,   246 , 0.30016619E+08 , 0.11386616E+03 , 0.00000000E+00 , 0.00000000E+00 , 
  415 , 0.506723E+09 ,    79 , 0.30106102E+08 , 0.80862521E+02 , 0.00000000E+00 , 0.00000000E+00 ,   246 , 0.30016625E+08 , 0.11382137E+03 , 0.00000000E+00 , 0.00000000E+00 , 
  416 , 0.508451E+09 ,    79 , 0.30106123E+08 , 0.80862481E+02 , 0.00000000E+00 , 0.00000000E+00 ,   246 , 0.30016631E+08 , 0.11377676E+03 , 0.00000000E+00 , 0.00000000E+00 , 
  417 , 0.510179E+09 ,    79 , 0.30106144E+08 , 0.80862442E+02 , 0.00000000E+00 , 0.00000000E+00 ,   246 , 0.30016637E+08 , 0.11373234E+03 , 0.00000000E+00 , 0.00000000E+00 , 
  418 , 0.511907E+09 ,    79 , 0.30106165E+08 , 0.80862403E+02 , 0.00000000E+00 , 0.00000000E+00 ,   246 , 0.30016643E+08 , 0.11368810E+03 , 0.00000000E+00 , 0.00000000E+00 , 
  419 , 0.513635E+09 ,    79 , 0.30106186E+08 , 0.80862364E+02 , 0.00000000E+00 , 0.00000000E+00 ,   246 , 0.30016649E+08 , 0.11364405E+03 , 0.00000000E+00 , 0.00000000E+00 , 
  420 , 0.515363E+09 ,    79 , 0.30106207E+08 , 0.80862325E+02 , 0.00000000E+00 , 0.00000000E+00 ,   246 , 0.30016655E+08 , 0.11360018E+03 , 0.00000000E+00 , 0.00000000E+00 , 
  421 , 0.517091E+09 ,    79 , 0.30106228E+08 , 0.80862286E+02 , 0.00000000E+00 , 0.00000000E+00 ,   246 , 0.30016661E+08 , 0.11355649E+03 , 0.00000000E+00 , 0.00000000E+00 , 
  422 , 0.518819E+09 ,    79 , 0.30106249E+08 , 0.80862248E+02 , 0.00000000E+00 , 0.00000000E+00 ,   246 , 0.30016667E+08 , 0.11351298E+03 , 0.00000000E+00 , 0.00000000E+00 , 
  423 , 0.520547E+09 ,    79 , 0.30106270E+08 , 0.80862210E+02 , 0.00000000E+00 , 0.00000000E+00 ,   246 , 0.30016673E+08 , 0.11346965E+03 , 0.00000000E+00 , 0.00000000E+00 , 
  424 , 0.522275E+09 ,    79 , 0.30106290E+08 , 0.80862171E+02 , 0.00000000E+00 , 0.00000000E+00 ,   246 , 0.30016679E+08 , 0.11342649E+03 , 0.00000000E+00 , 0.00000000E+00 , 
  425 , 0.524003E+09 ,    79 , 0.30106311E+08 , 0.80862134E+02 , 0.00000000E+00 , 0.00000000E+00 ,   246 , 0.30016685E+08 , 0.11338352E+03 , 0.00000000E+00 , 0.00000000E+00 , 
  426 , 0.525731E+09 ,    79 , 0.30106331E+08 , 0.80862096E+02 , 0.00000000E+00 , 0.00000000E+00 ,   246 , 0.30016691E+08 , 0.11334071E+03 , 0.00000000E+00 , 0.00000000E+00 , 
  427 , 0.527459E+09 ,    79 , 0.30106352E+08 , 0.80862058E+02 , 0.00000000E+00 , 0.00000000E+00 ,   246 , 0.30016697E+08 , 0.11329808E+03 , 0.00000000E+00 , 0.00000000E+00 , 
  428 , 0.529187E+09 ,    79 , 0.30106372E+08 , 0.80862021E+02 , 0.00000000E+00 , 0.00000000E+00 ,   246 , 0.30016703E+08 , 0.11325563E+03 , 0.00000000E+00 , 0.00000000E+00 , 
  429 , 0.530915E+09 ,    79 , 0.30106392E+08 , 0.80861984E+02 , 0.00000000E+00 , 0.00000000E+00 ,   246 , 0.30016709E+08 , 0.11321334E+03 , 0.00000000E+00 , 0.00000000E+00 , 
  430 , 0.532643E+09 ,    79 , 0.30106413E+08 , 0.80861947E+02 , 0.00000000E+00 , 0.00000000E+00 ,   246 , 0.30016715E+08 , 0.11317122E+03 , 0.00000000E+00 , 0.00000000E+00 , 
  431 , 0.534371E+09 ,    79 , 0.30106433E+08 , 0.80861910E+02 , 0.00000000E+00 , 0.00000000E+00 ,   246 , 0.30016721E+08 , 0.11312928E+03 , 0.00000000E+00 , 0.00000000E+00 , 
  432 , 0.536099E+09 ,    79 , 0.30106453E+08 , 0.80861873E+02 , 0.00000000E+00 , 0.00000000E+00 ,   246 , 0.30016726E+08 , 0.11308750E+03 , 0.00000000E+00 , 0.00000000E+00 , 
  433 , 0.537827E+09 ,    79 , 0.30106473E+08 , 0.80861837E+02 , 0.00000000E+00 , 0.00000000E+00 ,   246 , 0.30016732E+08 , 0.11304588E+03 , 0.00000000E+00 , 0.00000000E+00 , 
  434 , 0.539555E+09 ,    79 , 0.30106493E+08 , 0.80861800E+02 , 0.00000000E+00 , 0.00000000E+00 ,   246 , 0.30016738E+08 , 0.11300444E+03 , 0.00000000E+00 , 0.00000000E+00 , 
  435 , 0.541283E+09 ,    79 , 0.30106512E+08 , 0.80861764E+02 , 0.00000000E+00 , 0.00000000E+00 ,   246 , 0.30016744E+08 , 0.11296315E+03 , 0.00000000E+00 , 0.00000000E+00 , 
  436 , 0.543011E+09 ,    79 , 0.30106532E+08 , 0.80861728E+02 , 0.00000000E+00 , 0.00000000E+00 ,   246 , 0.30016750E+08 , 0.11292203E+03 , 0.00000000E+00 , 0.00000000E+00 , 
  437 , 0.544739E+09 ,    79 , 0.30106552E+08 , 0.80861692E+02 , 0.00000000E+00 , 0.00000000E+00 ,   246 , 0.30016755E+08 , 0.11288108E+03 , 0.00000000E+00 , 0.00000000E+00 , 
  438 , 0.546467E+09 ,    79 , 0.30106571E+08 , 0.80861657E+02 , 0.00000000E+00 , 0.00000000E+00 ,   246 , 0.30016761E+08 , 0.11284028E+03 , 0.00000000E+00 , 0.00000000E+00 , 
  439 , 0.548195E+09 ,    79 , 0.30106591E+08 , 0.80861621E+02 , 0.00000000E+00 , 0.00000000E+00 ,   246 , 0.30016767E+08 , 0.11279964E+03 , 0.00000000E+00 , 0.00000000E+00 , 
  440 , 0.549923E+09 ,    79 , 0.30106611E+08 , 0.80861586E+02 , 0.00000000E+00 , 0.00000000E+00 ,   246 , 0.30016772E+08 , 0.11275917E+03 , 0.00000000E+00 , 0.00000000E+00 , 
  441 , 0.551651E+09 ,    79 , 0.30106630E+08 , 0.80861551E+02 , 0.00000000E+00 , 0.00000000E+00 ,   246 , 0.30016778E+08 , 0.11271885E+03 , 0.00000000E+00 , 0.00000000E+00 , 
  442 , 0.553379E+09 ,    79 , 0.30106649E+08 , 0.80861516E+02 , 0.00000000E+00 , 0.00000000E+00 ,   246 , 0.30016784E+08 , 0.11267868E+03 , 0.00000000E+00 , 0.00000000E+00 , 
  443 , 0.555107E+09 ,    79 , 0.30106669E+08 , 0.80861481E+02 , 0.00000000E+00 , 0.00000000E+00 ,   246 , 0.30016789E+08 , 0.11263868E+03 , 0.00000000E+00 , 0.00000000E+00 , 
  444 , 0.556835E+09 ,    79 , 0.30106688E+08 , 0.80861446E+02 , 0.00000000E+00 , 0.00000000E+00 ,   246 , 0.30016795E+08 , 0.11259882E+03 , 0.00000000E+00 , 0.00000000E+00 , 
  445 , 0.558563E+09 ,    79 , 0.30106707E+08 , 0.80861412E+02 , 0.00000000E+00 , 0.00000000E+00 ,   246 , 0.30016801E+08 , 0.11255913E+03 , 0.00000000E+00 , 0.00000000E+00 , 
  446 , 0.560291E+09 ,    79 , 0.30106726E+08 , 0.80861377E+02 , 0.00000000E+00 , 0.00000000E+00 ,   246 , 0.30016806E+08 , 0.11251958E+03 , 0.00000000E+00 , 0.00000000E+00 , 
  447 , 0.562019E+09 ,    79 , 0.30106745E+08 , 0.80861343E+02 , 0.00000000E+00 , 0.00000000E+00 ,   246 , 0.30016812E+08 , 0.11248019E+03 , 0.00000000E+00 , 0.00000000E+00 , 
  448 , 0.563747E+09 ,    79 , 0.30106764E+08 , 0.80861309E+02 , 0.00000000E+00 , 0.00000000E+00 ,   246 , 0.30016817E+08 , 0.11244094E+03 , 0.00000000E+00 , 0.00000000E+00 , 
  449 , 0.565475E+09 ,    79 , 0.30106783E+08 , 0.80861275E+02 , 0.00000000E+00 , 0.00000000E+00 ,   246 , 0.30016823E+08 , 0.11240185E+03 , 0.00000000E+00 , 0.00000000E+00 , 
  450 , 0.567203E+09 ,    79 , 0.30106802E+08 , 0.80861241E+02 , 0.00000000E+00 , 0.00000000E+00 ,   246 , 0.30016828E+08 , 0.11236290E+03 , 0.00000000E+00 , 0.00000000E+00 , 
  451 , 0.568931E+09 ,    79 , 0.30106820E+08 , 0.80861208E+02 , 0.00000000E+00 , 0.00000000E+00 ,   246 , 0.30016834E+08 , 0.11232411E+03 , 0.00000000E+00 , 0.00000000E+00 , 
  452 , 0.570659E+09 ,    79 , 0.30106839E+08 , 0.80861174E+02 , 0.00000000E+00 , 0.00000000E+00 ,   246 , 0.30016839E+08 , 0.11228546E+03 , 0.00000000E+00 , 0.00000000E+00 , 
  453 , 0.572387E+09 ,    79 , 0.30106858E+08 , 0.80861141E+02 , 0.00000000E+00 , 0.00000000E+00 ,   246 , 0.30016845E+08 , 0.11224695E+03 , 0.00000000E+00 , 0.00000000E+00 , 
  454 , 0.574115E+09 ,    79 , 0.30106876E+08 , 0.80861108E+02 , 0.00000000E+00 , 0.00000000E+00 ,   246 , 0.30016850E+08 , 0.11220859E+03 , 0.00000000E+00 , 0.00000000E+00 , 
  455 , 0.575843E+09 ,    79 , 0.30106895E+08 , 0.80861075E+02 , 0.00000000E+00 , 0.00000000E+00 ,   246 , 0.30016856E+08 , 0.11217038E+03 , 0.00000000E+00 , 0.00000000E+00 , 
  456 , 0.577571E+09 ,    79 , 0.30106913E+08 , 0.80861042E+02 , 0.00000000E+00 , 0.00000000E+00 ,   246 , 0.30016861E+08 , 0.11213231E+03 , 0.00000000E+00 , 0.00000000E+00 , 
  457 , 0.579299E+09 ,    79 , 0.30106932E+08 , 0.80861009E+02 , 0.00000000E+00 , 0.00000000E+00 ,   246 , 0.30016866E+08 , 0.11209438E+03 , 0.00000000E+00 , 0.00000000E+00 , 
  458 , 0.581027E+09 ,    79 , 0.30106950E+08 , 0.80860977E+02 , 0.00000000E+00 , 0.00000000E+00 ,   246 , 0.30016872E+08 , 0.11205659E+03 , 0.00000000E+00 , 0.00000000E+00 , 
  459 , 0.582755E+09 ,    79 , 0.30106968E+08 , 0.80860944E+02 , 0.00000000E+00 , 0.00000000E+00 ,   246 , 0.30016877E+08 , 0.11201894E+03 , 0.00000000E+00 , 0.00000000E+00 , 
  460 , 0.584483E+09 ,    79 , 0.30106987E+08 , 0.80860912E+02 , 0.00000000E+00 , 0.00000000E+00 ,   246 , 0.30016882E+08 , 0.11198144E+03 , 0.00000000E+00 , 0.00000000E+00 , 
  461 , 0.586211E+09 ,    79 , 0.30107005E+08 , 0.80860880E+02 , 0.00000000E+00 , 0.00000000E+00 ,   246 , 0.30016888E+08 , 0.11194407E+03 , 0.00000000E+00 , 0.00000000E+00 , 
  462 , 0.587939E+09 ,    79 , 0.30107023E+08 , 0.80860848E+02 , 0.00000000E+00 , 0.00000000E+00 ,   246 , 0.30016893E+08 , 0.11190684E+03 , 0.00000000E+00 , 0.00000000E+00 , 
  463 , 0.589667E+09 ,    79 , 0.30107041E+08 , 0.80860816E+02 , 0.00000000E+00 , 0.00000000E+00 ,   246 , 0.30016898E+08 , 0.11186974E+03 , 0.00000000E+00 , 0.00000000E+00 , 
  464 , 0.591395E+09 ,    79 , 0.30107059E+08 , 0.80860784E+02 , 0.00000000E+00 , 0.00000000E+00 ,   246 , 0.30016904E+08 , 0.11183278E+03 , 0.00000000E+00 , 0.00000000E+00 , 
  465 , 0.593123E+09 ,    79 , 0.30107077E+08 , 0.80860752E+02 , 0.00000000E+00 , 0.00000000E+00 ,   246 , 0.30016909E+08 , 0.11179596E+03 , 0.00000000E+00 , 0.00000000E+00 , 
  466 , 0.594851E+09 ,    79 , 0.30107095E+08 , 0.80860721E+02 , 0.00000000E+00 , 0.00000000E+00 ,   246 , 0.30016914E+08 , 0.11175927E+03 , 0.00000000E+00 , 0.00000000E+00 , 
  467 , 0.596579E+09 ,    79 , 0.30107112E+08 , 0.80860689E+02 , 0.00000000E+00 , 0.00000000E+00 ,   246 , 0.30016919E+08 , 0.11172272E+03 , 0.00000000E+00 , 0.00000000E+00 , 
  468 , 0.598307E+09 ,    79 , 0.30107130E+08 , 0.80860658E+02 , 0.00000000E+00 , 0.00000000E+00 ,   246 , 0.30016925E+08 , 0.11168630E+03 , 0.00000000E+00 , 0.00000000E+00 , 
  469 , 0.600035E+09 ,    79 , 0.30107148E+08 , 0.80860627E+02 , 0.00000000E+00 , 0.00000000E+00 ,   246 , 0.30016930E+08 , 0.11165001E+03 , 0.00000000E+00 , 0.00000000E+00 , 
  470 , 0.601763E+09 ,    79 , 0.30107165E+08 , 0.80860596E+02 , 0.00000000E+00 , 0.00000000E+00 ,   246 , 0.30016935E+08 , 0.11161385E+03 , 0.00000000E+00 , 0.00000000E+00 , 
  471 , 0.603491E+09 ,    79 , 0.30107183E+08 , 0.80860565E+02 , 0.00000000E+00 , 0.00000000E+00 ,   246 , 0.30016940E+08 , 0.11157782E+03 , 0.00000000E+00 , 0.00000000E+00 , 
  472 , 0.605219E+09 ,    79 , 0.30107201E+08 , 0.80860535E+02 , 0.00000000E+00 , 0.00000000E+00 ,   246 , 0.30016945E+08 , 0.11154192E+03 , 0.00000000E+00 , 0.00000000E+00 , 
  473 , 0.606947E+09 ,    79 , 0.30107218E+08 , 0.80860504E+02 , 0.00000000E+00 , 0.00000000E+00 ,   246 , 0.30016950E+08 , 0.11150615E+03 , 0.00000000E+00 , 0.00000000E+00 , 
  474 , 0.608675E+09 ,    79 , 0.30107235E+08 , 0.80860474E+02 , 0.00000000E+00 , 0.00000000E+00 ,   246 , 0.30016956E+08 , 0.11147051E+03 , 0.00000000E+00 , 0.00000000E+00 , 
  475 , 0.610403E+09 ,    79 , 0.30107253E+08 , 0.80860443E+02 , 0.00000000E+00 , 0.00000000E+00 ,   246 , 0.30016961E+08 , 0.11143500E+03 , 0.00000000E+00 , 0.00000000E+00 , 
  476 , 0.612131E+09 ,    79 , 0.30107270E+08 , 0.80860413E+02 , 0.00000000E+00 , 0.00000000E+00 ,   246 , 0.30016966E+08 , 0.11139961E+03 , 0.00000000E+00 , 0.00000000E+00 , 
  477 , 0.613859E+09 ,    79 , 0.30107287E+08 , 0.80860383E+02 , 0.00000000E+00 , 0.00000000E+00 ,   246 , 0.30016971E+08 , 0.11136435E+03 , 0.00000000E+00 , 0.00000000E+00 , 
  478 , 0.615587E+09 ,    79 , 0.30107305E+08 , 0.80860353E+02 , 0.00000000E+00 , 0.00000000E+00 ,   246 , 0.30016976E+08 , 0.11132921E+03 , 0.00000000E+00 , 0.00000000E+00 , 
  479 , 0.617315E+09 ,    79 , 0.30107322E+08 , 0.80860323E+02 , 0.00000000E+00 , 0.00000000E+00 ,   246 , 0.30016981E+08 , 0.11129419E+03 , 0.00000000E+00 , 0.00000000E+00 , 
  480 , 0.619043E+09 ,    79 , 0.30107339E+08 , 0.80860293E+02 , 0.00000000E+00 , 0.00000000E+00 ,   246 , 0.30016986E+08 , 0.11125930E+03 , 0.00000000E+00 , 0.00000000E+00 , 
  481 , 0.620771E+09 ,    79 , 0.30107356E+08 , 0.80860264E+02 , 0.00000000E+00 , 0.00000000E+00 ,   246 , 0.30016991E+08 , 0.11122454E+03 , 0.00000000E+00 , 0.00000000E+00 , 
  482 , 0.622499E+09 ,    79 , 0.30107373E+08 , 0.80860234E+02 , 0.00000000E+00 , 0.00000000E+00 ,   246 , 0.30016996E+08 , 0.11118989E+03 , 0.00000000E+00 , 0.00000000E+00 , 
  483 , 0.624227E+09 ,    79 , 0.30107390E+08 , 0.80860205E+02 , 0.00000000E+00 , 0.00000000E+00 ,   246 , 0.30017001E+08 , 0.11115537E+03 , 0.00000000E+00 , 0.00000000E+00 , 
  484 , 0.625955E+09 ,    79 , 0.30107407E+08 , 0.80860176E+02 , 0.00000000E+00 , 0.00000000E+00 ,   246 , 0.30017006E+08 , 0.11112097E+03 , 0.00000000E+00 , 0.00000000E+00 , 
  485 , 0.627683E+09 ,    79 , 0.30107423E+08 , 0.80860147E+02 , 0.00000000E+00 , 0.00000000E+00 ,   246 , 0.30017011E+08 , 0.11108668E+03 , 0.00000000E+00 , 0.00000000E+00 , 
  486 , 0.629411E+09 ,    79 , 0.30107440E+08 , 0.80860118E+02 , 0.00000000E+00 , 0.00000000E+00 ,   246 , 0.30017016E+08 , 0.11105252E+03 , 0.00000000E+00 , 0.00000000E+00 , 
  487 , 0.631139E+09 ,    79 , 0.30107457E+08 , 0.80860089E+02 , 0.00000000E+00 , 0.00000000E+00 ,   246 , 0.30017021E+08 , 0.11101847E+03 , 0.00000000E+00 , 0.00000000E+00 , 
  488 , 0.632867E+09 ,    79 , 0.30107473E+08 , 0.80860060E+02 , 0.00000000E+00 , 0.00000000E+00 ,   246 , 0.30017026E+08 , 0.11098454E+03 , 0.00000000E+00 , 0.00000000E+00 , 
  489 , 0.634595E+09 ,    79 , 0.30107490E+08 , 0.80860031E+02 , 0.00000000E+00 , 0.00000000E+00 ,   246 , 0.30017031E+08 , 0.11095073E+03 , 0.00000000E+00 , 0.00000000E+00 , 
  490 , 0.636323E+09 ,    79 , 0.30107507E+08 , 0.80860003E+02 , 0.00000000E+00 , 0.00000000E+00 ,   246 , 0.30017036E+08 , 0.11091704E+03 , 0.00000000E+00 , 0.00000000E+00 , 
  491 , 0.638051E+09 ,    79 , 0.30107523E+08 , 0.80859974E+02 , 0.00000000E+00 , 0.00000000E+00 ,   246 , 0.30017040E+08 , 0.11088346E+03 , 0.00000000E+00 , 0.00000000E+00 , 
  492 , 0.639779E+09 ,    79 , 0.30107540E+08 , 0.80859946E+02 , 0.00000000E+00 , 0.00000000E+00 ,   246 , 0.30017045E+08 , 0.11085000E+03 , 0.00000000E+00 , 0.00000000E+00 , 
  493 , 0.641507E+09 ,    79 , 0.30107556E+08 , 0.80859918E+02 , 0.00000000E+00 , 0.00000000E+00 ,   246 , 0.30017050E+08 , 0.11081665E+03 , 0.00000000E+00 , 0.00000000E+00 , 
  494 , 0.643235E+09 ,    79 , 0.30107572E+08 , 0.80859890E+02 , 0.00000000E+00 , 0.00000000E+00 ,   246 , 0.30017055E+08 , 0.11078341E+03 , 0.00000000E+00 , 0.00000000E+00 , 
  495 , 0.644963E+09 ,    79 , 0.30107589E+08 , 0.80859862E+02 , 0.00000000E+00 , 0.00000000E+00 ,   246 , 0.30017060E+08 , 0.11075029E+03 , 0.00000000E+00 , 0.00000000E+00 , 
  496 , 0.646691E+09 ,    79 , 0.30107605E+08 , 0.80859834E+02 , 0.00000000E+00 , 0.00000000E+00 ,   246 , 0.30017065E+08 , 0.11071728E+03 , 0.00000000E+00 , 0.00000000E+00 , 
  497 , 0.648419E+09 ,    79 , 0.30107621E+08 , 0.80859806E+02 , 0.00000000E+00 , 0.00000000E+00 ,   246 , 0.30017069E+08 , 0.11068438E+03 , 0.00000000E+00 , 0.00000000E+00 , 
  498 , 0.650147E+09 ,    79 , 0.30107637E+08 , 0.80859779E+02 , 0.00000000E+00 , 0.00000000E+00 ,   246 , 0.30017074E+08 , 0.11065159E+03 , 0.00000000E+00 , 0.00000000E+00 , 
  499 , 0.651875E+09 ,    79 , 0.30107653E+08 , 0.80859751E+02 , 0.00000000E+00 , 0.00000000E+00 ,   246 , 0.30017079E+08 , 0.11061892E+03 , 0.00000000E+00 , 0.00000000E+00 , 
  500 , 0.653603E+09 ,    79 , 0.30107669E+08 , 0.80859724E+02 , 0.00000000E+00 , 0.00000000E+00 ,   246 , 0.30017084E+08 , 0.11058635E+03 , 0.00000000E+00 , 0.00000000E+00 , 
  501 , 0.655331E+09 ,    79 , 0.30107686E+08 , 0.80859696E+02 , 0.00000000E+00 , 0.00000000E+00 ,   246 , 0.30017088E+08 , 0.11055389E+03 , 0.00000000E+00 , 0.00000000E+00 , 
  502 , 0.657059E+09 ,    79 , 0.30107701E+08 , 0.80859669E+02 , 0.00000000E+00 , 0.00000000E+00 ,   246 , 0.30017093E+08 , 0.11052154E+03 , 0.00000000E+00 , 0.00000000E+00 , 
  503 , 0.658787E+09 ,    79 , 0.30107717E+08 , 0.80859642E+02 , 0.00000000E+00 , 0.00000000E+00 ,   246 , 0.30017098E+08 , 0.11048930E+03 , 0.00000000E+00 , 0.00000000E+00 , 
  504 , 0.660515E+09 ,    79 , 0.30107733E+08 , 0.80859615E+02 , 0.00000000E+00 , 0.00000000E+00 ,   246 , 0.30017103E+08 , 0.11045717E+03 , 0.00000000E+00 , 0.00000000E+00 , 
  505 , 0.662243E+09 ,    79 , 0.30107749E+08 , 0.80859588E+02 , 0.00000000E+00 , 0.00000000E+00 ,   246 , 0.30017107E+08 , 0.11042514E+03 , 0.00000000E+00 , 0.00000000E+00 , 
  506 , 0.663971E+09 ,    79 , 0.30107765E+08 , 0.80859561E+02 , 0.00000000E+00 , 0.00000000E+00 ,   246 , 0.30017112E+08 , 0.11039322E+03 , 0.00000000E+00 , 0.00000000E+00 , 
  507 , 0.665699E+09 ,    79 , 0.30107781E+08 , 0.80859535E+02 , 0.00000000E+00 , 0.00000000E+00 ,   246 , 0.30017117E+08 , 0.11036140E+03 , 0.00000000E+00 , 0.00000000E+00 , 
  508 , 0.667427E+09 ,    79 , 0.30107796E+08 , 0.80859508E+02 , 0.00000000E+00 , 0.00000000E+00 ,   246 , 0.30017121E+08 , 0.11032969E+03 , 0.00000000E+00 , 0.00000000E+00 , 
  509 , 0.669155E+09 ,    79 , 0.30107812E+08 , 0.80859481E+02 , 0.00000000E+00 , 0.00000000E+00 ,   246 , 0.30017126E+08 , 0.11029809E+03 , 0.00000000E+00 , 0.00000000E+00 , 
  510 , 0.670883E+09 ,    79 , 0.30107828E+08 , 0.80859455E+02 , 0.00000000E+00 , 0.00000000E+00 ,   246 , 0.30017131E+08 , 0.11026659E+03 , 0.00000000E+00 , 0.00000000E+00 , 
  511 , 0.672611E+09 ,    79 , 0.30107843E+08 , 0.80859429E+02 , 0.00000000E+00 , 0.00000000E+00 ,   246 , 0.30017135E+08 , 0.11023519E+03 , 0.00000000E+00 , 0.00000000E+00 , 
  512 , 0.674339E+09 ,    79 , 0.30107859E+08 , 0.80859402E+02 , 0.00000000E+00 , 0.00000000E+00 ,   246 , 0.30017140E+08 , 0.11020389E+03 , 0.00000000E+00 , 0.00000000E+00 , 
  513 , 0.676067E+09 ,    79 , 0.30107874E+08 , 0.80859376E+02 , 0.00000000E+00 , 0.00000000E+00 ,   246 , 0.30017144E+08 , 0.11017270E+03 , 0.00000000E+00 , 0.00000000E+00 , 
  514 , 0.677795E+09 ,    79 , 0.30107889E+08 , 0.80859350E+02 , 0.00000000E+00 , 0.00000000E+00 ,   246 , 0.30017149E+08 , 0.11014160E+03 , 0.00000000E+00 , 0.00000000E+00 , 
  515 , 0.679523E+09 ,    79 , 0.30107905E+08 , 0.80859324E+02 , 0.00000000E+00 , 0.00000000E+00 ,   246 , 0.30017154E+08 , 0.11011061E+03 , 0.00000000E+00 , 0.00000000E+00 , 
  516 , 0.681251E+09 ,    79 , 0.30107920E+08 , 0.80859299E+02 , 0.00000000E+00 , 0.00000000E+00 ,   246 , 0.30017158E+08 , 0.11007972E+03 , 0.00000000E+00 , 0.00000000E+00 , 
  517 , 0.682979E+09 ,    79 , 0.30107935E+08 , 0.80859273E+02 , 0.00000000E+00 , 0.00000000E+00 ,   246 , 0.30017163E+08 , 0.11004893E+03 , 0.00000000E+00 , 0.00000000E+00 , 
  518 , 0.684707E+09 ,    79 , 0.30107951E+08 , 0.80859247E+02 , 0.00000000E+00 , 0.00000000E+00 ,   246 , 0.30017167E+08 , 0.11001824E+03 , 0.00000000E+00 , 0.00000000E+00 , 
  519 , 0.686435E+09 ,    79 , 0.30107966E+08 , 0.80859222E+02 , 0.00000000E+00 , 0.00000000E+00 ,   246 , 0.30017172E+08 , 0.10998765E+03 , 0.00000000E+00 , 0.00000000E+00 , 
  520 , 0.688163E+09 ,    79 , 0.30107981E+08 , 0.80859196E+02 , 0.00000000E+00 , 0.00000000E+00 ,   246 , 0.30017176E+08 , 0.10995715E+03 , 0.00000000E+00 , 0.00000000E+00 , 
  521 , 0.689891E+09 ,    79 , 0.30107996E+08 , 0.80859171E+02 , 0.00000000E+00 , 0.00000000E+00 ,   246 , 0.30017181E+08 , 0.10992675E+03 , 0.00000000E+00 , 0.00000000E+00 , 
  522 , 0.691619E+09 ,    79 , 0.30108011E+08 , 0.80859146E+02 , 0.00000000E+00 , 0.00000000E+00 ,   246 , 0.30017185E+08 , 0.10989645E+03 , 0.00000000E+00 , 0.00000000E+00 , 
  523 , 0.693347E+09 ,    79 , 0.30108026E+08 , 0.80859120E+02 , 0.00000000E+00 , 0.00000000E+00 ,   246 , 0.30017190E+08 , 0.10986625E+03 , 0.00000000E+00 , 0.00000000E+00 , 
  524 , 0.695075E+09 ,    79 , 0.30108041E+08 , 0.80859095E+02 , 0.00000000E+00 , 0.00000000E+00 ,   246 , 0.30017194E+08 , 0.10983614E+03 , 0.00000000E+00 , 0.00000000E+00 , 
  525 , 0.696803E+09 ,    79 , 0.30108056E+08 , 0.80859070E+02 , 0.00000000E+00 , 0.00000000E+00 ,   246 , 0.30017199E+08 , 0.10980613E+03 , 0.00000000E+00 , 0.00000000E+00 , 
  526 , 0.698531E+09 ,    79 , 0.30108071E+08 , 0.80859045E+02 , 0.00000000E+00 , 0.00000000E+00 ,   246 , 0.30017203E+08 , 0.10977622E+03 , 0.00000000E+00 , 0.00000000E+00 , 
  527 , 0.700259E+09 ,    79 , 0.30108086E+08 , 0.80859021E+02 , 0.00000000E+00 , 0.00000000E+00 ,   246 , 0.30017207E+08 , 0.10974639E+03 , 0.00000000E+00 , 0.00000000E+00 , 
  528 , 0.701987E+09 ,    79 , 0.30108101E+08 , 0.80858996E+02 , 0.00000000E+00 , 0.00000000E+00 ,   246 , 0.30017212E+08 , 0.10971667E+03 , 0.00000000E+00 , 0.00000000E+00 , 
  529 , 0.703715E+09 ,    79 , 0.30108116E+08 , 0.80858971E+02 , 0.00000000E+00 , 0.00000000E+00 ,   246 , 0.30017216E+08 , 0.10968703E+03 , 0.00000000E+00 , 0.00000000E+00 , 
  530 , 0.705443E+09 ,    79 , 0.30108130E+08 , 0.80858947E+02 , 0.00000000E+00 , 0.00000000E+00 ,   246 , 0.30017221E+08 , 0.10965749E+03 , 0.00000000E+00 , 0.00000000E+00 , 
  531 , 0.707171E+09 ,    79 , 0.30108145E+08 , 0.80858922E+02 , 0.00000000E+00 , 0.00000000E+00 ,   246 , 0.30017225E+08 , 0.10962804E+03 , 0.00000000E+00 , 0.00000000E+00 , 
  532 , 0.708899E+09 ,    79 , 0.30108160E+08 , 0.80858898E+02 , 0.00000000E+00 , 0.00000000E+00 ,   246 , 0.30017229E+08 , 0.10959869E+03 , 0.00000000E+00 , 0.00000000E+00 , 
  533 , 0.710627E+09 ,    79 , 0.30108174E+08 , 0.80858874E+02 , 0.00000000E+00 , 0.00000000E+00 ,   246 , 0.30017234E+08 , 0.10956942E+03 , 0.00000000E+00 , 0.00000000E+00 , 
  534 , 0.712355E+09 ,    79 , 0.30108189E+08 , 0.80858850E+02 , 0.00000000E+00 , 0.00000000E+00 ,   246 , 0.30017238E+08 , 0.10954025E+03 , 0.00000000E+00 , 0.00000000E+00 , 
  535 , 0.714083E+09 ,    79 , 0.30108203E+08 , 0.80858825E+02 , 0.00000000E+00 , 0.00000000E+00 ,   246 , 0.30017242E+08 , 0.10951117E+03 , 0.00000000E+00 , 0.00000000E+00 , 
  536 , 0.715811E+09 ,    79 , 0.30108218E+08 , 0.80858801E+02 , 0.00000000E+00 , 0.00000000E+00 ,   246 , 0.30017247E+08 , 0.10948218E+03 , 0.00000000E+00 , 0.00000000E+00 , 
  537 , 0.717539E+09 ,    79 , 0.30108232E+08 , 0.80858777E+02 , 0.00000000E+00 , 0.00000000E+00 ,   246 , 0.30017251E+08 , 0.10945327E+03 , 0.00000000E+00 , 0.00000000E+00 , 
  538 , 0.719267E+09 ,    79 , 0.30108247E+08 , 0.80858754E+02 , 0.00000000E+00 , 0.00000000E+00 ,   246 , 0.30017255E+08 , 0.10942446E+03 , 0.00000000E+00 , 0.00000000E+00 , 
  539 , 0.720995E+09 ,    79 , 0.30108261E+08 , 0.80858730E+02 , 0.00000000E+00 , 0.00000000E+00 ,   246 , 0.30017260E+08 , 0.10939573E+03 , 0.00000000E+00 , 0.00000000E+00 , 
  540 , 0.722723E+09 ,    79 , 0.30108275E+08 , 0.80858706E+02 , 0.00000000E+00 , 0.00000000E+00 ,   246 , 0.30017264E+08 , 0.10936710E+03 , 0.00000000E+00 , 0.00000000E+00 , 
  541 , 0.724451E+09 ,    79 , 0.30108290E+08 , 0.80858683E+02 , 0.00000000E+00 , 0.00000000E+00 ,   246 , 0.30017268E+08 , 0.10933855E+03 , 0.00000000E+00 , 0.00000000E+00 , 
  542 , 0.726179E+09 ,    79 , 0.30108304E+08 , 0.80858659E+02 , 0.00000000E+00 , 0.00000000E+00 ,   246 , 0.30017272E+08 , 0.10931009E+03 , 0.00000000E+00 , 0.00000000E+00 , 
  543 , 0.727907E+09 ,    79 , 0.30108318E+08 , 0.80858636E+02 , 0.00000000E+00 , 0.00000000E+00 ,   246 , 0.30017277E+08 , 0.10928172E+03 , 0.00000000E+00 , 0.00000000E+00 , 
  544 , 0.729635E+09 ,    79 , 0.30108332E+08 , 0.80858612E+02 , 0.00000000E+00 , 0.00000000E+00 ,   246 , 0.30017281E+08 , 0.10925343E+03 , 0.00000000E+00 , 0.00000000E+00 , 
  545 , 0.731363E+09 ,    79 , 0.30108346E+08 , 0.80858589E+02 , 0.00000000E+00 , 0.00000000E+00 ,   246 , 0.30017285E+08 , 0.10922523E+03 , 0.00000000E+00 , 0.00000000E+00 , 
  546 , 0.733091E+09 ,    79 , 0.30108361E+08 , 0.80858566E+02 , 0.00000000E+00 , 0.00000000E+00 ,   246 , 0.30017289E+08 , 0.10919711E+03 , 0.00000000E+00 , 0.00000000E+00 , 
  547 , 0.734819E+09 ,    79 , 0.30108375E+08 , 0.80858543E+02 , 0.00000000E+00 , 0.00000000E+00 ,   246 , 0.30017293E+08 , 0.10916908E+03 , 0.00000000E+00 , 0.00000000E+00 , 
  548 , 0.736547E+09 ,    79 , 0.30108389E+08 , 0.80858520E+02 , 0.00000000E+00 , 0.00000000E+00 ,   246 , 0.30017298E+08 , 0.10914114E+03 , 0.00000000E+00 , 0.00000000E+00 , 
  549 , 0.738275E+09 ,    79 , 0.30108403E+08 , 0.80858497E+02 , 0.00000000E+00 , 0.00000000E+00 ,   246 , 0.30017302E+08 , 0.10911327E+03 , 0.00000000E+00 , 0.00000000E+00 , 
  550 , 0.740003E+09 ,    79 , 0.30108417E+08 , 0.80858474E+02 , 0.00000000E+00 , 0.00000000E+00 ,   246 , 0.30017306E+08 , 0.10908550E+03 , 0.00000000E+00 , 0.00000000E+00 , 
  551 , 0.741731E+09 ,    79 , 0.30108431E+08 , 0.80858451E+02 , 0.00000000E+00 , 0.00000000E+00 ,   246 , 0.30017310E+08 , 0.10905780E+03 , 0.00000000E+00 , 0.00000000E+00 , 
  552 , 0.743459E+09 ,    79 , 0.30108444E+08 , 0.80858428E+02 , 0.00000000E+00 , 0.00000000E+00 ,   246 , 0.30017314E+08 , 0.10903019E+03 , 0.00000000E+00 , 0.00000000E+00 , 
  553 , 0.745187E+09 ,    79 , 0.30108458E+08 , 0.80858406E+02 , 0.00000000E+00 , 0.00000000E+00 ,   246 , 0.30017318E+08 , 0.10900266E+03 , 0.00000000E+00 , 0.00000000E+00 , 
  554 , 0.746915E+09 ,    79 , 0.30108472E+08 , 0.80858383E+02 , 0.00000000E+00 , 0.00000000E+00 ,   246 , 0.30017323E+08 , 0.10897522E+03 , 0.00000000E+00 , 0.00000000E+00 , 
  555 , 0.748643E+09 ,    79 , 0.30108486E+08 , 0.80858361E+02 , 0.00000000E+00 , 0.00000000E+00 ,   246 , 0.30017327E+08 , 0.10894785E+03 , 0.00000000E+00 , 0.00000000E+00 , 
  556 , 0.750371E+09 ,    79 , 0.30108500E+08 , 0.80858338E+02 , 0.00000000E+00 , 0.00000000E+00 ,   246 , 0.30017331E+08 , 0.10892057E+03 , 0.00000000E+00 , 0.00000000E+00 , 
  557 , 0.752099E+09 ,    79 , 0.30108513E+08 , 0.80858316E+02 , 0.00000000E+00 , 0.00000000E+00 ,   246 , 0.30017335E+08 , 0.10889337E+03 , 0.00000000E+00 , 0.00000000E+00 , 
  558 , 0.753827E+09 ,    79 , 0.30108527E+08 , 0.80858293E+02 , 0.00000000E+00 , 0.00000000E+00 ,   246 , 0.30017339E+08 , 0.10886625E+03 , 0.00000000E+00 , 0.00000000E+00 , 
  559 , 0.755555E+09 ,    79 , 0.30108540E+08 , 0.80858271E+02 , 0.00000000E+00 , 0.00000000E+00 ,   246 , 0.30017343E+08 , 0.10883921E+03 , 0.00000000E+00 , 0.00000000E+00 , 
  560 , 0.757283E+09 ,    79 , 0.30108554E+08 , 0.80858249E+02 , 0.00000000E+00 , 0.00000000E+00 ,   246 , 0.30017347E+08 , 0.10881225E+03 , 0.00000000E+00 , 0.00000000E+00 , 
  561 , 0.759011E+09 ,    79 , 0.30108568E+08 , 0.80858227E+02 , 0.00000000E+00 , 0.00000000E+00 ,   246 , 0.30017351E+08 , 0.10878536E+03 , 0.00000000E+00 , 0.00000000E+00 , 
  562 , 0.760739E+09 ,    79 , 0.30108581E+08 , 0.80858205E+02 , 0.00000000E+00 , 0.00000000E+00 ,   246 , 0.30017355E+08 , 0.10875856E+03 , 0.00000000E+00 , 0.00000000E+00 , 
  563 , 0.762467E+09 ,    79 , 0.30108595E+08 , 0.80858183E+02 , 0.00000000E+00 , 0.00000000E+00 ,   246 , 0.30017359E+08 , 0.10873184E+03 , 0.00000000E+00 , 0.00000000E+00 , 
  564 , 0.764195E+09 ,    79 , 0.30108608E+08 , 0.80858161E+02 , 0.00000000E+00 , 0.00000000E+00 ,   246 , 0.30017363E+08 , 0.10870519E+03 , 0.00000000E+00 , 0.00000000E+00 , 
  565 , 0.765923E+09 ,    79 , 0.30108621E+08 , 0.80858140E+02 , 0.00000000E+00 , 0.00000000E+00 ,   246 , 0.30017367E+08 , 0.10867862E+03 , 0.00000000E+00 , 0.00000000E+00 , 
  566 , 0.767651E+09 ,    79 , 0.30108635E+08 , 0.80858118E+02 , 0.00000000E+00 , 0.00000000E+00 ,   246 , 0.30017371E+08 , 0.10865213E+03 , 0.00000000E+00 , 0.00000000E+00 , 
  567 , 0.769379E+09 ,    79 , 0.30108648E+08 , 0.80858096E+02 , 0.00000000E+00 , 0.00000000E+00 ,   246 , 0.30017375E+08 , 0.10862572E+03 , 0.00000000E+00 , 0.00000000E+00 , 
  568 , 0.771107E+09 ,    79 , 0.30108661E+08 , 0.80858075E+02 , 0.00000000E+00 , 0.00000000E+00 ,   246 , 0.30017379E+08 , 0.10859938E+03 , 0.00000000E+00 , 0.00000000E+00 , 
  569 , 0.772835E+09 ,    79 , 0.30108675E+08 , 0.80858053E+02 , 0.00000000E+00 , 0.00000000E+00 ,   246 , 0.30017383E+08 , 0.10857312E+03 , 0.00000000E+00 , 0.00000000E+00 , 
  570 , 0.774563E+09 ,    79 , 0.30108688E+08 , 0.80858032E+02 , 0.00000000E+00 , 0.00000000E+00 ,   246 , 0.30017387E+08 , 0.10854694E+03 , 0.00000000E+00 , 0.00000000E+00 , 
  571 , 0.776291E+09 ,    79 , 0.30108701E+08 , 0.80858011E+02 , 0.00000000E+00 , 0.00000000E+00 ,   246 , 0.30017391E+08 , 0.10852083E+03 , 0.00000000E+00 , 0.00000000E+00 , 
  572 , 0.778019E+09 ,    79 , 0.30108714E+08 , 0.80857989E+02 , 0.00000000E+00 , 0.00000000E+00 ,   246 , 0.30017395E+08 , 0.10849479E+03 , 0.00000000E+00 , 0.00000000E+00 , 
  573 , 0.779747E+09 ,    79 , 0.30108728E+08 , 0.80857968E+02 , 0.00000000E+00 , 0.00000000E+00 ,   246 , 0.30017399E+08 , 0.10846883E+03 , 0.00000000E+00 , 0.00000000E+00 , 
  574 , 0.781475E+09 ,    79 , 0.30108741E+08 , 0.80857947E+02 , 0.00000000E+00 , 0.00000000E+00 ,   246 , 0.30017403E+08 , 0.10844295E+03 , 0.00000000E+00 , 0.00000000E+00 , 
  575 , 0.783203E+09 ,    79 , 0.30108754E+08 , 0.80857926E+02 , 0.00000000E+00 , 0.00000000E+00 ,   246 , 0.30017407E+08 , 0.10841714E+03 , 0.00000000E+00 , 0.00000000E+00 , 
  576 , 0.784931E+09 ,    79 , 0.30108767E+08 , 0.80857905E+02 , 0.00000000E+00 , 0.00000000E+00 ,   246 , 0.30017411E+08 , 0.10839140E+03 , 0.00000000E+00 , 0.00000000E+00 , 
  577 , 0.786659E+09 ,    79 , 0.30108780E+08 , 0.80857884E+02 , 0.00000000E+00 , 0.00000000E+00 ,   246 , 0.30017415E+08 , 0.10836574E+03 , 0.00000000E+00 , 0.00000000E+00 , 
  578 , 0.788387E+09 ,    79 , 0.30108793E+08 , 0.80857863E+02 , 0.00000000E+00 , 0.00000000E+00 ,   246 , 0.30017419E+08 , 0.10834015E+03 , 0.00000000E+00 , 0.00000000E+00 , 
  579 , 0.790115E+09 ,    79 , 0.30108806E+08 , 0.80857842E+02 , 0.00000000E+00 , 0.00000000E+00 ,   246 , 0.30017423E+08 , 0.10831463E+03 , 0.00000000E+00 , 0.00000000E+00 , 
  580 , 0.791843E+09 ,    79 , 0.30108819E+08 , 0.80857822E+02 , 0.00000000E+00 , 0.00000000E+00 ,   246 , 0.30017426E+08 , 0.10828918E+03 , 0.00000000E+00 , 0.00000000E+00 , 
  581 , 0.793571E+09 ,    79 , 0.30108831E+08 , 0.80857801E+02 , 0.00000000E+00 , 0.00000000E+00 ,   246 , 0.30017430E+08 , 0.10826381E+03 , 0.00000000E+00 , 0.00000000E+00 , 
  582 , 0.795299E+09 ,    79 , 0.30108844E+08 , 0.80857780E+02 , 0.00000000E+00 , 0.00000000E+00 ,   246 , 0.30017434E+08 , 0.10823851E+03 , 0.00000000E+00 , 0.00000000E+00 , 
  583 , 0.797027E+09 ,    79 , 0.30108857E+08 , 0.80857760E+02 , 0.00000000E+00 , 0.00000000E+00 ,   246 , 0.30017438E+08 , 0.10821328E+03 , 0.00000000E+00 , 0.00000000E+00 , 
  584 , 0.798755E+09 ,    79 , 0.30108870E+08 , 0.80857739E+02 , 0.00000000E+00 , 0.00000000E+00 ,   246 , 0.30017442E+08 , 0.10818812E+03 , 0.00000000E+00 , 0.00000000E+00 , 
  585 , 0.800483E+09 ,    79 , 0.30108883E+08 , 0.80857719E+02 , 0.00000000E+00 , 0.00000000E+00 ,   246 , 0.30017446E+08 , 0.10816303E+03 , 0.00000000E+00 , 0.00000000E+00 , 
  586 , 0.802211E+09 ,    79 , 0.30108895E+08 , 0.80857699E+02 , 0.00000000E+00 , 0.00000000E+00 ,   246 , 0.30017450E+08 , 0.10813801E+03 , 0.00000000E+00 , 0.00000000E+00 , 
  587 , 0.803939E+09 ,    79 , 0.30108908E+08 , 0.80857678E+02 , 0.00000000E+00 , 0.00000000E+00 ,   246 , 0.30017453E+08 , 0.10811306E+03 , 0.00000000E+00 , 0.00000000E+00 , 
  588 , 0.805667E+09 ,    79 , 0.30108921E+08 , 0.80857658E+02 , 0.00000000E+00 , 0.00000000E+00 ,   246 , 0.30017457E+08 , 0.10808818E+03 , 0.00000000E+00 , 0.00000000E+00 , 
  589 , 0.807395E+09 ,    79 , 0.30108933E+08 , 0.80857638E+02 , 0.00000000E+00 , 0.00000000E+00 ,   246 , 0.30017461E+08 , 0.10806338E+03 , 0.00000000E+00 , 0.00000000E+00 , 
  590 , 0.809123E+09 ,    79 , 0.30108946E+08 , 0.80857618E+02 , 0.00000000E+00 , 0.00000000E+00 ,   246 , 0.30017465E+08 , 0.10803863E+03 , 0.00000000E+00 , 0.00000000E+00 , 
  591 , 0.810851E+09 ,    79 , 0.30108958E+08 , 0.80857598E+02 , 0.00000000E+00 , 0.00000000E+00 ,   246 , 0.30017469E+08 , 0.10801396E+03 , 0.00000000E+00 , 0.00000000E+00 , 
  592 , 0.812579E+09 ,    79 , 0.30108971E+08 , 0.80857578E+02 , 0.00000000E+00 , 0.00000000E+00 ,   246 , 0.30017472E+08 , 0.10798936E+03 , 0.00000000E+00 , 0.00000000E+00 , 
  593 , 0.814307E+09 ,    79 , 0.30108983E+08 , 0.80857558E+02 , 0.00000000E+00 , 0.00000000E+00 ,   246 , 0.30017476E+08 , 0.10796482E+03 , 0.00000000E+00 , 0.00000000E+00 , 
  594 , 0.816035E+09 ,    79 , 0.30108996E+08 , 0.80857538E+02 , 0.00000000E+00 , 0.00000000E+00 ,   246 , 0.30017480E+08 , 0.10794036E+03 , 0.00000000E+00 , 0.00000000E+00 , 
  595 , 0.817763E+09 ,    79 , 0.30109008E+08 , 0.80857519E+02 , 0.00000000E+00 , 0.00000000E+00 ,   246 , 0.30017484E+08 , 0.10791596E+03 , 0.00000000E+00 , 0.00000000E+00 , 
  596 , 0.819491E+09 ,    79 , 0.30109021E+08 , 0.80857499E+02 , 0.00000000E+00 , 0.00000000E+00 ,   246 , 0.30017487E+08 , 0.10789162E+03 , 0.00000000E+00 , 0.00000000E+00 , 
  597 , 0.821219E+09 ,    79 , 0.30109033E+08 , 0.80857479E+02 , 0.00000000E+00 , 0.00000000E+00 ,   246 , 0.30017491E+08 , 0.10786736E+03 , 0.00000000E+00 , 0.00000000E+00 , 
  598 , 0.822947E+09 ,    79 , 0.30109045E+08 , 0.80857460E+02 , 0.00000000E+00 , 0.00000000E+00 ,   246 , 0.30017495E+08 , 0.10784316E+03 , 0.00000000E+00 , 0.00000000E+00 , 
  599 , 0.824675E+09 ,    79 , 0.30109058E+08 , 0.80857440E+02 , 0.00000000E+00 , 0.00000000E+00 ,   246 , 0.30017498E+08 , 0.10781902E+03 , 0.00000000E+00 , 0.00000000E+00 , 
  600 , 0.826403E+09 ,    79 , 0.30109070E+08 , 0.80857421E+02 , 0.00000000E+00 , 0.00000000E+00 ,   246 , 0.30017502E+08 , 0.10779496E+03 , 0.00000000E+00 , 0.00000000E+00 , 
  601 , 0.828131E+09 ,    79 , 0.30109082E+08 , 0.80857401E+02 , 0.00000000E+00 , 0.00000000E+00 ,   246 , 0.30017506E+08 , 0.10777095E+03 , 0.00000000E+00 , 0.00000000E+00 , 
  602 , 0.829859E+09 ,    79 , 0.30109094E+08 , 0.80857382E+02 , 0.00000000E+00 , 0.00000000E+00 ,   246 , 0.30017509E+08 , 0.10774702E+03 , 0.00000000E+00 , 0.00000000E+00 , 
  603 , 0.831587E+09 ,    79 , 0.30109107E+08 , 0.80857363E+02 , 0.00000000E+00 , 0.00000000E+00 ,   246 , 0.30017513E+08 , 0.10772314E+03 , 0.00000000E+00 , 0.00000000E+00 , 
  604 , 0.833315E+09 ,    79 , 0.30109119E+08 , 0.80857343E+02 , 0.00000000E+00 , 0.00000000E+00 ,   246 , 0.30017517E+08 , 0.10769934E+03 , 0.00000000E+00 , 0.00000000E+00 , 
  605 , 0.835043E+09 ,    79 , 0.30109131E+08 , 0.80857324E+02 , 0.00000000E+00 , 0.00000000E+00 ,   246 , 0.30017520E+08 , 0.10767559E+03 , 0.00000000E+00 , 0.00000000E+00 , 
  606 , 0.836771E+09 ,    79 , 0.30109143E+08 , 0.80857305E+02 , 0.00000000E+00 , 0.00000000E+00 ,   246 , 0.30017524E+08 , 0.10765191E+03 , 0.00000000E+00 , 0.00000000E+00 , 
  607 , 0.838499E+09 ,    79 , 0.30109155E+08 , 0.80857286E+02 , 0.00000000E+00 , 0.00000000E+00 ,   246 , 0.30017528E+08 , 0.10762830E+03 , 0.00000000E+00 , 0.00000000E+00 , 
  608 , 0.840227E+09 ,    79 , 0.30109167E+08 , 0.80857267E+02 , 0.00000000E+00 , 0.00000000E+00 ,   246 , 0.30017531E+08 , 0.10760475E+03 , 0.00000000E+00 , 0.00000000E+00 , 
  609 , 0.841955E+09 ,    79 , 0.30109179E+08 , 0.80857248E+02 , 0.00000000E+00 , 0.00000000E+00 ,   246 , 0.30017535E+08 , 0.10758126E+03 , 0.00000000E+00 , 0.00000000E+00 , 
  610 , 0.843683E+09 ,    79 , 0.30109191E+08 , 0.80857229E+02 , 0.00000000E+00 , 0.00000000E+00 ,   246 , 0.30017539E+08 , 0.10755783E+03 , 0.00000000E+00 , 0.00000000E+00 , 
  611 , 0.845411E+09 ,    79 , 0.30109203E+08 , 0.80857210E+02 , 0.00000000E+00 , 0.00000000E+00 ,   246 , 0.30017542E+08 , 0.10753447E+03 , 0.00000000E+00 , 0.00000000E+00 , 
  612 , 0.847139E+09 ,    79 , 0.30109215E+08 , 0.80857191E+02 , 0.00000000E+00 , 0.00000000E+00 ,   246 , 0.30017546E+08 , 0.10751117E+03 , 0.00000000E+00 , 0.00000000E+00 , 
  613 , 0.848867E+09 ,    79 , 0.30109227E+08 , 0.80857173E+02 , 0.00000000E+00 , 0.00000000E+00 ,   246 , 0.30017549E+08 , 0.10748793E+03 , 0.00000000E+00 , 0.00000000E+00 , 
  614 , 0.850595E+09 ,    79 , 0.30109239E+08 , 0.80857154E+02 , 0.00000000E+00 , 0.00000000E+00 ,   246 , 0.30017553E+08 , 0.10746475E+03 , 0.00000000E+00 , 0.00000000E+00 , 
  615 , 0.852323E+09 ,    79 , 0.30109251E+08 , 0.80857136E+02 , 0.00000000E+00 , 0.00000000E+00 ,   246 , 0.30017557E+08 , 0.10744164E+03 , 0.00000000E+00 , 0.00000000E+00 , 
  616 , 0.854051E+09 ,    79 , 0.30109263E+08 , 0.80857117E+02 , 0.00000000E+00 , 0.00000000E+00 ,   246 , 0.30017560E+08 , 0.10741859E+03 , 0.00000000E+00 , 0.00000000E+00 , 
  617 , 0.855779E+09 ,    79 , 0.30109274E+08 , 0.80857098E+02 , 0.00000000E+00 , 0.00000000E+00 ,   246 , 0.30017564E+08 , 0.10739559E+03 , 0.00000000E+00 , 0.00000000E+00 , 
  618 , 0.857507E+09 ,    79 , 0.30109286E+08 , 0.80857080E+02 , 0.00000000E+00 , 0.00000000E+00 ,   246 , 0.30017567E+08 , 0.10737266E+03 , 0.00000000E+00 , 0.00000000E+00 , 
  619 , 0.859235E+09 ,    79 , 0.30109298E+08 , 0.80857062E+02 , 0.00000000E+00 , 0.00000000E+00 ,   246 , 0.30017571E+08 , 0.10734979E+03 , 0.00000000E+00 , 0.00000000E+00 , 
  620 , 0.860963E+09 ,    79 , 0.30109310E+08 , 0.80857043E+02 , 0.00000000E+00 , 0.00000000E+00 ,   246 , 0.30017574E+08 , 0.10732698E+03 , 0.00000000E+00 , 0.00000000E+00 , 
  621 , 0.862691E+09 ,    79 , 0.30109321E+08 , 0.80857025E+02 , 0.00000000E+00 , 0.00000000E+00 ,   246 , 0.30017578E+08 , 0.10730422E+03 , 0.00000000E+00 , 0.00000000E+00 , 
  622 , 0.864000E+09 ,    79 , 0.30109330E+08 , 0.80857011E+02 , 0.00000000E+00 , 0.00000000E+00 ,   246 , 0.30017581E+08 , 0.10728702E+03 , 0.00000000E+00 , 0.00000000E+00 , 
