  100 , 0.433000E+04 ,    79 , 0.1500E+02 , 0.3623E+06 , 0.0000E+00 , 0.0000E+00 , 0.0000E+00 ,   246 , -.1508E+02 , 0.7981E+06 , 0.0000E+00 , 0.0000E+00 , 0.3000E+08 , 
  101 , 0.435000E+04 ,    79 , 0.1500E+02 , 0.3623E+06 , 0.0000E+00 , 0.0000E+00 , 0.0000E+00 ,   246 , -.1507E+02 , 0.7981E+06 , 0.0000E+00 , 0.0000E+00 , 0.3000E+08 , 
  102 , 0.439000E+04 ,    79 , 0.1500E+02 , 0.3623E+06 , 0.0000E+00 , 0.0000E+00 , 0.0000E+00 ,   246 , -.1507E+02 , 0.7981E+06 , 0.0000E+00 , 0.0000E+00 , 0.3000E+08 , 
  103 , 0.447000E+04 ,    79 , 0.1500E+02 , 0.3623E+06 , 0.0000E+00 , 0.0000E+00 , 0.0000E+00 ,   246 , -.1505E+02 , 0.7981E+06 , 0.0000E+00 , 0.0000E+00 , 0.3000E+08 , 
  104 , 0.463000E+04 ,    79 , 0.1500E+02 , 0.3623E+06 , 0.0000E+00 , 0.0000E+00 , 0.0000E+00 ,   246 , -.1503E+02 , 0.7981E+06 , 0.0000E+00 , 0.0000E+00 , 0.3000E+08 , 
  105 , 0.495000E+04 ,    79 , 0.1500E+02 , 0.3623E+06 , 0.0000E+00 , 0.0000E+00 , 0.0000E+00 ,   246 , -.1501E+02 , 0.7981E+06 , 0.0000E+00 , 0.0000E+00 , 0.3000E+08 , 
  106 , 0.559000E+04 ,    79 , 0.1500E+02 , 0.3623E+06 , 0.0000E+00 , 0.0000E+00 , 0.0000E+00 ,   246 , -.1500E+02 , 0.7981E+06 , 0.0000E+00 , 0.0000E+00 , 0.3000E+08 , 
  107 , 0.687000E+04 ,    79 , 0.1500E+02 , 0.3623E+06 , 0.0000E+00 , 0.0000E+00 , 0.0000E+00 ,   246 , -.1499E+02 , 0.7981E+06 , 0.0000E+00 , 0.0000E+00 , 0.3000E+08 , 
  108 , 0.864000E+04 ,    79 , 0.1500E+02 , 0.3623E+06 , 0.0000E+00 , 0.0000E+00 , 0.0000E+00 ,   246 , -.1499E+02 , 0.7981E+06 , 0.0000E+00 , 0.0000E+00 , 0.3000E+08 , 
  109 , 0.121800E+05 ,    79 , 0.1500E+02 , 0.3623E+06 , 0.0000E+00 , 0.0000E+00 , 0.0000E+00 ,   246 , -.1499E+02 , 0.7981E+06 , 0.0000E+00 , 0.0000E+00 , 0.3000E+08 , 
  110 , 0.192600E+05 ,    79 , 0.1500E+02 , 0.3623E+06 , 0.0000E+00 , 0.0000E+00 , 0.0000E+00 ,   246 , -.1499E+02 , 0.7981E+06 , 0.0000E+00 , 0.0000E+00 , 0.3000E+08 , 
  111 , 0.334200E+05 ,    79 , 0.1500E+02 , 0.3623E+06 , 0.0000E+00 , 0.0000E+00 , 0.0000E+00 ,   246 , -.1500E+02 , 0.7981E+06 , 0.0000E+00 , 0.0000E+00 , 0.3000E+08 , 
  112 , 0.617400E+05 ,    79 , 0.1500E+02 , 0.3623E+06 , 0.0000E+00 , 0.0000E+00 , 0.0000E+00 ,   246 , -.1500E+02 , 0.7981E+06 , 0.0000E+00 , 0.0000E+00 , 0.3000E+08 , 
  113 , 0.864000E+05 ,    79 , 0.1500E+02 , 0.3623E+06 , 0.0000E+00 , 0.0000E+00 , 0.0000E+00 ,   246 , -.1500E+02 , 0.7981E+06 , 0.0000E+00 , 0.0000E+00 , 0.3000E+08 , 
  114 , 0.135720E+06 ,    79 , 0.1500E+02 , 0.3623E+06 , 0.0000E+00 , 0.0000E+00 , 0.0000E+00 ,   246 , -.1500E+02 , 0.7980E+06 , 0.0000E+00 , 0.0000E+00 , 0.3000E+08 , 
  115 , 0.234360E+06 ,    79 , 0.1500E+02 , 0.3623E+06 , 0.0000E+00 , 0.0000E+00 , 0.0000E+00 ,   246 , -.1500E+02 , 0.7979E+06 , 0.0000E+00 , 0.0000E+00 , 0.3000E+08 , 
  116 , 0.431640E+06 ,    79 , 0.1500E+02 , 0.3623E+06 , 0.0000E+00 , 0.0000E+00 , 0.0000E+00 ,   246 , -.1500E+02 , 0.7973E+06 , 0.0000E+00 , 0.0000E+00 , 0.3000E+08 , 
  117 , 0.826200E+06 ,    79 , 0.1500E+02 , 0.3623E+06 , 0.0000E+00 , 0.0000E+00 , 0.0000E+00 ,   246 , -.1500E+02 , 0.7950E+06 , 0.0000E+00 , 0.0000E+00 , 0.3000E+08 , 
  118 , 0.161532E+07 ,    79 , 0.1500E+02 , 0.3623E+06 , 0.0000E+00 , 0.0000E+00 , 0.0000E+00 ,   246 , -.1500E+02 , 0.7886E+06 , 0.0000E+00 , 0.0000E+00 , 0.3000E+08 , 
  119 , 0.319356E+07 ,    79 , 0.1500E+02 , 0.3623E+06 , 0.0000E+00 , 0.0000E+00 , 0.0000E+00 ,   246 , -.1500E+02 , 0.7753E+06 , 0.0000E+00 , 0.0000E+00 , 0.3000E+08 , 
  120 , 0.492156E+07 ,    79 , 0.1500E+02 , 0.3623E+06 , 0.0000E+00 , 0.0000E+00 , 0.0000E+00 ,   246 , -.1500E+02 , 0.7625E+06 , 0.0000E+00 , 0.0000E+00 , 0.3000E+08 , 
  121 , 0.664956E+07 ,    79 , 0.1500E+02 , 0.3623E+06 , 0.0000E+00 , 0.0000E+00 , 0.0000E+00 ,   246 , -.1500E+02 , 0.7515E+06 , 0.0000E+00 , 0.0000E+00 , 0.3000E+08 , 
  122 , 0.837756E+07 ,    79 , 0.1500E+02 , 0.3623E+06 , 0.0000E+00 , 0.0000E+00 , 0.0000E+00 ,   246 , -.1500E+02 , 0.7419E+06 , 0.0000E+00 , 0.0000E+00 , 0.3000E+08 , 
  123 , 0.864000E+07 ,    79 , 0.1500E+02 , 0.3623E+06 , 0.0000E+00 , 0.0000E+00 , 0.0000E+00 ,   246 , -.1500E+02 , 0.7405E+06 , 0.0000E+00 , 0.0000E+00 , 0.3000E+08 , 
  124 , 0.916488E+07 ,    79 , 0.1500E+02 , 0.3623E+06 , 0.0000E+00 , 0.0000E+00 , 0.0000E+00 ,   246 , -.1500E+02 , 0.7378E+06 , 0.0000E+00 , 0.0000E+00 , 0.3000E+08 , 
  125 , 0.102146E+08 ,    79 , 0.1500E+02 , 0.3623E+06 , 0.0000E+00 , 0.0000E+00 , 0.0000E+00 ,   246 , -.1500E+02 , 0.7328E+06 , 0.0000E+00 , 0.0000E+00 , 0.3000E+08 , 
  126 , 0.119426E+08 ,    79 , 0.1500E+02 , 0.3623E+06 , 0.0000E+00 , 0.0000E+00 , 0.0000E+00 ,   246 , -.1500E+02 , 0.7254E+06 , 0.0000E+00 , 0.0000E+00 , 0.3000E+08 , 
  127 , 0.136706E+08 ,    79 , 0.1500E+02 , 0.3623E+06 , 0.0000E+00 , 0.0000E+00 , 0.0000E+00 ,   246 , -.1500E+02 , 0.7186E+06 , 0.0000E+00 , 0.0000E+00 , 0.3000E+08 , 
  128 , 0.153986E+08 ,    79 , 0.1500E+02 , 0.3623E+06 , 0.0000E+00 , 0.0000E+00 , 0.0000E+00 ,   246 , -.1500E+02 , 0.7124E+06 , 0.0000E+00 , 0.0000E+00 , 0.3000E+08 , 
  129 , 0.171266E+08 ,    79 , 0.1500E+02 , 0.3623E+06 , 0.0000E+00 , 0.0000E+00 , 0.0000E+00 ,   246 , -.1500E+02 , 0.7067E+06 , 0.0000E+00 , 0.0000E+00 , 0.3000E+08 , 
  130 , 0.188546E+08 ,    79 , 0.1500E+02 , 0.3623E+06 , 0.0000E+00 , 0.0000E+00 , 0.0000E+00 ,   246 , -.1500E+02 , 0.7014E+06 , 0.0000E+00 , 0.0000E+00 , 0.3000E+08 , 
  131 , 0.205826E+08 ,    79 , 0.1500E+02 , 0.3623E+06 , 0.0000E+00 , 0.0000E+00 , 0.0000E+00 ,   246 , -.1500E+02 , 0.6965E+06 , 0.0000E+00 , 0.0000E+00 , 0.3000E+08 , 
  132 , 0.223106E+08 ,    79 , 0.1500E+02 , 0.3623E+06 , 0.0000E+00 , 0.0000E+00 , 0.0000E+00 ,   246 , -.1500E+02 , 0.6919E+06 , 0.0000E+00 , 0.0000E+00 , 0.3000E+08 , 
  133 , 0.240386E+08 ,    79 , 0.1500E+02 , 0.3623E+06 , 0.0000E+00 , 0.0000E+00 , 0.0000E+00 ,   246 , -.1500E+02 , 0.6876E+06 , 0.0000E+00 , 0.0000E+00 , 0.3000E+08 , 
  134 , 0.257666E+08 ,    79 , 0.1500E+02 , 0.3623E+06 , 0.0000E+00 , 0.0000E+00 , 0.0000E+00 ,   246 , -.1500E+02 , 0.6836E+06 , 0.0000E+00 , 0.0000E+00 , 0.3000E+08 , 
  135 , 0.274946E+08 ,    79 , 0.1500E+02 , 0.3623E+06 , 0.0000E+00 , 0.0000E+00 , 0.0000E+00 ,   246 , -.1500E+02 , 0.6798E+06 , 0.0000E+00 , 0.0000E+00 , 0.3000E+08 , 
  136 , 0.292226E+08 ,    79 , 0.1500E+02 , 0.3623E+06 , 0.0000E+00 , 0.0000E+00 , 0.0000E+00 ,   246 , -.1500E+02 , 0.6762E+06 , 0.0000E+00 , 0.0000E+00 , 0.3000E+08 , 
  137 , 0.309506E+08 ,    79 , 0.1500E+02 , 0.3623E+06 , 0.0000E+00 , 0.0000E+00 , 0.0000E+00 ,   246 , -.1500E+02 , 0.6727E+06 , 0.0000E+00 , 0.0000E+00 , 0.3000E+08 , 
  138 , 0.326786E+08 ,    79 , 0.1500E+02 , 0.3623E+06 , 0.0000E+00 , 0.0000E+00 , 0.0000E+00 ,   246 , -.1500E+02 , 0.6695E+06 , 0.0000E+00 , 0.0000E+00 , 0.3000E+08 , 
  139 , 0.344066E+08 ,    79 , 0.1500E+02 , 0.3623E+06 , 0.0000E+00 , 0.0000E+00 , 0.0000E+00 ,   246 , -.1500E+02 , 0.6664E+06 , 0.0000E+00 , 0.0000E+00 , 0.3000E+08 , 
  140 , 0.361346E+08 ,    79 , 0.1500E+02 , 0.3623E+06 , 0.0000E+00 , 0.0000E+00 , 0.0000E+00 ,   246 , -.1500E+02 , 0.6634E+06 , 0.0000E+00 , 0.0000E+00 , 0.3000E+08 , 
  141 , 0.378626E+08 ,    79 , 0.1500E+02 , 0.3623E+06 , 0.0000E+00 , 0.0000E+00 , 0.0000E+00 ,   246 , -.1500E+02 , 0.6605E+06 , 0.0000E+00 , 0.0000E+00 , 0.3000E+08 , 
  142 , 0.395906E+08 ,    79 , 0.1500E+02 , 0.3623E+06 , 0.0000E+00 , 0.0000E+00 , 0.0000E+00 ,   246 , -.1500E+02 , 0.6578E+06 , 0.0000E+00 , 0.0000E+00 , 0.3000E+08 , 
  143 , 0.413186E+08 ,    79 , 0.1500E+02 , 0.3623E+06 , 0.0000E+00 , 0.0000E+00 , 0.0000E+00 ,   246 , -.1500E+02 , 0.6551E+06 , 0.0000E+00 , 0.0000E+00 , 0.3000E+08 , 
  144 , 0.430466E+08 ,    79 , 0.1500E+02 , 0.3623E+06 , 0.0000E+00 , 0.0000E+00 , 0.0000E+00 ,   246 , -.1500E+02 , 0.6526E+06 , 0.0000E+00 , 0.0000E+00 , 0.3000E+08 , 
  145 , 0.447746E+08 ,    79 , 0.1500E+02 , 0.3623E+06 , 0.0000E+00 , 0.0000E+00 , 0.0000E+00 ,   246 , -.1500E+02 , 0.6502E+06 , 0.0000E+00 , 0.0000E+00 , 0.3000E+08 , 
  146 , 0.465026E+08 ,    79 , 0.1500E+02 , 0.3623E+06 , 0.0000E+00 , 0.0000E+00 , 0.0000E+00 ,   246 , -.1500E+02 , 0.6478E+06 , 0.0000E+00 , 0.0000E+00 , 0.3000E+08 , 
  147 , 0.482306E+08 ,    79 , 0.1500E+02 , 0.3623E+06 , 0.0000E+00 , 0.0000E+00 , 0.0000E+00 ,   246 , -.1500E+02 , 0.6455E+06 , 0.0000E+00 , 0.0000E+00 , 0.3000E+08 , 
  148 , 0.499586E+08 ,    79 , 0.1500E+02 , 0.3623E+06 , 0.0000E+00 , 0.0000E+00 , 0.0000E+00 ,   246 , -.1500E+02 , 0.6433E+06 , 0.0000E+00 , 0.0000E+00 , 0.3000E+08 , 
  149 , 0.516866E+08 ,    79 , 0.1500E+02 , 0.3623E+06 , 0.0000E+00 , 0.0000E+00 , 0.0000E+00 ,   246 , -.1500E+02 , 0.6412E+06 , 0.0000E+00 , 0.0000E+00 , 0.3000E+08 , 
  150 , 0.534146E+08 ,    79 , 0.1500E+02 , 0.3623E+06 , 0.0000E+00 , 0.0000E+00 , 0.0000E+00 ,   246 , -.1500E+02 , 0.6391E+06 , 0.0000E+00 , 0.0000E+00 , 0.3000E+08 , 
  151 , 0.551426E+08 ,    79 , 0.1500E+02 , 0.3623E+06 , 0.0000E+00 , 0.0000E+00 , 0.0000E+00 ,   246 , -.1500E+02 , 0.6371E+06 , 0.0000E+00 , 0.0000E+00 , 0.3000E+08 , 
  152 , 0.568706E+08 ,    79 , 0.1500E+02 , 0.3623E+06 , 0.0000E+00 , 0.0000E+00 , 0.0000E+00 ,   246 , -.1500E+02 , 0.6351E+06 , 0.0000E+00 , 0.0000E+00 , 0.3000E+08 , 
  153 , 0.585986E+08 ,    79 , 0.1500E+02 , 0.3623E+06 , 0.0000E+00 , 0.0000E+00 , 0.0000E+00 ,   246 , -.1500E+02 , 0.6332E+06 , 0.0000E+00 , 0.0000E+00 , 0.3000E+08 , 
  154 , 0.603266E+08 ,    79 , 0.1500E+02 , 0.3623E+06 , 0.0000E+00 , 0.0000E+00 , 0.0000E+00 ,   246 , -.1500E+02 , 0.6314E+06 , 0.0000E+00 , 0.0000E+00 , 0.3000E+08 , 
  155 , 0.620546E+08 ,    79 , 0.1500E+02 , 0.3623E+06 , 0.0000E+00 , 0.0000E+00 , 0.0000E+00 ,   246 , -.1500E+02 , 0.6296E+06 , 0.0000E+00 , 0.0000E+00 , 0.3000E+08 , 
  156 , 0.637826E+08 ,    79 , 0.1500E+02 , 0.3623E+06 , 0.0000E+00 , 0.0000E+00 , 0.0000E+00 ,   246 , -.1500E+02 , 0.6279E+06 , 0.0000E+00 , 0.0000E+00 , 0.3000E+08 , 
  157 , 0.655106E+08 ,    79 , 0.1500E+02 , 0.3623E+06 , 0.0000E+00 , 0.0000E+00 , 0.0000E+00 ,   246 , -.1500E+02 , 0.6262E+06 , 0.0000E+00 , 0.0000E+00 , 0.3000E+08 , 
  158 , 0.672386E+08 ,    79 , 0.1500E+02 , 0.3623E+06 , 0.0000E+00 , 0.0000E+00 , 0.0000E+00 ,   246 , -.1500E+02 , 0.6245E+06 , 0.0000E+00 , 0.0000E+00 , 0.3000E+08 , 
  159 , 0.689666E+08 ,    79 , 0.1500E+02 , 0.3623E+06 , 0.0000E+00 , 0.0000E+00 , 0.0000E+00 ,   246 , -.1500E+02 , 0.6229E+06 , 0.0000E+00 , 0.0000E+00 , 0.3000E+08 , 
  160 , 0.706946E+08 ,    79 , 0.1500E+02 , 0.3623E+06 , 0.0000E+00 , 0.0000E+00 , 0.0000E+00 ,   246 , -.1500E+02 , 0.6213E+06 , 0.0000E+00 , 0.0000E+00 , 0.3000E+08 , 
  161 , 0.724226E+08 ,    79 , 0.1500E+02 , 0.3623E+06 , 0.0000E+00 , 0.0000E+00 , 0.0000E+00 ,   246 , -.1500E+02 , 0.6197E+06 , 0.0000E+00 , 0.0000E+00 , 0.3000E+08 , 
  162 , 0.741506E+08 ,    79 , 0.1500E+02 , 0.3623E+06 , 0.0000E+00 , 0.0000E+00 , 0.0000E+00 ,   246 , -.1500E+02 , 0.6182E+06 , 0.0000E+00 , 0.0000E+00 , 0.3000E+08 , 
  163 , 0.758786E+08 ,    79 , 0.1500E+02 , 0.3623E+06 , 0.0000E+00 , 0.0000E+00 , 0.0000E+00 ,   246 , -.1500E+02 , 0.6168E+06 , 0.0000E+00 , 0.0000E+00 , 0.3000E+08 , 
  164 , 0.776066E+08 ,    79 , 0.1500E+02 , 0.3623E+06 , 0.0000E+00 , 0.0000E+00 , 0.0000E+00 ,   246 , -.1500E+02 , 0.6153E+06 , 0.0000E+00 , 0.0000E+00 , 0.3000E+08 , 
  165 , 0.793346E+08 ,    79 , 0.1500E+02 , 0.3623E+06 , 0.0000E+00 , 0.0000E+00 , 0.0000E+00 ,   246 , -.1500E+02 , 0.6139E+06 , 0.0000E+00 , 0.0000E+00 , 0.3000E+08 , 
  166 , 0.810626E+08 ,    79 , 0.1500E+02 , 0.3623E+06 , 0.0000E+00 , 0.0000E+00 , 0.0000E+00 ,   246 , -.1500E+02 , 0.6125E+06 , 0.0000E+00 , 0.0000E+00 , 0.3000E+08 , 
  167 , 0.827906E+08 ,    79 , 0.1500E+02 , 0.3623E+06 , 0.0000E+00 , 0.0000E+00 , 0.0000E+00 ,   246 , -.1500E+02 , 0.6111E+06 , 0.0000E+00 , 0.0000E+00 , 0.3000E+08 , 
  168 , 0.845186E+08 ,    79 , 0.1500E+02 , 0.3623E+06 , 0.0000E+00 , 0.0000E+00 , 0.0000E+00 ,   246 , -.1500E+02 , 0.6098E+06 , 0.0000E+00 , 0.0000E+00 , 0.3000E+08 , 
  169 , 0.862466E+08 ,    79 , 0.1500E+02 , 0.3623E+06 , 0.0000E+00 , 0.0000E+00 , 0.0000E+00 ,   246 , -.1500E+02 , 0.6085E+06 , 0.0000E+00 , 0.0000E+00 , 0.3000E+08 , 
  170 , 0.864000E+08 ,    79 , 0.1500E+02 , 0.3623E+06 , 0.0000E+00 , 0.0000E+00 , 0.0000E+00 ,   246 , -.1500E+02 , 0.6084E+06 , 0.0000E+00 , 0.0000E+00 , 0.3000E+08 , 
  171 , 0.867067E+08 ,    79 , 0.1500E+02 , 0.3623E+06 , 0.0000E+00 , 0.0000E+00 , 0.0000E+00 ,   246 , -.1500E+02 , 0.6082E+06 , 0.0000E+00 , 0.0000E+00 , 0.3000E+08 , 
  172 , 0.873202E+08 ,    79 , 0.1500E+02 , 0.3623E+06 , 0.0000E+00 , 0.0000E+00 , 0.0000E+00 ,   246 , -.1500E+02 , 0.6077E+06 , 0.0000E+00 , 0.0000E+00 , 0.3000E+08 , 
  173 , 0.885470E+08 ,    79 , 0.1500E+02 , 0.3623E+06 , 0.0000E+00 , 0.0000E+00 , 0.0000E+00 ,   246 , -.1500E+02 , 0.6068E+06 , 0.0000E+00 , 0.0000E+00 , 0.3000E+08 , 
  174 , 0.902750E+08 ,    79 , 0.1500E+02 , 0.3623E+06 , 0.0000E+00 , 0.0000E+00 , 0.0000E+00 ,   246 , -.1500E+02 , 0.6056E+06 , 0.0000E+00 , 0.0000E+00 , 0.3000E+08 , 
  175 , 0.920030E+08 ,    79 , 0.1500E+02 , 0.3623E+06 , 0.0000E+00 , 0.0000E+00 , 0.0000E+00 ,   246 , -.1500E+02 , 0.6043E+06 , 0.0000E+00 , 0.0000E+00 , 0.3000E+08 , 
  176 , 0.937310E+08 ,    79 , 0.1500E+02 , 0.3623E+06 , 0.0000E+00 , 0.0000E+00 , 0.0000E+00 ,   246 , -.1500E+02 , 0.6031E+06 , 0.0000E+00 , 0.0000E+00 , 0.3000E+08 , 
  177 , 0.954590E+08 ,    79 , 0.1500E+02 , 0.3623E+06 , 0.0000E+00 , 0.0000E+00 , 0.0000E+00 ,   246 , -.1500E+02 , 0.6020E+06 , 0.0000E+00 , 0.0000E+00 , 0.3000E+08 , 
  178 , 0.971870E+08 ,    79 , 0.1500E+02 , 0.3623E+06 , 0.0000E+00 , 0.0000E+00 , 0.0000E+00 ,   246 , -.1500E+02 , 0.6008E+06 , 0.0000E+00 , 0.0000E+00 , 0.3000E+08 , 
  179 , 0.989150E+08 ,    79 , 0.1500E+02 , 0.3623E+06 , 0.0000E+00 , 0.0000E+00 , 0.0000E+00 ,   246 , -.1500E+02 , 0.5997E+06 , 0.0000E+00 , 0.0000E+00 , 0.3000E+08 , 
  180 , 0.100643E+09 ,    79 , 0.1500E+02 , 0.3623E+06 , 0.0000E+00 , 0.0000E+00 , 0.0000E+00 ,   246 , -.1500E+02 , 0.5986E+06 , 0.0000E+00 , 0.0000E+00 , 0.3000E+08 , 
  181 , 0.102371E+09 ,    79 , 0.1500E+02 , 0.3623E+06 , 0.0000E+00 , 0.0000E+00 , 0.0000E+00 ,   246 , -.1500E+02 , 0.5975E+06 , 0.0000E+00 , 0.0000E+00 , 0.3000E+08 , 
  182 , 0.104099E+09 ,    79 , 0.1500E+02 , 0.3623E+06 , 0.0000E+00 , 0.0000E+00 , 0.0000E+00 ,   246 , -.1500E+02 , 0.5964E+06 , 0.0000E+00 , 0.0000E+00 , 0.3000E+08 , 
  183 , 0.105827E+09 ,    79 , 0.1500E+02 , 0.3623E+06 , 0.0000E+00 , 0.0000E+00 , 0.0000E+00 ,   246 , -.1500E+02 , 0.5953E+06 , 0.0000E+00 , 0.0000E+00 , 0.3000E+08 , 
  184 , 0.107555E+09 ,    79 , 0.1500E+02 , 0.3623E+06 , 0.0000E+00 , 0.0000E+00 , 0.0000E+00 ,   246 , -.1500E+02 , 0.5943E+06 , 0.0000E+00 , 0.0000E+00 , 0.3000E+08 , 
  185 , 0.109283E+09 ,    79 , 0.1500E+02 , 0.3623E+06 , 0.0000E+00 , 0.0000E+00 , 0.0000E+00 ,   246 , -.1500E+02 , 0.5932E+06 , 0.0000E+00 , 0.0000E+00 , 0.3000E+08 , 
  186 , 0.111011E+09 ,    79 , 0.1500E+02 , 0.3623E+06 , 0.0000E+00 , 0.0000E+00 , 0.0000E+00 ,   246 , -.1500E+02 , 0.5922E+06 , 0.0000E+00 , 0.0000E+00 , 0.3000E+08 , 
  187 , 0.112739E+09 ,    79 , 0.1500E+02 , 0.3623E+06 , 0.0000E+00 , 0.0000E+00 , 0.0000E+00 ,   246 , -.1500E+02 , 0.5912E+06 , 0.0000E+00 , 0.0000E+00 , 0.3000E+08 , 
  188 , 0.114467E+09 ,    79 , 0.1500E+02 , 0.3623E+06 , 0.0000E+00 , 0.0000E+00 , 0.0000E+00 ,   246 , -.1500E+02 , 0.5902E+06 , 0.0000E+00 , 0.0000E+00 , 0.3000E+08 , 
  189 , 0.116195E+09 ,    79 , 0.1500E+02 , 0.3623E+06 , 0.0000E+00 , 0.0000E+00 , 0.0000E+00 ,   246 , -.1500E+02 , 0.5893E+06 , 0.0000E+00 , 0.0000E+00 , 0.3000E+08 , 
  190 , 0.117923E+09 ,    79 , 0.1500E+02 , 0.3623E+06 , 0.0000E+00 , 0.0000E+00 , 0.0000E+00 ,   246 , -.1500E+02 , 0.5883E+06 , 0.0000E+00 , 0.0000E+00 , 0.3000E+08 , 
  191 , 0.119651E+09 ,    79 , 0.1500E+02 , 0.3623E+06 , 0.0000E+00 , 0.0000E+00 , 0.0000E+00 ,   246 , -.1500E+02 , 0.5874E+06 , 0.0000E+00 , 0.0000E+00 , 0.3000E+08 , 
  192 , 0.121379E+09 ,    79 , 0.1500E+02 , 0.3623E+06 , 0.0000E+00 , 0.0000E+00 , 0.0000E+00 ,   246 , -.1500E+02 , 0.5865E+06 , 0.0000E+00 , 0.0000E+00 , 0.3000E+08 , 
  193 , 0.123107E+09 ,    79 , 0.1500E+02 , 0.3623E+06 , 0.0000E+00 , 0.0000E+00 , 0.0000E+00 ,   246 , -.1500E+02 , 0.5855E+06 , 0.0000E+00 , 0.0000E+00 , 0.3000E+08 , 
  194 , 0.124835E+09 ,    79 , 0.1500E+02 , 0.3623E+06 , 0.0000E+00 , 0.0000E+00 , 0.0000E+00 ,   246 , -.1500E+02 , 0.5846E+06 , 0.0000E+00 , 0.0000E+00 , 0.3000E+08 , 
  195 , 0.126563E+09 ,    79 , 0.1500E+02 , 0.3623E+06 , 0.0000E+00 , 0.0000E+00 , 0.0000E+00 ,   246 , -.1500E+02 , 0.5838E+06 , 0.0000E+00 , 0.0000E+00 , 0.3000E+08 , 
  196 , 0.128291E+09 ,    79 , 0.1500E+02 , 0.3623E+06 , 0.0000E+00 , 0.0000E+00 , 0.0000E+00 ,   246 , -.1500E+02 , 0.5829E+06 , 0.0000E+00 , 0.0000E+00 , 0.3000E+08 , 
  197 , 0.130019E+09 ,    79 , 0.1500E+02 , 0.3623E+06 , 0.0000E+00 , 0.0000E+00 , 0.0000E+00 ,   246 , -.1500E+02 , 0.5820E+06 , 0.0000E+00 , 0.0000E+00 , 0.3000E+08 , 
  198 , 0.131747E+09 ,    79 , 0.1500E+02 , 0.3623E+06 , 0.0000E+00 , 0.0000E+00 , 0.0000E+00 ,   246 , -.1500E+02 , 0.5812E+06 , 0.0000E+00 , 0.0000E+00 , 0.3000E+08 , 
  199 , 0.133475E+09 ,    79 , 0.1500E+02 , 0.3623E+06 , 0.0000E+00 , 0.0000E+00 , 0.0000E+00 ,   246 , -.1500E+02 , 0.5803E+06 , 0.0000E+00 , 0.0000E+00 , 0.3000E+08 , 
  200 , 0.135203E+09 ,    79 , 0.1500E+02 , 0.3623E+06 , 0.0000E+00 , 0.0000E+00 , 0.0000E+00 ,   246 , -.1500E+02 , 0.5795E+06 , 0.0000E+00 , 0.0000E+00 , 0.3000E+08 , 
  201 , 0.136931E+09 ,    79 , 0.1500E+02 , 0.3623E+06 , 0.0000E+00 , 0.0000E+00 , 0.0000E+00 ,   246 , -.1500E+02 , 0.5787E+06 , 0.0000E+00 , 0.0000E+00 , 0.3000E+08 , 
  202 , 0.138659E+09 ,    79 , 0.1500E+02 , 0.3623E+06 , 0.0000E+00 , 0.0000E+00 , 0.0000E+00 ,   246 , -.1500E+02 , 0.5779E+06 , 0.0000E+00 , 0.0000E+00 , 0.3000E+08 , 
  203 , 0.140387E+09 ,    79 , 0.1500E+02 , 0.3623E+06 , 0.0000E+00 , 0.0000E+00 , 0.0000E+00 ,   246 , -.1500E+02 , 0.5771E+06 , 0.0000E+00 , 0.0000E+00 , 0.3000E+08 , 
  204 , 0.142115E+09 ,    79 , 0.1500E+02 , 0.3623E+06 , 0.0000E+00 , 0.0000E+00 , 0.0000E+00 ,   246 , -.1500E+02 , 0.5763E+06 , 0.0000E+00 , 0.0000E+00 , 0.3000E+08 , 
  205 , 0.143843E+09 ,    79 , 0.1500E+02 , 0.3623E+06 , 0.0000E+00 , 0.0000E+00 , 0.0000E+00 ,   246 , -.1500E+02 , 0.5755E+06 , 0.0000E+00 , 0.0000E+00 , 0.3000E+08 , 
  206 , 0.145571E+09 ,    79 , 0.1500E+02 , 0.3623E+06 , 0.0000E+00 , 0.0000E+00 , 0.0000E+00 ,   246 , -.1500E+02 , 0.5747E+06 , 0.0000E+00 , 0.0000E+00 , 0.3000E+08 , 
  207 , 0.147299E+09 ,    79 , 0.1500E+02 , 0.3623E+06 , 0.0000E+00 , 0.0000E+00 , 0.0000E+00 ,   246 , -.1500E+02 , 0.5740E+06 , 0.0000E+00 , 0.0000E+00 , 0.3000E+08 , 
  208 , 0.149027E+09 ,    79 , 0.1500E+02 , 0.3623E+06 , 0.0000E+00 , 0.0000E+00 , 0.0000E+00 ,   246 , -.1500E+02 , 0.5732E+06 , 0.0000E+00 , 0.0000E+00 , 0.3000E+08 , 
  209 , 0.150755E+09 ,    79 , 0.1500E+02 , 0.3623E+06 , 0.0000E+00 , 0.0000E+00 , 0.0000E+00 ,   246 , -.1500E+02 , 0.5725E+06 , 0.0000E+00 , 0.0000E+00 , 0.3000E+08 , 
  210 , 0.152483E+09 ,    79 , 0.1500E+02 , 0.3623E+06 , 0.0000E+00 , 0.0000E+00 , 0.0000E+00 ,   246 , -.1500E+02 , 0.5718E+06 , 0.0000E+00 , 0.0000E+00 , 0.3000E+08 , 
  211 , 0.154211E+09 ,    79 , 0.1500E+02 , 0.3623E+06 , 0.0000E+00 , 0.0000E+00 , 0.0000E+00 ,   246 , -.1500E+02 , 0.5710E+06 , 0.0000E+00 , 0.0000E+00 , 0.3000E+08 , 
  212 , 0.155939E+09 ,    79 , 0.1500E+02 , 0.3623E+06 , 0.0000E+00 , 0.0000E+00 , 0.0000E+00 ,   246 , -.1500E+02 , 0.5703E+06 , 0.0000E+00 , 0.0000E+00 , 0.3000E+08 , 
  213 , 0.157667E+09 ,    79 , 0.1500E+02 , 0.3623E+06 , 0.0000E+00 , 0.0000E+00 , 0.0000E+00 ,   246 , -.1500E+02 , 0.5696E+06 , 0.0000E+00 , 0.0000E+00 , 0.3000E+08 , 
  214 , 0.159395E+09 ,    79 , 0.1500E+02 , 0.3623E+06 , 0.0000E+00 , 0.0000E+00 , 0.0000E+00 ,   246 , -.1500E+02 , 0.5689E+06 , 0.0000E+00 , 0.0000E+00 , 0.3000E+08 , 
  215 , 0.161123E+09 ,    79 , 0.1500E+02 , 0.3623E+06 , 0.0000E+00 , 0.0000E+00 , 0.0000E+00 ,   246 , -.1500E+02 , 0.5682E+06 , 0.0000E+00 , 0.0000E+00 , 0.3000E+08 , 
  216 , 0.162851E+09 ,    79 , 0.1500E+02 , 0.3623E+06 , 0.0000E+00 , 0.0000E+00 , 0.0000E+00 ,   246 , -.1500E+02 , 0.5675E+06 , 0.0000E+00 , 0.0000E+00 , 0.3000E+08 , 
  217 , 0.164579E+09 ,    79 , 0.1500E+02 , 0.3623E+06 , 0.0000E+00 , 0.0000E+00 , 0.0000E+00 ,   246 , -.1500E+02 , 0.5669E+06 , 0.0000E+00 , 0.0000E+00 , 0.3000E+08 , 
  218 , 0.166307E+09 ,    79 , 0.1500E+02 , 0.3623E+06 , 0.0000E+00 , 0.0000E+00 , 0.0000E+00 ,   246 , -.1500E+02 , 0.5662E+06 , 0.0000E+00 , 0.0000E+00 , 0.3000E+08 , 
  219 , 0.168035E+09 ,    79 , 0.1500E+02 , 0.3623E+06 , 0.0000E+00 , 0.0000E+00 , 0.0000E+00 ,   246 , -.1500E+02 , 0.5655E+06 , 0.0000E+00 , 0.0000E+00 , 0.3000E+08 , 
  220 , 0.169763E+09 ,    79 , 0.1500E+02 , 0.3623E+06 , 0.0000E+00 , 0.0000E+00 , 0.0000E+00 ,   246 , -.1500E+02 , 0.5649E+06 , 0.0000E+00 , 0.0000E+00 , 0.3000E+08 , 
  221 , 0.171491E+09 ,    79 , 0.1500E+02 , 0.3623E+06 , 0.0000E+00 , 0.0000E+00 , 0.0000E+00 ,   246 , -.1500E+02 , 0.5642E+06 , 0.0000E+00 , 0.0000E+00 , 0.3000E+08 , 
  222 , 0.173219E+09 ,    79 , 0.1500E+02 , 0.3623E+06 , 0.0000E+00 , 0.0000E+00 , 0.0000E+00 ,   246 , -.1500E+02 , 0.5636E+06 , 0.0000E+00 , 0.0000E+00 , 0.3000E+08 , 
  223 , 0.174947E+09 ,    79 , 0.1500E+02 , 0.3623E+06 , 0.0000E+00 , 0.0000E+00 , 0.0000E+00 ,   246 , -.1500E+02 , 0.5630E+06 , 0.0000E+00 , 0.0000E+00 , 0.3000E+08 , 
  224 , 0.176675E+09 ,    79 , 0.1500E+02 , 0.3623E+06 , 0.0000E+00 , 0.0000E+00 , 0.0000E+00 ,   246 , -.1500E+02 , 0.5623E+06 , 0.0000E+00 , 0.0000E+00 , 0.3000E+08 , 
  225 , 0.178403E+09 ,    79 , 0.1500E+02 , 0.3623E+06 , 0.0000E+00 , 0.0000E+00 , 0.0000E+00 ,   246 , -.1500E+02 , 0.5617E+06 , 0.0000E+00 , 0.0000E+00 , 0.3000E+08 , 
  226 , 0.180131E+09 ,    79 , 0.1500E+02 , 0.3623E+06 , 0.0000E+00 , 0.0000E+00 , 0.0000E+00 ,   246 , -.1500E+02 , 0.5611E+06 , 0.0000E+00 , 0.0000E+00 , 0.3000E+08 , 
  227 , 0.181859E+09 ,    79 , 0.1500E+02 , 0.3623E+06 , 0.0000E+00 , 0.0000E+00 , 0.0000E+00 ,   246 , -.1500E+02 , 0.5605E+06 , 0.0000E+00 , 0.0000E+00 , 0.3000E+08 , 
  228 , 0.183587E+09 ,    79 , 0.1500E+02 , 0.3623E+06 , 0.0000E+00 , 0.0000E+00 , 0.0000E+00 ,   246 , -.1500E+02 , 0.5599E+06 , 0.0000E+00 , 0.0000E+00 , 0.3000E+08 , 
  229 , 0.185315E+09 ,    79 , 0.1500E+02 , 0.3623E+06 , 0.0000E+00 , 0.0000E+00 , 0.0000E+00 ,   246 , -.1500E+02 , 0.5593E+06 , 0.0000E+00 , 0.0000E+00 , 0.3000E+08 , 
  230 , 0.187043E+09 ,    79 , 0.1500E+02 , 0.3623E+06 , 0.0000E+00 , 0.0000E+00 , 0.0000E+00 ,   246 , -.1500E+02 , 0.5587E+06 , 0.0000E+00 , 0.0000E+00 , 0.3000E+08 , 
  231 , 0.188771E+09 ,    79 , 0.1500E+02 , 0.3623E+06 , 0.0000E+00 , 0.0000E+00 , 0.0000E+00 ,   246 , -.1500E+02 , 0.5581E+06 , 0.0000E+00 , 0.0000E+00 , 0.3000E+08 , 
  232 , 0.190499E+09 ,    79 , 0.1500E+02 , 0.3623E+06 , 0.0000E+00 , 0.0000E+00 , 0.0000E+00 ,   246 , -.1500E+02 , 0.5576E+06 , 0.0000E+00 , 0.0000E+00 , 0.3000E+08 , 
  233 , 0.192227E+09 ,    79 , 0.1500E+02 , 0.3623E+06 , 0.0000E+00 , 0.0000E+00 , 0.0000E+00 ,   246 , -.1500E+02 , 0.5570E+06 , 0.0000E+00 , 0.0000E+00 , 0.3000E+08 , 
  234 , 0.193955E+09 ,    79 , 0.1500E+02 , 0.3623E+06 , 0.0000E+00 , 0.0000E+00 , 0.0000E+00 ,   246 , -.1500E+02 , 0.5564E+06 , 0.0000E+00 , 0.0000E+00 , 0.3000E+08 , 
  235 , 0.195683E+09 ,    79 , 0.1500E+02 , 0.3623E+06 , 0.0000E+00 , 0.0000E+00 , 0.0000E+00 ,   246 , -.1500E+02 , 0.5559E+06 , 0.0000E+00 , 0.0000E+00 , 0.3000E+08 , 
  236 , 0.197411E+09 ,    79 , 0.1500E+02 , 0.3623E+06 , 0.0000E+00 , 0.0000E+00 , 0.0000E+00 ,   246 , -.1500E+02 , 0.5553E+06 , 0.0000E+00 , 0.0000E+00 , 0.3000E+08 , 
  237 , 0.199139E+09 ,    79 , 0.1500E+02 , 0.3623E+06 , 0.0000E+00 , 0.0000E+00 , 0.0000E+00 ,   246 , -.1500E+02 , 0.5547E+06 , 0.0000E+00 , 0.0000E+00 , 0.3000E+08 , 
  238 , 0.200867E+09 ,    79 , 0.1500E+02 , 0.3623E+06 , 0.0000E+00 , 0.0000E+00 , 0.0000E+00 ,   246 , -.1500E+02 , 0.5542E+06 , 0.0000E+00 , 0.0000E+00 , 0.3000E+08 , 
  239 , 0.202595E+09 ,    79 , 0.1500E+02 , 0.3623E+06 , 0.0000E+00 , 0.0000E+00 , 0.0000E+00 ,   246 , -.1500E+02 , 0.5537E+06 , 0.0000E+00 , 0.0000E+00 , 0.3000E+08 , 
  240 , 0.204323E+09 ,    79 , 0.1500E+02 , 0.3623E+06 , 0.0000E+00 , 0.0000E+00 , 0.0000E+00 ,   246 , -.1500E+02 , 0.5531E+06 , 0.0000E+00 , 0.0000E+00 , 0.3000E+08 , 
  241 , 0.206051E+09 ,    79 , 0.1500E+02 , 0.3623E+06 , 0.0000E+00 , 0.0000E+00 , 0.0000E+00 ,   246 , -.1500E+02 , 0.5526E+06 , 0.0000E+00 , 0.0000E+00 , 0.3000E+08 , 
  242 , 0.207779E+09 ,    79 , 0.1500E+02 , 0.3623E+06 , 0.0000E+00 , 0.0000E+00 , 0.0000E+00 ,   246 , -.1500E+02 , 0.5521E+06 , 0.0000E+00 , 0.0000E+00 , 0.3000E+08 , 
  243 , 0.209507E+09 ,    79 , 0.1500E+02 , 0.3623E+06 , 0.0000E+00 , 0.0000E+00 , 0.0000E+00 ,   246 , -.1500E+02 , 0.5515E+06 , 0.0000E+00 , 0.0000E+00 , 0.3000E+08 , 
  244 , 0.211235E+09 ,    79 , 0.1500E+02 , 0.3623E+06 , 0.0000E+00 , 0.0000E+00 , 0.0000E+00 ,   246 , -.1500E+02 , 0.5510E+06 , 0.0000E+00 , 0.0000E+00 , 0.3000E+08 , 
  245 , 0.212963E+09 ,    79 , 0.1500E+02 , 0.3623E+06 , 0.0000E+00 , 0.0000E+00 , 0.0000E+00 ,   246 , -.1500E+02 , 0.5505E+06 , 0.0000E+00 , 0.0000E+00 , 0.3000E+08 , 
  246 , 0.214691E+09 ,    79 , 0.1500E+02 , 0.3623E+06 , 0.0000E+00 , 0.0000E+00 , 0.0000E+00 ,   246 , -.1500E+02 , 0.5500E+06 , 0.0000E+00 , 0.0000E+00 , 0.3000E+08 , 
  247 , 0.216419E+09 ,    79 , 0.1500E+02 , 0.3623E+06 , 0.0000E+00 , 0.0000E+00 , 0.0000E+00 ,   246 , -.1500E+02 , 0.5495E+06 , 0.0000E+00 , 0.0000E+00 , 0.3000E+08 , 
  248 , 0.218147E+09 ,    79 , 0.1500E+02 , 0.3623E+06 , 0.0000E+00 , 0.0000E+00 , 0.0000E+00 ,   246 , -.1500E+02 , 0.5490E+06 , 0.0000E+00 , 0.0000E+00 , 0.3000E+08 , 
  249 , 0.219875E+09 ,    79 , 0.1500E+02 , 0.3623E+06 , 0.0000E+00 , 0.0000E+00 , 0.0000E+00 ,   246 , -.1500E+02 , 0.5485E+06 , 0.0000E+00 , 0.0000E+00 , 0.3000E+08 , 
  250 , 0.221603E+09 ,    79 , 0.1500E+02 , 0.3623E+06 , 0.0000E+00 , 0.0000E+00 , 0.0000E+00 ,   246 , -.1500E+02 , 0.5480E+06 , 0.0000E+00 , 0.0000E+00 , 0.3000E+08 , 
  251 , 0.223331E+09 ,    79 , 0.1500E+02 , 0.3623E+06 , 0.0000E+00 , 0.0000E+00 , 0.0000E+00 ,   246 , -.1500E+02 , 0.5475E+06 , 0.0000E+00 , 0.0000E+00 , 0.3000E+08 , 
  252 , 0.225059E+09 ,    79 , 0.1500E+02 , 0.3623E+06 , 0.0000E+00 , 0.0000E+00 , 0.0000E+00 ,   246 , -.1500E+02 , 0.5471E+06 , 0.0000E+00 , 0.0000E+00 , 0.3000E+08 , 
  253 , 0.226787E+09 ,    79 , 0.1500E+02 , 0.3623E+06 , 0.0000E+00 , 0.0000E+00 , 0.0000E+00 ,   246 , -.1500E+02 , 0.5466E+06 , 0.0000E+00 , 0.0000E+00 , 0.3000E+08 , 
  254 , 0.228515E+09 ,    79 , 0.1500E+02 , 0.3623E+06 , 0.0000E+00 , 0.0000E+00 , 0.0000E+00 ,   246 , -.1500E+02 , 0.5461E+06 , 0.0000E+00 , 0.0000E+00 , 0.3000E+08 , 
  255 , 0.230243E+09 ,    79 , 0.1500E+02 , 0.3623E+06 , 0.0000E+00 , 0.0000E+00 , 0.0000E+00 ,   246 , -.1500E+02 , 0.5456E+06 , 0.0000E+00 , 0.0000E+00 , 0.3000E+08 , 
  256 , 0.231971E+09 ,    79 , 0.1500E+02 , 0.3623E+06 , 0.0000E+00 , 0.0000E+00 , 0.0000E+00 ,   246 , -.1500E+02 , 0.5452E+06 , 0.0000E+00 , 0.0000E+00 , 0.3000E+08 , 
  257 , 0.233699E+09 ,    79 , 0.1500E+02 , 0.3623E+06 , 0.0000E+00 , 0.0000E+00 , 0.0000E+00 ,   246 , -.1500E+02 , 0.5447E+06 , 0.0000E+00 , 0.0000E+00 , 0.3000E+08 , 
  258 , 0.235427E+09 ,    79 , 0.1500E+02 , 0.3623E+06 , 0.0000E+00 , 0.0000E+00 , 0.0000E+00 ,   246 , -.1500E+02 , 0.5442E+06 , 0.0000E+00 , 0.0000E+00 , 0.3000E+08 , 
  259 , 0.237155E+09 ,    79 , 0.1500E+02 , 0.3623E+06 , 0.0000E+00 , 0.0000E+00 , 0.0000E+00 ,   246 , -.1500E+02 , 0.5438E+06 , 0.0000E+00 , 0.0000E+00 , 0.3000E+08 , 
  260 , 0.238883E+09 ,    79 , 0.1500E+02 , 0.3623E+06 , 0.0000E+00 , 0.0000E+00 , 0.0000E+00 ,   246 , -.1500E+02 , 0.5433E+06 , 0.0000E+00 , 0.0000E+00 , 0.3000E+08 , 
  261 , 0.240611E+09 ,    79 , 0.1500E+02 , 0.3623E+06 , 0.0000E+00 , 0.0000E+00 , 0.0000E+00 ,   246 , -.1500E+02 , 0.5429E+06 , 0.0000E+00 , 0.0000E+00 , 0.3000E+08 , 
  262 , 0.242339E+09 ,    79 , 0.1500E+02 , 0.3623E+06 , 0.0000E+00 , 0.0000E+00 , 0.0000E+00 ,   246 , -.1500E+02 , 0.5424E+06 , 0.0000E+00 , 0.0000E+00 , 0.3000E+08 , 
  263 , 0.244067E+09 ,    79 , 0.1500E+02 , 0.3623E+06 , 0.0000E+00 , 0.0000E+00 , 0.0000E+00 ,   246 , -.1500E+02 , 0.5420E+06 , 0.0000E+00 , 0.0000E+00 , 0.3000E+08 , 
  264 , 0.245795E+09 ,    79 , 0.1500E+02 , 0.3623E+06 , 0.0000E+00 , 0.0000E+00 , 0.0000E+00 ,   246 , -.1500E+02 , 0.5416E+06 , 0.0000E+00 , 0.0000E+00 , 0.3000E+08 , 
  265 , 0.247523E+09 ,    79 , 0.1500E+02 , 0.3623E+06 , 0.0000E+00 , 0.0000E+00 , 0.0000E+00 ,   246 , -.1500E+02 , 0.5411E+06 , 0.0000E+00 , 0.0000E+00 , 0.3000E+08 , 
  266 , 0.249251E+09 ,    79 , 0.1500E+02 , 0.3623E+06 , 0.0000E+00 , 0.0000E+00 , 0.0000E+00 ,   246 , -.1500E+02 , 0.5407E+06 , 0.0000E+00 , 0.0000E+00 , 0.3000E+08 , 
  267 , 0.250979E+09 ,    79 , 0.1500E+02 , 0.3623E+06 , 0.0000E+00 , 0.0000E+00 , 0.0000E+00 ,   246 , -.1500E+02 , 0.5403E+06 , 0.0000E+00 , 0.0000E+00 , 0.3000E+08 , 
  268 , 0.252707E+09 ,    79 , 0.1500E+02 , 0.3623E+06 , 0.0000E+00 , 0.0000E+00 , 0.0000E+00 ,   246 , -.1500E+02 , 0.5399E+06 , 0.0000E+00 , 0.0000E+00 , 0.3000E+08 , 
  269 , 0.254435E+09 ,    79 , 0.1500E+02 , 0.3623E+06 , 0.0000E+00 , 0.0000E+00 , 0.0000E+00 ,   246 , -.1500E+02 , 0.5394E+06 , 0.0000E+00 , 0.0000E+00 , 0.3000E+08 , 
  270 , 0.256163E+09 ,    79 , 0.1500E+02 , 0.3623E+06 , 0.0000E+00 , 0.0000E+00 , 0.0000E+00 ,   246 , -.1500E+02 , 0.5390E+06 , 0.0000E+00 , 0.0000E+00 , 0.3000E+08 , 
  271 , 0.257891E+09 ,    79 , 0.1500E+02 , 0.3623E+06 , 0.0000E+00 , 0.0000E+00 , 0.0000E+00 ,   246 , -.1500E+02 , 0.5386E+06 , 0.0000E+00 , 0.0000E+00 , 0.3000E+08 , 
  272 , 0.259619E+09 ,    79 , 0.1500E+02 , 0.3623E+06 , 0.0000E+00 , 0.0000E+00 , 0.0000E+00 ,   246 , -.1500E+02 , 0.5382E+06 , 0.0000E+00 , 0.0000E+00 , 0.3000E+08 , 
  273 , 0.261347E+09 ,    79 , 0.1500E+02 , 0.3623E+06 , 0.0000E+00 , 0.0000E+00 , 0.0000E+00 ,   246 , -.1500E+02 , 0.5378E+06 , 0.0000E+00 , 0.0000E+00 , 0.3000E+08 , 
  274 , 0.263075E+09 ,    79 , 0.1500E+02 , 0.3623E+06 , 0.0000E+00 , 0.0000E+00 , 0.0000E+00 ,   246 , -.1500E+02 , 0.5374E+06 , 0.0000E+00 , 0.0000E+00 , 0.3000E+08 , 
  275 , 0.264803E+09 ,    79 , 0.1500E+02 , 0.3623E+06 , 0.0000E+00 , 0.0000E+00 , 0.0000E+00 ,   246 , -.1500E+02 , 0.5370E+06 , 0.0000E+00 , 0.0000E+00 , 0.3000E+08 , 
  276 , 0.266531E+09 ,    79 , 0.1500E+02 , 0.3623E+06 , 0.0000E+00 , 0.0000E+00 , 0.0000E+00 ,   246 , -.1500E+02 , 0.5366E+06 , 0.0000E+00 , 0.0000E+00 , 0.3000E+08 , 
  277 , 0.268259E+09 ,    79 , 0.1500E+02 , 0.3623E+06 , 0.0000E+00 , 0.0000E+00 , 0.0000E+00 ,   246 , -.1500E+02 , 0.5362E+06 , 0.0000E+00 , 0.0000E+00 , 0.3000E+08 , 
  278 , 0.269987E+09 ,    79 , 0.1500E+02 , 0.3623E+06 , 0.0000E+00 , 0.0000E+00 , 0.0000E+00 ,   246 , -.1500E+02 , 0.5358E+06 , 0.0000E+00 , 0.0000E+00 , 0.3000E+08 , 
  279 , 0.271715E+09 ,    79 , 0.1500E+02 , 0.3623E+06 , 0.0000E+00 , 0.0000E+00 , 0.0000E+00 ,   246 , -.1500E+02 , 0.5354E+06 , 0.0000E+00 , 0.0000E+00 , 0.3000E+08 , 
  280 , 0.273443E+09 ,    79 , 0.1500E+02 , 0.3623E+06 , 0.0000E+00 , 0.0000E+00 , 0.0000E+00 ,   246 , -.1500E+02 , 0.5350E+06 , 0.0000E+00 , 0.0000E+00 , 0.3000E+08 , 
  281 , 0.275171E+09 ,    79 , 0.1500E+02 , 0.3623E+06 , 0.0000E+00 , 0.0000E+00 , 0.0000E+00 ,   246 , -.1500E+02 , 0.5346E+06 , 0.0000E+00 , 0.0000E+00 , 0.3000E+08 , 
  282 , 0.276899E+09 ,    79 , 0.1500E+02 , 0.3623E+06 , 0.0000E+00 , 0.0000E+00 , 0.0000E+00 ,   246 , -.1500E+02 , 0.5342E+06 , 0.0000E+00 , 0.0000E+00 , 0.3000E+08 , 
  283 , 0.278627E+09 ,    79 , 0.1500E+02 , 0.3623E+06 , 0.0000E+00 , 0.0000E+00 , 0.0000E+00 ,   246 , -.1500E+02 , 0.5339E+06 , 0.0000E+00 , 0.0000E+00 , 0.3000E+08 , 
  284 , 0.280355E+09 ,    79 , 0.1500E+02 , 0.3623E+06 , 0.0000E+00 , 0.0000E+00 , 0.0000E+00 ,   246 , -.1500E+02 , 0.5335E+06 , 0.0000E+00 , 0.0000E+00 , 0.3000E+08 , 
  285 , 0.282083E+09 ,    79 , 0.1500E+02 , 0.3623E+06 , 0.0000E+00 , 0.0000E+00 , 0.0000E+00 ,   246 , -.1500E+02 , 0.5331E+06 , 0.0000E+00 , 0.0000E+00 , 0.3000E+08 , 
  286 , 0.283811E+09 ,    79 , 0.1500E+02 , 0.3623E+06 , 0.0000E+00 , 0.0000E+00 , 0.0000E+00 ,   246 , -.1500E+02 , 0.5327E+06 , 0.0000E+00 , 0.0000E+00 , 0.3000E+08 , 
  287 , 0.285539E+09 ,    79 , 0.1500E+02 , 0.3623E+06 , 0.0000E+00 , 0.0000E+00 , 0.0000E+00 ,   246 , -.1500E+02 , 0.5324E+06 , 0.0000E+00 , 0.0000E+00 , 0.3000E+08 , 
  288 , 0.287267E+09 ,    79 , 0.1500E+02 , 0.3623E+06 , 0.0000E+00 , 0.0000E+00 , 0.0000E+00 ,   246 , -.1500E+02 , 0.5320E+06 , 0.0000E+00 , 0.0000E+00 , 0.3000E+08 , 
  289 , 0.288995E+09 ,    79 , 0.1500E+02 , 0.3623E+06 , 0.0000E+00 , 0.0000E+00 , 0.0000E+00 ,   246 , -.1500E+02 , 0.5316E+06 , 0.0000E+00 , 0.0000E+00 , 0.3000E+08 , 
  290 , 0.290723E+09 ,    79 , 0.1500E+02 , 0.3623E+06 , 0.0000E+00 , 0.0000E+00 , 0.0000E+00 ,   246 , -.1500E+02 , 0.5313E+06 , 0.0000E+00 , 0.0000E+00 , 0.3000E+08 , 
  291 , 0.292451E+09 ,    79 , 0.1500E+02 , 0.3623E+06 , 0.0000E+00 , 0.0000E+00 , 0.0000E+00 ,   246 , -.1500E+02 , 0.5309E+06 , 0.0000E+00 , 0.0000E+00 , 0.3000E+08 , 
  292 , 0.294179E+09 ,    79 , 0.1500E+02 , 0.3623E+06 , 0.0000E+00 , 0.0000E+00 , 0.0000E+00 ,   246 , -.1500E+02 , 0.5306E+06 , 0.0000E+00 , 0.0000E+00 , 0.3000E+08 , 
  293 , 0.295907E+09 ,    79 , 0.1500E+02 , 0.3623E+06 , 0.0000E+00 , 0.0000E+00 , 0.0000E+00 ,   246 , -.1500E+02 , 0.5302E+06 , 0.0000E+00 , 0.0000E+00 , 0.3000E+08 , 
  294 , 0.297635E+09 ,    79 , 0.1500E+02 , 0.3623E+06 , 0.0000E+00 , 0.0000E+00 , 0.0000E+00 ,   246 , -.1500E+02 , 0.5299E+06 , 0.0000E+00 , 0.0000E+00 , 0.3000E+08 , 
  295 , 0.299363E+09 ,    79 , 0.1500E+02 , 0.3623E+06 , 0.0000E+00 , 0.0000E+00 , 0.0000E+00 ,   246 , -.1500E+02 , 0.5295E+06 , 0.0000E+00 , 0.0000E+00 , 0.3000E+08 , 
  296 , 0.301091E+09 ,    79 , 0.1500E+02 , 0.3623E+06 , 0.0000E+00 , 0.0000E+00 , 0.0000E+00 ,   246 , -.1500E+02 , 0.5292E+06 , 0.0000E+00 , 0.0000E+00 , 0.3000E+08 , 
  297 , 0.302819E+09 ,    79 , 0.1500E+02 , 0.3623E+06 , 0.0000E+00 , 0.0000E+00 , 0.0000E+00 ,   246 , -.1500E+02 , 0.5288E+06 , 0.0000E+00 , 0.0000E+00 , 0.3000E+08 , 
  298 , 0.304547E+09 ,    79 , 0.1500E+02 , 0.3623E+06 , 0.0000E+00 , 0.0000E+00 , 0.0000E+00 ,   246 , -.1500E+02 , 0.5285E+06 , 0.0000E+00 , 0.0000E+00 , 0.3000E+08 , 
  299 , 0.306275E+09 ,    79 , 0.1500E+02 , 0.3623E+06 , 0.0000E+00 , 0.0000E+00 , 0.0000E+00 ,   246 , -.1500E+02 , 0.5281E+06 , 0.0000E+00 , 0.0000E+00 , 0.3000E+08 , 
  300 , 0.308003E+09 ,    79 , 0.1500E+02 , 0.3623E+06 , 0.0000E+00 , 0.0000E+00 , 0.0000E+00 ,   246 , -.1500E+02 , 0.5278E+06 , 0.0000E+00 , 0.0000E+00 , 0.3000E+08 , 
  301 , 0.309731E+09 ,    79 , 0.1500E+02 , 0.3623E+06 , 0.0000E+00 , 0.0000E+00 , 0.0000E+00 ,   246 , -.1500E+02 , 0.5275E+06 , 0.0000E+00 , 0.0000E+00 , 0.3000E+08 , 
  302 , 0.311459E+09 ,    79 , 0.1500E+02 , 0.3623E+06 , 0.0000E+00 , 0.0000E+00 , 0.0000E+00 ,   246 , -.1500E+02 , 0.5271E+06 , 0.0000E+00 , 0.0000E+00 , 0.3000E+08 , 
  303 , 0.313187E+09 ,    79 , 0.1500E+02 , 0.3623E+06 , 0.0000E+00 , 0.0000E+00 , 0.0000E+00 ,   246 , -.1500E+02 , 0.5268E+06 , 0.0000E+00 , 0.0000E+00 , 0.3000E+08 , 
  304 , 0.314915E+09 ,    79 , 0.1500E+02 , 0.3623E+06 , 0.0000E+00 , 0.0000E+00 , 0.0000E+00 ,   246 , -.1500E+02 , 0.5265E+06 , 0.0000E+00 , 0.0000E+00 , 0.3000E+08 , 
  305 , 0.316643E+09 ,    79 , 0.1500E+02 , 0.3623E+06 , 0.0000E+00 , 0.0000E+00 , 0.0000E+00 ,   246 , -.1500E+02 , 0.5261E+06 , 0.0000E+00 , 0.0000E+00 , 0.3000E+08 , 
  306 , 0.318371E+09 ,    79 , 0.1500E+02 , 0.3623E+06 , 0.0000E+00 , 0.0000E+00 , 0.0000E+00 ,   246 , -.1500E+02 , 0.5258E+06 , 0.0000E+00 , 0.0000E+00 , 0.3000E+08 , 
  307 , 0.320099E+09 ,    79 , 0.1500E+02 , 0.3623E+06 , 0.0000E+00 , 0.0000E+00 , 0.0000E+00 ,   246 , -.1500E+02 , 0.5255E+06 , 0.0000E+00 , 0.0000E+00 , 0.3000E+08 , 
  308 , 0.321827E+09 ,    79 , 0.1500E+02 , 0.3623E+06 , 0.0000E+00 , 0.0000E+00 , 0.0000E+00 ,   246 , -.1500E+02 , 0.5252E+06 , 0.0000E+00 , 0.0000E+00 , 0.3000E+08 , 
  309 , 0.323555E+09 ,    79 , 0.1500E+02 , 0.3623E+06 , 0.0000E+00 , 0.0000E+00 , 0.0000E+00 ,   246 , -.1500E+02 , 0.5248E+06 , 0.0000E+00 , 0.0000E+00 , 0.3000E+08 , 
  310 , 0.325283E+09 ,    79 , 0.1500E+02 , 0.3623E+06 , 0.0000E+00 , 0.0000E+00 , 0.0000E+00 ,   246 , -.1500E+02 , 0.5245E+06 , 0.0000E+00 , 0.0000E+00 , 0.3000E+08 , 
  311 , 0.327011E+09 ,    79 , 0.1500E+02 , 0.3623E+06 , 0.0000E+00 , 0.0000E+00 , 0.0000E+00 ,   246 , -.1500E+02 , 0.5242E+06 , 0.0000E+00 , 0.0000E+00 , 0.3000E+08 , 
  312 , 0.328739E+09 ,    79 , 0.1500E+02 , 0.3623E+06 , 0.0000E+00 , 0.0000E+00 , 0.0000E+00 ,   246 , -.1500E+02 , 0.5239E+06 , 0.0000E+00 , 0.0000E+00 , 0.3000E+08 , 
  313 , 0.330467E+09 ,    79 , 0.1500E+02 , 0.3623E+06 , 0.0000E+00 , 0.0000E+00 , 0.0000E+00 ,   246 , -.1500E+02 , 0.5236E+06 , 0.0000E+00 , 0.0000E+00 , 0.3000E+08 , 
  314 , 0.332195E+09 ,    79 , 0.1500E+02 , 0.3623E+06 , 0.0000E+00 , 0.0000E+00 , 0.0000E+00 ,   246 , -.1500E+02 , 0.5233E+06 , 0.0000E+00 , 0.0000E+00 , 0.3000E+08 , 
  315 , 0.333923E+09 ,    79 , 0.1500E+02 , 0.3623E+06 , 0.0000E+00 , 0.0000E+00 , 0.0000E+00 ,   246 , -.1500E+02 , 0.5230E+06 , 0.0000E+00 , 0.0000E+00 , 0.3000E+08 , 
  316 , 0.335651E+09 ,    79 , 0.1500E+02 , 0.3623E+06 , 0.0000E+00 , 0.0000E+00 , 0.0000E+00 ,   246 , -.1500E+02 , 0.5227E+06 , 0.0000E+00 , 0.0000E+00 , 0.3000E+08 , 
  317 , 0.337379E+09 ,    79 , 0.1500E+02 , 0.3623E+06 , 0.0000E+00 , 0.0000E+00 , 0.0000E+00 ,   246 , -.1500E+02 , 0.5224E+06 , 0.0000E+00 , 0.0000E+00 , 0.3000E+08 , 
  318 , 0.339107E+09 ,    79 , 0.1500E+02 , 0.3623E+06 , 0.0000E+00 , 0.0000E+00 , 0.0000E+00 ,   246 , -.1500E+02 , 0.5220E+06 , 0.0000E+00 , 0.0000E+00 , 0.3000E+08 , 
  319 , 0.340835E+09 ,    79 , 0.1500E+02 , 0.3623E+06 , 0.0000E+00 , 0.0000E+00 , 0.0000E+00 ,   246 , -.1500E+02 , 0.5217E+06 , 0.0000E+00 , 0.0000E+00 , 0.3000E+08 , 
  320 , 0.342563E+09 ,    79 , 0.1500E+02 , 0.3623E+06 , 0.0000E+00 , 0.0000E+00 , 0.0000E+00 ,   246 , -.1500E+02 , 0.5214E+06 , 0.0000E+00 , 0.0000E+00 , 0.3000E+08 , 
  321 , 0.344291E+09 ,    79 , 0.1500E+02 , 0.3623E+06 , 0.0000E+00 , 0.0000E+00 , 0.0000E+00 ,   246 , -.1500E+02 , 0.5212E+06 , 0.0000E+00 , 0.0000E+00 , 0.3000E+08 , 
  322 , 0.346019E+09 ,    79 , 0.1500E+02 , 0.3623E+06 , 0.0000E+00 , 0.0000E+00 , 0.0000E+00 ,   246 , -.1500E+02 , 0.5209E+06 , 0.0000E+00 , 0.0000E+00 , 0.3000E+08 , 
  323 , 0.347747E+09 ,    79 , 0.1500E+02 , 0.3623E+06 , 0.0000E+00 , 0.0000E+00 , 0.0000E+00 ,   246 , -.1500E+02 , 0.5206E+06 , 0.0000E+00 , 0.0000E+00 , 0.3000E+08 , 
  324 , 0.349475E+09 ,    79 , 0.1500E+02 , 0.3623E+06 , 0.0000E+00 , 0.0000E+00 , 0.0000E+00 ,   246 , -.1500E+02 , 0.5203E+06 , 0.0000E+00 , 0.0000E+00 , 0.3000E+08 , 
  325 , 0.351203E+09 ,    79 , 0.1500E+02 , 0.3623E+06 , 0.0000E+00 , 0.0000E+00 , 0.0000E+00 ,   246 , -.1500E+02 , 0.5200E+06 , 0.0000E+00 , 0.0000E+00 , 0.3000E+08 , 
  326 , 0.352931E+09 ,    79 , 0.1500E+02 , 0.3623E+06 , 0.0000E+00 , 0.0000E+00 , 0.0000E+00 ,   246 , -.1500E+02 , 0.5197E+06 , 0.0000E+00 , 0.0000E+00 , 0.3000E+08 , 
  327 , 0.354659E+09 ,    79 , 0.1500E+02 , 0.3623E+06 , 0.0000E+00 , 0.0000E+00 , 0.0000E+00 ,   246 , -.1500E+02 , 0.5194E+06 , 0.0000E+00 , 0.0000E+00 , 0.3000E+08 , 
  328 , 0.356387E+09 ,    79 , 0.1500E+02 , 0.3623E+06 , 0.0000E+00 , 0.0000E+00 , 0.0000E+00 ,   246 , -.1500E+02 , 0.5191E+06 , 0.0000E+00 , 0.0000E+00 , 0.3000E+08 , 
  329 , 0.358115E+09 ,    79 , 0.1500E+02 , 0.3623E+06 , 0.0000E+00 , 0.0000E+00 , 0.0000E+00 ,   246 , -.1500E+02 , 0.5188E+06 , 0.0000E+00 , 0.0000E+00 , 0.3000E+08 , 
  330 , 0.359843E+09 ,    79 , 0.1500E+02 , 0.3623E+06 , 0.0000E+00 , 0.0000E+00 , 0.0000E+00 ,   246 , -.1500E+02 , 0.5186E+06 , 0.0000E+00 , 0.0000E+00 , 0.3000E+08 , 
  331 , 0.361571E+09 ,    79 , 0.1500E+02 , 0.3623E+06 , 0.0000E+00 , 0.0000E+00 , 0.0000E+00 ,   246 , -.1500E+02 , 0.5183E+06 , 0.0000E+00 , 0.0000E+00 , 0.3000E+08 , 
  332 , 0.363299E+09 ,    79 , 0.1500E+02 , 0.3623E+06 , 0.0000E+00 , 0.0000E+00 , 0.0000E+00 ,   246 , -.1500E+02 , 0.5180E+06 , 0.0000E+00 , 0.0000E+00 , 0.3000E+08 , 
  333 , 0.365027E+09 ,    79 , 0.1500E+02 , 0.3623E+06 , 0.0000E+00 , 0.0000E+00 , 0.0000E+00 ,   246 , -.1500E+02 , 0.5177E+06 , 0.0000E+00 , 0.0000E+00 , 0.3000E+08 , 
  334 , 0.366755E+09 ,    79 , 0.1500E+02 , 0.3623E+06 , 0.0000E+00 , 0.0000E+00 , 0.0000E+00 ,   246 , -.1500E+02 , 0.5174E+06 , 0.0000E+00 , 0.0000E+00 , 0.3000E+08 , 
  335 , 0.368483E+09 ,    79 , 0.1500E+02 , 0.3623E+06 , 0.0000E+00 , 0.0000E+00 , 0.0000E+00 ,   246 , -.1500E+02 , 0.5172E+06 , 0.0000E+00 , 0.0000E+00 , 0.3000E+08 , 
  336 , 0.370211E+09 ,    79 , 0.1500E+02 , 0.3623E+06 , 0.0000E+00 , 0.0000E+00 , 0.0000E+00 ,   246 , -.1500E+02 , 0.5169E+06 , 0.0000E+00 , 0.0000E+00 , 0.3000E+08 , 
  337 , 0.371939E+09 ,    79 , 0.1500E+02 , 0.3623E+06 , 0.0000E+00 , 0.0000E+00 , 0.0000E+00 ,   246 , -.1500E+02 , 0.5166E+06 , 0.0000E+00 , 0.0000E+00 , 0.3000E+08 , 
  338 , 0.373667E+09 ,    79 , 0.1500E+02 , 0.3623E+06 , 0.0000E+00 , 0.0000E+00 , 0.0000E+00 ,   246 , -.1500E+02 , 0.5163E+06 , 0.0000E+00 , 0.0000E+00 , 0.3000E+08 , 
  339 , 0.375395E+09 ,    79 , 0.1500E+02 , 0.3623E+06 , 0.0000E+00 , 0.0000E+00 , 0.0000E+00 ,   246 , -.1500E+02 , 0.5161E+06 , 0.0000E+00 , 0.0000E+00 , 0.3000E+08 , 
  340 , 0.377123E+09 ,    79 , 0.1500E+02 , 0.3623E+06 , 0.0000E+00 , 0.0000E+00 , 0.0000E+00 ,   246 , -.1500E+02 , 0.5158E+06 , 0.0000E+00 , 0.0000E+00 , 0.3000E+08 , 
  341 , 0.378851E+09 ,    79 , 0.1500E+02 , 0.3623E+06 , 0.0000E+00 , 0.0000E+00 , 0.0000E+00 ,   246 , -.1500E+02 , 0.5155E+06 , 0.0000E+00 , 0.0000E+00 , 0.3000E+08 , 
  342 , 0.380579E+09 ,    79 , 0.1500E+02 , 0.3623E+06 , 0.0000E+00 , 0.0000E+00 , 0.0000E+00 ,   246 , -.1500E+02 , 0.5153E+06 , 0.0000E+00 , 0.0000E+00 , 0.3000E+08 , 
  343 , 0.382307E+09 ,    79 , 0.1500E+02 , 0.3623E+06 , 0.0000E+00 , 0.0000E+00 , 0.0000E+00 ,   246 , -.1500E+02 , 0.5150E+06 , 0.0000E+00 , 0.0000E+00 , 0.3000E+08 , 
  344 , 0.384035E+09 ,    79 , 0.1500E+02 , 0.3623E+06 , 0.0000E+00 , 0.0000E+00 , 0.0000E+00 ,   246 , -.1500E+02 , 0.5148E+06 , 0.0000E+00 , 0.0000E+00 , 0.3000E+08 , 
  345 , 0.385763E+09 ,    79 , 0.1500E+02 , 0.3623E+06 , 0.0000E+00 , 0.0000E+00 , 0.0000E+00 ,   246 , -.1500E+02 , 0.5145E+06 , 0.0000E+00 , 0.0000E+00 , 0.3000E+08 , 
  346 , 0.387491E+09 ,    79 , 0.1500E+02 , 0.3623E+06 , 0.0000E+00 , 0.0000E+00 , 0.0000E+00 ,   246 , -.1500E+02 , 0.5142E+06 , 0.0000E+00 , 0.0000E+00 , 0.3000E+08 , 
  347 , 0.389219E+09 ,    79 , 0.1500E+02 , 0.3623E+06 , 0.0000E+00 , 0.0000E+00 , 0.0000E+00 ,   246 , -.1500E+02 , 0.5140E+06 , 0.0000E+00 , 0.0000E+00 , 0.3000E+08 , 
  348 , 0.390947E+09 ,    79 , 0.1500E+02 , 0.3623E+06 , 0.0000E+00 , 0.0000E+00 , 0.0000E+00 ,   246 , -.1500E+02 , 0.5137E+06 , 0.0000E+00 , 0.0000E+00 , 0.3000E+08 , 
  349 , 0.392675E+09 ,    79 , 0.1500E+02 , 0.3623E+06 , 0.0000E+00 , 0.0000E+00 , 0.0000E+00 ,   246 , -.1500E+02 , 0.5135E+06 , 0.0000E+00 , 0.0000E+00 , 0.3000E+08 , 
  350 , 0.394403E+09 ,    79 , 0.1500E+02 , 0.3623E+06 , 0.0000E+00 , 0.0000E+00 , 0.0000E+00 ,   246 , -.1500E+02 , 0.5132E+06 , 0.0000E+00 , 0.0000E+00 , 0.3000E+08 , 
  351 , 0.396131E+09 ,    79 , 0.1500E+02 , 0.3623E+06 , 0.0000E+00 , 0.0000E+00 , 0.0000E+00 ,   246 , -.1500E+02 , 0.5130E+06 , 0.0000E+00 , 0.0000E+00 , 0.3000E+08 , 
  352 , 0.397859E+09 ,    79 , 0.1500E+02 , 0.3623E+06 , 0.0000E+00 , 0.0000E+00 , 0.0000E+00 ,   246 , -.1500E+02 , 0.5127E+06 , 0.0000E+00 , 0.0000E+00 , 0.3000E+08 , 
  353 , 0.399587E+09 ,    79 , 0.1500E+02 , 0.3623E+06 , 0.0000E+00 , 0.0000E+00 , 0.0000E+00 ,   246 , -.1500E+02 , 0.5125E+06 , 0.0000E+00 , 0.0000E+00 , 0.3000E+08 , 
  354 , 0.401315E+09 ,    79 , 0.1500E+02 , 0.3623E+06 , 0.0000E+00 , 0.0000E+00 , 0.0000E+00 ,   246 , -.1500E+02 , 0.5122E+06 , 0.0000E+00 , 0.0000E+00 , 0.3000E+08 , 
  355 , 0.403043E+09 ,    79 , 0.1500E+02 , 0.3623E+06 , 0.0000E+00 , 0.0000E+00 , 0.0000E+00 ,   246 , -.1500E+02 , 0.5120E+06 , 0.0000E+00 , 0.0000E+00 , 0.3000E+08 , 
  356 , 0.404771E+09 ,    79 , 0.1500E+02 , 0.3623E+06 , 0.0000E+00 , 0.0000E+00 , 0.0000E+00 ,   246 , -.1500E+02 , 0.5117E+06 , 0.0000E+00 , 0.0000E+00 , 0.3000E+08 , 
  357 , 0.406499E+09 ,    79 , 0.1500E+02 , 0.3623E+06 , 0.0000E+00 , 0.0000E+00 , 0.0000E+00 ,   246 , -.1500E+02 , 0.5115E+06 , 0.0000E+00 , 0.0000E+00 , 0.3000E+08 , 
  358 , 0.408227E+09 ,    79 , 0.1500E+02 , 0.3623E+06 , 0.0000E+00 , 0.0000E+00 , 0.0000E+00 ,   246 , -.1500E+02 , 0.5112E+06 , 0.0000E+00 , 0.0000E+00 , 0.3000E+08 , 
  359 , 0.409955E+09 ,    79 , 0.1500E+02 , 0.3623E+06 , 0.0000E+00 , 0.0000E+00 , 0.0000E+00 ,   246 , -.1500E+02 , 0.5110E+06 , 0.0000E+00 , 0.0000E+00 , 0.3000E+08 , 
  360 , 0.411683E+09 ,    79 , 0.1500E+02 , 0.3623E+06 , 0.0000E+00 , 0.0000E+00 , 0.0000E+00 ,   246 , -.1500E+02 , 0.5108E+06 , 0.0000E+00 , 0.0000E+00 , 0.3000E+08 , 
  361 , 0.413411E+09 ,    79 , 0.1500E+02 , 0.3623E+06 , 0.0000E+00 , 0.0000E+00 , 0.0000E+00 ,   246 , -.1500E+02 , 0.5105E+06 , 0.0000E+00 , 0.0000E+00 , 0.3000E+08 , 
  362 , 0.415139E+09 ,    79 , 0.1500E+02 , 0.3623E+06 , 0.0000E+00 , 0.0000E+00 , 0.0000E+00 ,   246 , -.1500E+02 , 0.5103E+06 , 0.0000E+00 , 0.0000E+00 , 0.3000E+08 , 
  363 , 0.416867E+09 ,    79 , 0.1500E+02 , 0.3623E+06 , 0.0000E+00 , 0.0000E+00 , 0.0000E+00 ,   246 , -.1500E+02 , 0.5100E+06 , 0.0000E+00 , 0.0000E+00 , 0.3000E+08 , 
  364 , 0.418595E+09 ,    79 , 0.1500E+02 , 0.3623E+06 , 0.0000E+00 , 0.0000E+00 , 0.0000E+00 ,   246 , -.1500E+02 , 0.5098E+06 , 0.0000E+00 , 0.0000E+00 , 0.3000E+08 , 
  365 , 0.420323E+09 ,    79 , 0.1500E+02 , 0.3623E+06 , 0.0000E+00 , 0.0000E+00 , 0.0000E+00 ,   246 , -.1500E+02 , 0.5096E+06 , 0.0000E+00 , 0.0000E+00 , 0.3000E+08 , 
  366 , 0.422051E+09 ,    79 , 0.1500E+02 , 0.3623E+06 , 0.0000E+00 , 0.0000E+00 , 0.0000E+00 ,   246 , -.1500E+02 , 0.5093E+06 , 0.0000E+00 , 0.0000E+00 , 0.3000E+08 , 
  367 , 0.423779E+09 ,    79 , 0.1500E+02 , 0.3623E+06 , 0.0000E+00 , 0.0000E+00 , 0.0000E+00 ,   246 , -.1500E+02 , 0.5091E+06 , 0.0000E+00 , 0.0000E+00 , 0.3000E+08 , 
  368 , 0.425507E+09 ,    79 , 0.1500E+02 , 0.3623E+06 , 0.0000E+00 , 0.0000E+00 , 0.0000E+00 ,   246 , -.1500E+02 , 0.5089E+06 , 0.0000E+00 , 0.0000E+00 , 0.3000E+08 , 
  369 , 0.427235E+09 ,    79 , 0.1500E+02 , 0.3623E+06 , 0.0000E+00 , 0.0000E+00 , 0.0000E+00 ,   246 , -.1500E+02 , 0.5086E+06 , 0.0000E+00 , 0.0000E+00 , 0.3000E+08 , 
  370 , 0.428963E+09 ,    79 , 0.1500E+02 , 0.3623E+06 , 0.0000E+00 , 0.0000E+00 , 0.0000E+00 ,   246 , -.1500E+02 , 0.5084E+06 , 0.0000E+00 , 0.0000E+00 , 0.3000E+08 , 
  371 , 0.430691E+09 ,    79 , 0.1500E+02 , 0.3623E+06 , 0.0000E+00 , 0.0000E+00 , 0.0000E+00 ,   246 , -.1500E+02 , 0.5082E+06 , 0.0000E+00 , 0.0000E+00 , 0.3000E+08 , 
  372 , 0.432419E+09 ,    79 , 0.1500E+02 , 0.3623E+06 , 0.0000E+00 , 0.0000E+00 , 0.0000E+00 ,   246 , -.1500E+02 , 0.5080E+06 , 0.0000E+00 , 0.0000E+00 , 0.3000E+08 , 
  373 , 0.434147E+09 ,    79 , 0.1500E+02 , 0.3623E+06 , 0.0000E+00 , 0.0000E+00 , 0.0000E+00 ,   246 , -.1500E+02 , 0.5077E+06 , 0.0000E+00 , 0.0000E+00 , 0.3000E+08 , 
  374 , 0.435875E+09 ,    79 , 0.1500E+02 , 0.3623E+06 , 0.0000E+00 , 0.0000E+00 , 0.0000E+00 ,   246 , -.1500E+02 , 0.5075E+06 , 0.0000E+00 , 0.0000E+00 , 0.3000E+08 , 
  375 , 0.437603E+09 ,    79 , 0.1500E+02 , 0.3623E+06 , 0.0000E+00 , 0.0000E+00 , 0.0000E+00 ,   246 , -.1500E+02 , 0.5073E+06 , 0.0000E+00 , 0.0000E+00 , 0.3000E+08 , 
  376 , 0.439331E+09 ,    79 , 0.1500E+02 , 0.3623E+06 , 0.0000E+00 , 0.0000E+00 , 0.0000E+00 ,   246 , -.1500E+02 , 0.5071E+06 , 0.0000E+00 , 0.0000E+00 , 0.3000E+08 , 
  377 , 0.441059E+09 ,    79 , 0.1500E+02 , 0.3623E+06 , 0.0000E+00 , 0.0000E+00 , 0.0000E+00 ,   246 , -.1500E+02 , 0.5068E+06 , 0.0000E+00 , 0.0000E+00 , 0.3000E+08 , 
  378 , 0.442787E+09 ,    79 , 0.1500E+02 , 0.3623E+06 , 0.0000E+00 , 0.0000E+00 , 0.0000E+00 ,   246 , -.1500E+02 , 0.5066E+06 , 0.0000E+00 , 0.0000E+00 , 0.3000E+08 , 
  379 , 0.444515E+09 ,    79 , 0.1500E+02 , 0.3623E+06 , 0.0000E+00 , 0.0000E+00 , 0.0000E+00 ,   246 , -.1500E+02 , 0.5064E+06 , 0.0000E+00 , 0.0000E+00 , 0.3000E+08 , 
  380 , 0.446243E+09 ,    79 , 0.1500E+02 , 0.3623E+06 , 0.0000E+00 , 0.0000E+00 , 0.0000E+00 ,   246 , -.1500E+02 , 0.5062E+06 , 0.0000E+00 , 0.0000E+00 , 0.3000E+08 , 
  381 , 0.447971E+09 ,    79 , 0.1500E+02 , 0.3623E+06 , 0.0000E+00 , 0.0000E+00 , 0.0000E+00 ,   246 , -.1500E+02 , 0.5060E+06 , 0.0000E+00 , 0.0000E+00 , 0.3000E+08 , 
  382 , 0.449699E+09 ,    79 , 0.1500E+02 , 0.3623E+06 , 0.0000E+00 , 0.0000E+00 , 0.0000E+00 ,   246 , -.1500E+02 , 0.5058E+06 , 0.0000E+00 , 0.0000E+00 , 0.3000E+08 , 
  383 , 0.451427E+09 ,    79 , 0.1500E+02 , 0.3623E+06 , 0.0000E+00 , 0.0000E+00 , 0.0000E+00 ,   246 , -.1500E+02 , 0.5055E+06 , 0.0000E+00 , 0.0000E+00 , 0.3000E+08 , 
  384 , 0.453155E+09 ,    79 , 0.1500E+02 , 0.3623E+06 , 0.0000E+00 , 0.0000E+00 , 0.0000E+00 ,   246 , -.1500E+02 , 0.5053E+06 , 0.0000E+00 , 0.0000E+00 , 0.3000E+08 , 
  385 , 0.454883E+09 ,    79 , 0.1500E+02 , 0.3623E+06 , 0.0000E+00 , 0.0000E+00 , 0.0000E+00 ,   246 , -.1500E+02 , 0.5051E+06 , 0.0000E+00 , 0.0000E+00 , 0.3000E+08 , 
  386 , 0.456611E+09 ,    79 , 0.1500E+02 , 0.3623E+06 , 0.0000E+00 , 0.0000E+00 , 0.0000E+00 ,   246 , -.1500E+02 , 0.5049E+06 , 0.0000E+00 , 0.0000E+00 , 0.3000E+08 , 
  387 , 0.458339E+09 ,    79 , 0.1500E+02 , 0.3623E+06 , 0.0000E+00 , 0.0000E+00 , 0.0000E+00 ,   246 , -.1500E+02 , 0.5047E+06 , 0.0000E+00 , 0.0000E+00 , 0.3000E+08 , 
  388 , 0.460067E+09 ,    79 , 0.1500E+02 , 0.3623E+06 , 0.0000E+00 , 0.0000E+00 , 0.0000E+00 ,   246 , -.1500E+02 , 0.5045E+06 , 0.0000E+00 , 0.0000E+00 , 0.3000E+08 , 
  389 , 0.461795E+09 ,    79 , 0.1500E+02 , 0.3623E+06 , 0.0000E+00 , 0.0000E+00 , 0.0000E+00 ,   246 , -.1500E+02 , 0.5043E+06 , 0.0000E+00 , 0.0000E+00 , 0.3000E+08 , 
  390 , 0.463523E+09 ,    79 , 0.1500E+02 , 0.3623E+06 , 0.0000E+00 , 0.0000E+00 , 0.0000E+00 ,   246 , -.1500E+02 , 0.5041E+06 , 0.0000E+00 , 0.0000E+00 , 0.3000E+08 , 
  391 , 0.465251E+09 ,    79 , 0.1500E+02 , 0.3623E+06 , 0.0000E+00 , 0.0000E+00 , 0.0000E+00 ,   246 , -.1500E+02 , 0.5039E+06 , 0.0000E+00 , 0.0000E+00 , 0.3000E+08 , 
  392 , 0.466979E+09 ,    79 , 0.1500E+02 , 0.3623E+06 , 0.0000E+00 , 0.0000E+00 , 0.0000E+00 ,   246 , -.1500E+02 , 0.5036E+06 , 0.0000E+00 , 0.0000E+00 , 0.3000E+08 , 
  393 , 0.468707E+09 ,    79 , 0.1500E+02 , 0.3623E+06 , 0.0000E+00 , 0.0000E+00 , 0.0000E+00 ,   246 , -.1500E+02 , 0.5034E+06 , 0.0000E+00 , 0.0000E+00 , 0.3000E+08 , 
  394 , 0.470435E+09 ,    79 , 0.1500E+02 , 0.3623E+06 , 0.0000E+00 , 0.0000E+00 , 0.0000E+00 ,   246 , -.1500E+02 , 0.5032E+06 , 0.0000E+00 , 0.0000E+00 , 0.3000E+08 , 
  395 , 0.472163E+09 ,    79 , 0.1500E+02 , 0.3623E+06 , 0.0000E+00 , 0.0000E+00 , 0.0000E+00 ,   246 , -.1500E+02 , 0.5030E+06 , 0.0000E+00 , 0.0000E+00 , 0.3000E+08 , 
  396 , 0.473891E+09 ,    79 , 0.1500E+02 , 0.3623E+06 , 0.0000E+00 , 0.0000E+00 , 0.0000E+00 ,   246 , -.1500E+02 , 0.5028E+06 , 0.0000E+00 , 0.0000E+00 , 0.3000E+08 , 
  397 , 0.475619E+09 ,    79 , 0.1500E+02 , 0.3623E+06 , 0.0000E+00 , 0.0000E+00 , 0.0000E+00 ,   246 , -.1500E+02 , 0.5026E+06 , 0.0000E+00 , 0.0000E+00 , 0.3000E+08 , 
  398 , 0.477347E+09 ,    79 , 0.1500E+02 , 0.3623E+06 , 0.0000E+00 , 0.0000E+00 , 0.0000E+00 ,   246 , -.1500E+02 , 0.5024E+06 , 0.0000E+00 , 0.0000E+00 , 0.3000E+08 , 
  399 , 0.479075E+09 ,    79 , 0.1500E+02 , 0.3623E+06 , 0.0000E+00 , 0.0000E+00 , 0.0000E+00 ,   246 , -.1500E+02 , 0.5022E+06 , 0.0000E+00 , 0.0000E+00 , 0.3000E+08 , 
  400 , 0.480803E+09 ,    79 , 0.1500E+02 , 0.3623E+06 , 0.0000E+00 , 0.0000E+00 , 0.0000E+00 ,   246 , -.1500E+02 , 0.5020E+06 , 0.0000E+00 , 0.0000E+00 , 0.3000E+08 , 
  401 , 0.482531E+09 ,    79 , 0.1500E+02 , 0.3623E+06 , 0.0000E+00 , 0.0000E+00 , 0.0000E+00 ,   246 , -.1500E+02 , 0.5018E+06 , 0.0000E+00 , 0.0000E+00 , 0.3000E+08 , 
  402 , 0.484259E+09 ,    79 , 0.1500E+02 , 0.3623E+06 , 0.0000E+00 , 0.0000E+00 , 0.0000E+00 ,   246 , -.1500E+02 , 0.5016E+06 , 0.0000E+00 , 0.0000E+00 , 0.3000E+08 , 
  403 , 0.485987E+09 ,    79 , 0.1500E+02 , 0.3623E+06 , 0.0000E+00 , 0.0000E+00 , 0.0000E+00 ,   246 , -.1500E+02 , 0.5014E+06 , 0.0000E+00 , 0.0000E+00 , 0.3000E+08 , 
  404 , 0.487715E+09 ,    79 , 0.1500E+02 , 0.3623E+06 , 0.0000E+00 , 0.0000E+00 , 0.0000E+00 ,   246 , -.1500E+02 , 0.5012E+06 , 0.0000E+00 , 0.0000E+00 , 0.3000E+08 , 
  405 , 0.489443E+09 ,    79 , 0.1500E+02 , 0.3623E+06 , 0.0000E+00 , 0.0000E+00 , 0.0000E+00 ,   246 , -.1500E+02 , 0.5010E+06 , 0.0000E+00 , 0.0000E+00 , 0.3000E+08 , 
  406 , 0.491171E+09 ,    79 , 0.1500E+02 , 0.3623E+06 , 0.0000E+00 , 0.0000E+00 , 0.0000E+00 ,   246 , -.1500E+02 , 0.5009E+06 , 0.0000E+00 , 0.0000E+00 , 0.3000E+08 , 
  407 , 0.492899E+09 ,    79 , 0.1500E+02 , 0.3623E+06 , 0.0000E+00 , 0.0000E+00 , 0.0000E+00 ,   246 , -.1500E+02 , 0.5007E+06 , 0.0000E+00 , 0.0000E+00 , 0.3000E+08 , 
  408 , 0.494627E+09 ,    79 , 0.1500E+02 , 0.3623E+06 , 0.0000E+00 , 0.0000E+00 , 0.0000E+00 ,   246 , -.1500E+02 , 0.5005E+06 , 0.0000E+00 , 0.0000E+00 , 0.3000E+08 , 
  409 , 0.496355E+09 ,    79 , 0.1500E+02 , 0.3623E+06 , 0.0000E+00 , 0.0000E+00 , 0.0000E+00 ,   246 , -.1500E+02 , 0.5003E+06 , 0.0000E+00 , 0.0000E+00 , 0.3000E+08 , 
  410 , 0.498083E+09 ,    79 , 0.1500E+02 , 0.3623E+06 , 0.0000E+00 , 0.0000E+00 , 0.0000E+00 ,   246 , -.1500E+02 , 0.5001E+06 , 0.0000E+00 , 0.0000E+00 , 0.3000E+08 , 
  411 , 0.499811E+09 ,    79 , 0.1500E+02 , 0.3623E+06 , 0.0000E+00 , 0.0000E+00 , 0.0000E+00 ,   246 , -.1500E+02 , 0.4999E+06 , 0.0000E+00 , 0.0000E+00 , 0.3000E+08 , 
  412 , 0.501539E+09 ,    79 , 0.1500E+02 , 0.3623E+06 , 0.0000E+00 , 0.0000E+00 , 0.0000E+00 ,   246 , -.1500E+02 , 0.4997E+06 , 0.0000E+00 , 0.0000E+00 , 0.3000E+08 , 
  413 , 0.503267E+09 ,    79 , 0.1500E+02 , 0.3623E+06 , 0.0000E+00 , 0.0000E+00 , 0.0000E+00 ,   246 , -.1500E+02 , 0.4995E+06 , 0.0000E+00 , 0.0000E+00 , 0.3000E+08 , 
  414 , 0.504995E+09 ,    79 , 0.1500E+02 , 0.3623E+06 , 0.0000E+00 , 0.0000E+00 , 0.0000E+00 ,   246 , -.1500E+02 , 0.4993E+06 , 0.0000E+00 , 0.0000E+00 , 0.3000E+08 , 
  415 , 0.506723E+09 ,    79 , 0.1500E+02 , 0.3623E+06 , 0.0000E+00 , 0.0000E+00 , 0.0000E+00 ,   246 , -.1500E+02 , 0.4991E+06 , 0.0000E+00 , 0.0000E+00 , 0.3000E+08 , 
  416 , 0.508451E+09 ,    79 , 0.1500E+02 , 0.3623E+06 , 0.0000E+00 , 0.0000E+00 , 0.0000E+00 ,   246 , -.1500E+02 , 0.4990E+06 , 0.0000E+00 , 0.0000E+00 , 0.3000E+08 , 
  417 , 0.510179E+09 ,    79 , 0.1500E+02 , 0.3623E+06 , 0.0000E+00 , 0.0000E+00 , 0.0000E+00 ,   246 , -.1500E+02 , 0.4988E+06 , 0.0000E+00 , 0.0000E+00 , 0.3000E+08 , 
  418 , 0.511907E+09 ,    79 , 0.1500E+02 , 0.3623E+06 , 0.0000E+00 , 0.0000E+00 , 0.0000E+00 ,   246 , -.1500E+02 , 0.4986E+06 , 0.0000E+00 , 0.0000E+00 , 0.3000E+08 , 
  419 , 0.513635E+09 ,    79 , 0.1500E+02 , 0.3623E+06 , 0.0000E+00 , 0.0000E+00 , 0.0000E+00 ,   246 , -.1500E+02 , 0.4984E+06 , 0.0000E+00 , 0.0000E+00 , 0.3000E+08 , 
  420 , 0.515363E+09 ,    79 , 0.1500E+02 , 0.3623E+06 , 0.0000E+00 , 0.0000E+00 , 0.0000E+00 ,   246 , -.1500E+02 , 0.4982E+06 , 0.0000E+00 , 0.0000E+00 , 0.3000E+08 , 
  421 , 0.517091E+09 ,    79 , 0.1500E+02 , 0.3623E+06 , 0.0000E+00 , 0.0000E+00 , 0.0000E+00 ,   246 , -.1500E+02 , 0.4980E+06 , 0.0000E+00 , 0.0000E+00 , 0.3000E+08 , 
  422 , 0.518819E+09 ,    79 , 0.1500E+02 , 0.3623E+06 , 0.0000E+00 , 0.0000E+00 , 0.0000E+00 ,   246 , -.1500E+02 , 0.4979E+06 , 0.0000E+00 , 0.0000E+00 , 0.3000E+08 , 
  423 , 0.520547E+09 ,    79 , 0.1500E+02 , 0.3623E+06 , 0.0000E+00 , 0.0000E+00 , 0.0000E+00 ,   246 , -.1500E+02 , 0.4977E+06 , 0.0000E+00 , 0.0000E+00 , 0.3000E+08 , 
  424 , 0.522275E+09 ,    79 , 0.1500E+02 , 0.3623E+06 , 0.0000E+00 , 0.0000E+00 , 0.0000E+00 ,   246 , -.1500E+02 , 0.4975E+06 , 0.0000E+00 , 0.0000E+00 , 0.3000E+08 , 
  425 , 0.524003E+09 ,    79 , 0.1500E+02 , 0.3623E+06 , 0.0000E+00 , 0.0000E+00 , 0.0000E+00 ,   246 , -.1500E+02 , 0.4973E+06 , 0.0000E+00 , 0.0000E+00 , 0.3000E+08 , 
  426 , 0.525731E+09 ,    79 , 0.1500E+02 , 0.3623E+06 , 0.0000E+00 , 0.0000E+00 , 0.0000E+00 ,   246 , -.1500E+02 , 0.4971E+06 , 0.0000E+00 , 0.0000E+00 , 0.3000E+08 , 
  427 , 0.527459E+09 ,    79 , 0.1500E+02 , 0.3623E+06 , 0.0000E+00 , 0.0000E+00 , 0.0000E+00 ,   246 , -.1500E+02 , 0.4970E+06 , 0.0000E+00 , 0.0000E+00 , 0.3000E+08 , 
  428 , 0.529187E+09 ,    79 , 0.1500E+02 , 0.3623E+06 , 0.0000E+00 , 0.0000E+00 , 0.0000E+00 ,   246 , -.1500E+02 , 0.4968E+06 , 0.0000E+00 , 0.0000E+00 , 0.3000E+08 , 
  429 , 0.530915E+09 ,    79 , 0.1500E+02 , 0.3623E+06 , 0.0000E+00 , 0.0000E+00 , 0.0000E+00 ,   246 , -.1500E+02 , 0.4966E+06 , 0.0000E+00 , 0.0000E+00 , 0.3000E+08 , 
  430 , 0.532643E+09 ,    79 , 0.1500E+02 , 0.3623E+06 , 0.0000E+00 , 0.0000E+00 , 0.0000E+00 ,   246 , -.1500E+02 , 0.4964E+06 , 0.0000E+00 , 0.0000E+00 , 0.3000E+08 , 
  431 , 0.534371E+09 ,    79 , 0.1500E+02 , 0.3623E+06 , 0.0000E+00 , 0.0000E+00 , 0.0000E+00 ,   246 , -.1500E+02 , 0.4963E+06 , 0.0000E+00 , 0.0000E+00 , 0.3000E+08 , 
  432 , 0.536099E+09 ,    79 , 0.1500E+02 , 0.3623E+06 , 0.0000E+00 , 0.0000E+00 , 0.0000E+00 ,   246 , -.1500E+02 , 0.4961E+06 , 0.0000E+00 , 0.0000E+00 , 0.3000E+08 , 
  433 , 0.537827E+09 ,    79 , 0.1500E+02 , 0.3623E+06 , 0.0000E+00 , 0.0000E+00 , 0.0000E+00 ,   246 , -.1500E+02 , 0.4959E+06 , 0.0000E+00 , 0.0000E+00 , 0.3000E+08 , 
  434 , 0.539555E+09 ,    79 , 0.1500E+02 , 0.3623E+06 , 0.0000E+00 , 0.0000E+00 , 0.0000E+00 ,   246 , -.1500E+02 , 0.4957E+06 , 0.0000E+00 , 0.0000E+00 , 0.3000E+08 , 
  435 , 0.541283E+09 ,    79 , 0.1500E+02 , 0.3623E+06 , 0.0000E+00 , 0.0000E+00 , 0.0000E+00 ,   246 , -.1500E+02 , 0.4956E+06 , 0.0000E+00 , 0.0000E+00 , 0.3000E+08 , 
  436 , 0.543011E+09 ,    79 , 0.1500E+02 , 0.3623E+06 , 0.0000E+00 , 0.0000E+00 , 0.0000E+00 ,   246 , -.1500E+02 , 0.4954E+06 , 0.0000E+00 , 0.0000E+00 , 0.3000E+08 , 
  437 , 0.544739E+09 ,    79 , 0.1500E+02 , 0.3623E+06 , 0.0000E+00 , 0.0000E+00 , 0.0000E+00 ,   246 , -.1500E+02 , 0.4952E+06 , 0.0000E+00 , 0.0000E+00 , 0.3000E+08 , 
  438 , 0.546467E+09 ,    79 , 0.1500E+02 , 0.3623E+06 , 0.0000E+00 , 0.0000E+00 , 0.0000E+00 ,   246 , -.1500E+02 , 0.4951E+06 , 0.0000E+00 , 0.0000E+00 , 0.3000E+08 , 
  439 , 0.548195E+09 ,    79 , 0.1500E+02 , 0.3623E+06 , 0.0000E+00 , 0.0000E+00 , 0.0000E+00 ,   246 , -.1500E+02 , 0.4949E+06 , 0.0000E+00 , 0.0000E+00 , 0.3000E+08 , 
  440 , 0.549923E+09 ,    79 , 0.1500E+02 , 0.3623E+06 , 0.0000E+00 , 0.0000E+00 , 0.0000E+00 ,   246 , -.1500E+02 , 0.4947E+06 , 0.0000E+00 , 0.0000E+00 , 0.3000E+08 , 
  441 , 0.551651E+09 ,    79 , 0.1500E+02 , 0.3623E+06 , 0.0000E+00 , 0.0000E+00 , 0.0000E+00 ,   246 , -.1500E+02 , 0.4945E+06 , 0.0000E+00 , 0.0000E+00 , 0.3000E+08 , 
  442 , 0.553379E+09 ,    79 , 0.1500E+02 , 0.3623E+06 , 0.0000E+00 , 0.0000E+00 , 0.0000E+00 ,   246 , -.1500E+02 , 0.4944E+06 , 0.0000E+00 , 0.0000E+00 , 0.3000E+08 , 
  443 , 0.555107E+09 ,    79 , 0.1500E+02 , 0.3623E+06 , 0.0000E+00 , 0.0000E+00 , 0.0000E+00 ,   246 , -.1500E+02 , 0.4942E+06 , 0.0000E+00 , 0.0000E+00 , 0.3000E+08 , 
  444 , 0.556835E+09 ,    79 , 0.1500E+02 , 0.3623E+06 , 0.0000E+00 , 0.0000E+00 , 0.0000E+00 ,   246 , -.1500E+02 , 0.4940E+06 , 0.0000E+00 , 0.0000E+00 , 0.3000E+08 , 
  445 , 0.558563E+09 ,    79 , 0.1500E+02 , 0.3623E+06 , 0.0000E+00 , 0.0000E+00 , 0.0000E+00 ,   246 , -.1500E+02 , 0.4939E+06 , 0.0000E+00 , 0.0000E+00 , 0.3000E+08 , 
  446 , 0.560291E+09 ,    79 , 0.1500E+02 , 0.3623E+06 , 0.0000E+00 , 0.0000E+00 , 0.0000E+00 ,   246 , -.1500E+02 , 0.4937E+06 , 0.0000E+00 , 0.0000E+00 , 0.3000E+08 , 
  447 , 0.562019E+09 ,    79 , 0.1500E+02 , 0.3623E+06 , 0.0000E+00 , 0.0000E+00 , 0.0000E+00 ,   246 , -.1500E+02 , 0.4936E+06 , 0.0000E+00 , 0.0000E+00 , 0.3000E+08 , 
  448 , 0.563747E+09 ,    79 , 0.1500E+02 , 0.3623E+06 , 0.0000E+00 , 0.0000E+00 , 0.0000E+00 ,   246 , -.1500E+02 , 0.4934E+06 , 0.0000E+00 , 0.0000E+00 , 0.3000E+08 , 
  449 , 0.565475E+09 ,    79 , 0.1500E+02 , 0.3623E+06 , 0.0000E+00 , 0.0000E+00 , 0.0000E+00 ,   246 , -.1500E+02 , 0.4932E+06 , 0.0000E+00 , 0.0000E+00 , 0.3000E+08 , 
  450 , 0.567203E+09 ,    79 , 0.1500E+02 , 0.3623E+06 , 0.0000E+00 , 0.0000E+00 , 0.0000E+00 ,   246 , -.1500E+02 , 0.4931E+06 , 0.0000E+00 , 0.0000E+00 , 0.3000E+08 , 
  451 , 0.568931E+09 ,    79 , 0.1500E+02 , 0.3623E+06 , 0.0000E+00 , 0.0000E+00 , 0.0000E+00 ,   246 , -.1500E+02 , 0.4929E+06 , 0.0000E+00 , 0.0000E+00 , 0.3000E+08 , 
  452 , 0.570659E+09 ,    79 , 0.1500E+02 , 0.3623E+06 , 0.0000E+00 , 0.0000E+00 , 0.0000E+00 ,   246 , -.1500E+02 , 0.4927E+06 , 0.0000E+00 , 0.0000E+00 , 0.3000E+08 , 
  453 , 0.572387E+09 ,    79 , 0.1500E+02 , 0.3623E+06 , 0.0000E+00 , 0.0000E+00 , 0.0000E+00 ,   246 , -.1500E+02 , 0.4926E+06 , 0.0000E+00 , 0.0000E+00 , 0.3000E+08 , 
  454 , 0.574115E+09 ,    79 , 0.1500E+02 , 0.3623E+06 , 0.0000E+00 , 0.0000E+00 , 0.0000E+00 ,   246 , -.1500E+02 , 0.4924E+06 , 0.0000E+00 , 0.0000E+00 , 0.3000E+08 , 
  455 , 0.575843E+09 ,    79 , 0.1500E+02 , 0.3623E+06 , 0.0000E+00 , 0.0000E+00 , 0.0000E+00 ,   246 , -.1500E+02 , 0.4923E+06 , 0.0000E+00 , 0.0000E+00 , 0.3000E+08 , 
  456 , 0.577571E+09 ,    79 , 0.1500E+02 , 0.3623E+06 , 0.0000E+00 , 0.0000E+00 , 0.0000E+00 ,   246 , -.1500E+02 , 0.4921E+06 , 0.0000E+00 , 0.0000E+00 , 0.3000E+08 , 
  457 , 0.579299E+09 ,    79 , 0.1500E+02 , 0.3623E+06 , 0.0000E+00 , 0.0000E+00 , 0.0000E+00 ,   246 , -.1500E+02 , 0.4919E+06 , 0.0000E+00 , 0.0000E+00 , 0.3000E+08 , 
  458 , 0.581027E+09 ,    79 , 0.1500E+02 , 0.3623E+06 , 0.0000E+00 , 0.0000E+00 , 0.0000E+00 ,   246 , -.1500E+02 , 0.4918E+06 , 0.0000E+00 , 0.0000E+00 , 0.3000E+08 , 
  459 , 0.582755E+09 ,    79 , 0.1500E+02 , 0.3623E+06 , 0.0000E+00 , 0.0000E+00 , 0.0000E+00 ,   246 , -.1500E+02 , 0.4916E+06 , 0.0000E+00 , 0.0000E+00 , 0.3000E+08 , 
  460 , 0.584483E+09 ,    79 , 0.1500E+02 , 0.3623E+06 , 0.0000E+00 , 0.0000E+00 , 0.0000E+00 ,   246 , -.1500E+02 , 0.4915E+06 , 0.0000E+00 , 0.0000E+00 , 0.3000E+08 , 
  461 , 0.586211E+09 ,    79 , 0.1500E+02 , 0.3623E+06 , 0.0000E+00 , 0.0000E+00 , 0.0000E+00 ,   246 , -.1500E+02 , 0.4913E+06 , 0.0000E+00 , 0.0000E+00 , 0.3000E+08 , 
  462 , 0.587939E+09 ,    79 , 0.1500E+02 , 0.3623E+06 , 0.0000E+00 , 0.0000E+00 , 0.0000E+00 ,   246 , -.1500E+02 , 0.4912E+06 , 0.0000E+00 , 0.0000E+00 , 0.3000E+08 , 
  463 , 0.589667E+09 ,    79 , 0.1500E+02 , 0.3623E+06 , 0.0000E+00 , 0.0000E+00 , 0.0000E+00 ,   246 , -.1500E+02 , 0.4910E+06 , 0.0000E+00 , 0.0000E+00 , 0.3000E+08 , 
  464 , 0.591395E+09 ,    79 , 0.1500E+02 , 0.3623E+06 , 0.0000E+00 , 0.0000E+00 , 0.0000E+00 ,   246 , -.1500E+02 , 0.4909E+06 , 0.0000E+00 , 0.0000E+00 , 0.3000E+08 , 
  465 , 0.593123E+09 ,    79 , 0.1500E+02 , 0.3623E+06 , 0.0000E+00 , 0.0000E+00 , 0.0000E+00 ,   246 , -.1500E+02 , 0.4907E+06 , 0.0000E+00 , 0.0000E+00 , 0.3000E+08 , 
  466 , 0.594851E+09 ,    79 , 0.1500E+02 , 0.3623E+06 , 0.0000E+00 , 0.0000E+00 , 0.0000E+00 ,   246 , -.1500E+02 , 0.4905E+06 , 0.0000E+00 , 0.0000E+00 , 0.3000E+08 , 
  467 , 0.596579E+09 ,    79 , 0.1500E+02 , 0.3623E+06 , 0.0000E+00 , 0.0000E+00 , 0.0000E+00 ,   246 , -.1500E+02 , 0.4904E+06 , 0.0000E+00 , 0.0000E+00 , 0.3000E+08 , 
  468 , 0.598307E+09 ,    79 , 0.1500E+02 , 0.3623E+06 , 0.0000E+00 , 0.0000E+00 , 0.0000E+00 ,   246 , -.1500E+02 , 0.4902E+06 , 0.0000E+00 , 0.0000E+00 , 0.3000E+08 , 
  469 , 0.600035E+09 ,    79 , 0.1500E+02 , 0.3623E+06 , 0.0000E+00 , 0.0000E+00 , 0.0000E+00 ,   246 , -.1500E+02 , 0.4901E+06 , 0.0000E+00 , 0.0000E+00 , 0.3000E+08 , 
  470 , 0.601763E+09 ,    79 , 0.1500E+02 , 0.3623E+06 , 0.0000E+00 , 0.0000E+00 , 0.0000E+00 ,   246 , -.1500E+02 , 0.4899E+06 , 0.0000E+00 , 0.0000E+00 , 0.3000E+08 , 
  471 , 0.603491E+09 ,    79 , 0.1500E+02 , 0.3623E+06 , 0.0000E+00 , 0.0000E+00 , 0.0000E+00 ,   246 , -.1500E+02 , 0.4898E+06 , 0.0000E+00 , 0.0000E+00 , 0.3000E+08 , 
  472 , 0.605219E+09 ,    79 , 0.1500E+02 , 0.3623E+06 , 0.0000E+00 , 0.0000E+00 , 0.0000E+00 ,   246 , -.1500E+02 , 0.4896E+06 , 0.0000E+00 , 0.0000E+00 , 0.3000E+08 , 
  473 , 0.606947E+09 ,    79 , 0.1500E+02 , 0.3623E+06 , 0.0000E+00 , 0.0000E+00 , 0.0000E+00 ,   246 , -.1500E+02 , 0.4895E+06 , 0.0000E+00 , 0.0000E+00 , 0.3000E+08 , 
  474 , 0.608675E+09 ,    79 , 0.1500E+02 , 0.3623E+06 , 0.0000E+00 , 0.0000E+00 , 0.0000E+00 ,   246 , -.1500E+02 , 0.4893E+06 , 0.0000E+00 , 0.0000E+00 , 0.3000E+08 , 
  475 , 0.610403E+09 ,    79 , 0.1500E+02 , 0.3623E+06 , 0.0000E+00 , 0.0000E+00 , 0.0000E+00 ,   246 , -.1500E+02 , 0.4892E+06 , 0.0000E+00 , 0.0000E+00 , 0.3000E+08 , 
  476 , 0.612131E+09 ,    79 , 0.1500E+02 , 0.3623E+06 , 0.0000E+00 , 0.0000E+00 , 0.0000E+00 ,   246 , -.1500E+02 , 0.4890E+06 , 0.0000E+00 , 0.0000E+00 , 0.3000E+08 , 
  477 , 0.613859E+09 ,    79 , 0.1500E+02 , 0.3623E+06 , 0.0000E+00 , 0.0000E+00 , 0.0000E+00 ,   246 , -.1500E+02 , 0.4889E+06 , 0.0000E+00 , 0.0000E+00 , 0.3000E+08 , 
  478 , 0.615587E+09 ,    79 , 0.1500E+02 , 0.3623E+06 , 0.0000E+00 , 0.0000E+00 , 0.0000E+00 ,   246 , -.1500E+02 , 0.4888E+06 , 0.0000E+00 , 0.0000E+00 , 0.3000E+08 , 
  479 , 0.617315E+09 ,    79 , 0.1500E+02 , 0.3623E+06 , 0.0000E+00 , 0.0000E+00 , 0.0000E+00 ,   246 , -.1500E+02 , 0.4886E+06 , 0.0000E+00 , 0.0000E+00 , 0.3000E+08 , 
  480 , 0.619043E+09 ,    79 , 0.1500E+02 , 0.3623E+06 , 0.0000E+00 , 0.0000E+00 , 0.0000E+00 ,   246 , -.1500E+02 , 0.4885E+06 , 0.0000E+00 , 0.0000E+00 , 0.3000E+08 , 
  481 , 0.620771E+09 ,    79 , 0.1500E+02 , 0.3623E+06 , 0.0000E+00 , 0.0000E+00 , 0.0000E+00 ,   246 , -.1500E+02 , 0.4883E+06 , 0.0000E+00 , 0.0000E+00 , 0.3000E+08 , 
  482 , 0.622499E+09 ,    79 , 0.1500E+02 , 0.3623E+06 , 0.0000E+00 , 0.0000E+00 , 0.0000E+00 ,   246 , -.1500E+02 , 0.4882E+06 , 0.0000E+00 , 0.0000E+00 , 0.3000E+08 , 
  483 , 0.624227E+09 ,    79 , 0.1500E+02 , 0.3623E+06 , 0.0000E+00 , 0.0000E+00 , 0.0000E+00 ,   246 , -.1500E+02 , 0.4880E+06 , 0.0000E+00 , 0.0000E+00 , 0.3000E+08 , 
  484 , 0.625955E+09 ,    79 , 0.1500E+02 , 0.3623E+06 , 0.0000E+00 , 0.0000E+00 , 0.0000E+00 ,   246 , -.1500E+02 , 0.4879E+06 , 0.0000E+00 , 0.0000E+00 , 0.3000E+08 , 
  485 , 0.627683E+09 ,    79 , 0.1500E+02 , 0.3623E+06 , 0.0000E+00 , 0.0000E+00 , 0.0000E+00 ,   246 , -.1500E+02 , 0.4877E+06 , 0.0000E+00 , 0.0000E+00 , 0.3000E+08 , 
  486 , 0.629411E+09 ,    79 , 0.1500E+02 , 0.3623E+06 , 0.0000E+00 , 0.0000E+00 , 0.0000E+00 ,   246 , -.1500E+02 , 0.4876E+06 , 0.0000E+00 , 0.0000E+00 , 0.3000E+08 , 
  487 , 0.631139E+09 ,    79 , 0.1500E+02 , 0.3623E+06 , 0.0000E+00 , 0.0000E+00 , 0.0000E+00 ,   246 , -.1500E+02 , 0.4875E+06 , 0.0000E+00 , 0.0000E+00 , 0.3000E+08 , 
  488 , 0.632867E+09 ,    79 , 0.1500E+02 , 0.3623E+06 , 0.0000E+00 , 0.0000E+00 , 0.0000E+00 ,   246 , -.1500E+02 , 0.4873E+06 , 0.0000E+00 , 0.0000E+00 , 0.3000E+08 , 
  489 , 0.634595E+09 ,    79 , 0.1500E+02 , 0.3623E+06 , 0.0000E+00 , 0.0000E+00 , 0.0000E+00 ,   246 , -.1500E+02 , 0.4872E+06 , 0.0000E+00 , 0.0000E+00 , 0.3000E+08 , 
  490 , 0.636323E+09 ,    79 , 0.1500E+02 , 0.3623E+06 , 0.0000E+00 , 0.0000E+00 , 0.0000E+00 ,   246 , -.1500E+02 , 0.4870E+06 , 0.0000E+00 , 0.0000E+00 , 0.3000E+08 , 
  491 , 0.638051E+09 ,    79 , 0.1500E+02 , 0.3623E+06 , 0.0000E+00 , 0.0000E+00 , 0.0000E+00 ,   246 , -.1500E+02 , 0.4869E+06 , 0.0000E+00 , 0.0000E+00 , 0.3000E+08 , 
  492 , 0.639779E+09 ,    79 , 0.1500E+02 , 0.3623E+06 , 0.0000E+00 , 0.0000E+00 , 0.0000E+00 ,   246 , -.1500E+02 , 0.4868E+06 , 0.0000E+00 , 0.0000E+00 , 0.3000E+08 , 
  493 , 0.641507E+09 ,    79 , 0.1500E+02 , 0.3623E+06 , 0.0000E+00 , 0.0000E+00 , 0.0000E+00 ,   246 , -.1500E+02 , 0.4866E+06 , 0.0000E+00 , 0.0000E+00 , 0.3000E+08 , 
  494 , 0.643235E+09 ,    79 , 0.1500E+02 , 0.3623E+06 , 0.0000E+00 , 0.0000E+00 , 0.0000E+00 ,   246 , -.1500E+02 , 0.4865E+06 , 0.0000E+00 , 0.0000E+00 , 0.3000E+08 , 
  495 , 0.644963E+09 ,    79 , 0.1500E+02 , 0.3623E+06 , 0.0000E+00 , 0.0000E+00 , 0.0000E+00 ,   246 , -.1500E+02 , 0.4863E+06 , 0.0000E+00 , 0.0000E+00 , 0.3000E+08 , 
  496 , 0.646691E+09 ,    79 , 0.1500E+02 , 0.3623E+06 , 0.0000E+00 , 0.0000E+00 , 0.0000E+00 ,   246 , -.1500E+02 , 0.4862E+06 , 0.0000E+00 , 0.0000E+00 , 0.3000E+08 , 
  497 , 0.648419E+09 ,    79 , 0.1500E+02 , 0.3623E+06 , 0.0000E+00 , 0.0000E+00 , 0.0000E+00 ,   246 , -.1500E+02 , 0.4861E+06 , 0.0000E+00 , 0.0000E+00 , 0.3000E+08 , 
  498 , 0.650147E+09 ,    79 , 0.1500E+02 , 0.3623E+06 , 0.0000E+00 , 0.0000E+00 , 0.0000E+00 ,   246 , -.1500E+02 , 0.4859E+06 , 0.0000E+00 , 0.0000E+00 , 0.3000E+08 , 
  499 , 0.651875E+09 ,    79 , 0.1500E+02 , 0.3623E+06 , 0.0000E+00 , 0.0000E+00 , 0.0000E+00 ,   246 , -.1500E+02 , 0.4858E+06 , 0.0000E+00 , 0.0000E+00 , 0.3000E+08 , 
  500 , 0.653603E+09 ,    79 , 0.1500E+02 , 0.3623E+06 , 0.0000E+00 , 0.0000E+00 , 0.0000E+00 ,   246 , -.1500E+02 , 0.4857E+06 , 0.0000E+00 , 0.0000E+00 , 0.3000E+08 , 
  501 , 0.655331E+09 ,    79 , 0.1500E+02 , 0.3623E+06 , 0.0000E+00 , 0.0000E+00 , 0.0000E+00 ,   246 , -.1500E+02 , 0.4855E+06 , 0.0000E+00 , 0.0000E+00 , 0.3000E+08 , 
  502 , 0.657059E+09 ,    79 , 0.1500E+02 , 0.3623E+06 , 0.0000E+00 , 0.0000E+00 , 0.0000E+00 ,   246 , -.1500E+02 , 0.4854E+06 , 0.0000E+00 , 0.0000E+00 , 0.3000E+08 , 
  503 , 0.658787E+09 ,    79 , 0.1500E+02 , 0.3623E+06 , 0.0000E+00 , 0.0000E+00 , 0.0000E+00 ,   246 , -.1500E+02 , 0.4853E+06 , 0.0000E+00 , 0.0000E+00 , 0.3000E+08 , 
  504 , 0.660515E+09 ,    79 , 0.1500E+02 , 0.3623E+06 , 0.0000E+00 , 0.0000E+00 , 0.0000E+00 ,   246 , -.1500E+02 , 0.4851E+06 , 0.0000E+00 , 0.0000E+00 , 0.3000E+08 , 
  505 , 0.662243E+09 ,    79 , 0.1500E+02 , 0.3623E+06 , 0.0000E+00 , 0.0000E+00 , 0.0000E+00 ,   246 , -.1500E+02 , 0.4850E+06 , 0.0000E+00 , 0.0000E+00 , 0.3000E+08 , 
  506 , 0.663971E+09 ,    79 , 0.1500E+02 , 0.3623E+06 , 0.0000E+00 , 0.0000E+00 , 0.0000E+00 ,   246 , -.1500E+02 , 0.4849E+06 , 0.0000E+00 , 0.0000E+00 , 0.3000E+08 , 
  507 , 0.665699E+09 ,    79 , 0.1500E+02 , 0.3623E+06 , 0.0000E+00 , 0.0000E+00 , 0.0000E+00 ,   246 , -.1500E+02 , 0.4847E+06 , 0.0000E+00 , 0.0000E+00 , 0.3000E+08 , 
  508 , 0.667427E+09 ,    79 , 0.1500E+02 , 0.3623E+06 , 0.0000E+00 , 0.0000E+00 , 0.0000E+00 ,   246 , -.1500E+02 , 0.4846E+06 , 0.0000E+00 , 0.0000E+00 , 0.3000E+08 , 
  509 , 0.669155E+09 ,    79 , 0.1500E+02 , 0.3623E+06 , 0.0000E+00 , 0.0000E+00 , 0.0000E+00 ,   246 , -.1500E+02 , 0.4845E+06 , 0.0000E+00 , 0.0000E+00 , 0.3000E+08 , 
  510 , 0.670883E+09 ,    79 , 0.1500E+02 , 0.3623E+06 , 0.0000E+00 , 0.0000E+00 , 0.0000E+00 ,   246 , -.1500E+02 , 0.4843E+06 , 0.0000E+00 , 0.0000E+00 , 0.3000E+08 , 
  511 , 0.672611E+09 ,    79 , 0.1500E+02 , 0.3623E+06 , 0.0000E+00 , 0.0000E+00 , 0.0000E+00 ,   246 , -.1500E+02 , 0.4842E+06 , 0.0000E+00 , 0.0000E+00 , 0.3000E+08 , 
  512 , 0.674339E+09 ,    79 , 0.1500E+02 , 0.3623E+06 , 0.0000E+00 , 0.0000E+00 , 0.0000E+00 ,   246 , -.1500E+02 , 0.4841E+06 , 0.0000E+00 , 0.0000E+00 , 0.3000E+08 , 
  513 , 0.676067E+09 ,    79 , 0.1500E+02 , 0.3623E+06 , 0.0000E+00 , 0.0000E+00 , 0.0000E+00 ,   246 , -.1500E+02 , 0.4839E+06 , 0.0000E+00 , 0.0000E+00 , 0.3000E+08 , 
  514 , 0.677795E+09 ,    79 , 0.1500E+02 , 0.3623E+06 , 0.0000E+00 , 0.0000E+00 , 0.0000E+00 ,   246 , -.1500E+02 , 0.4838E+06 , 0.0000E+00 , 0.0000E+00 , 0.3000E+08 , 
  515 , 0.679523E+09 ,    79 , 0.1500E+02 , 0.3623E+06 , 0.0000E+00 , 0.0000E+00 , 0.0000E+00 ,   246 , -.1500E+02 , 0.4837E+06 , 0.0000E+00 , 0.0000E+00 , 0.3000E+08 , 
  516 , 0.681251E+09 ,    79 , 0.1500E+02 , 0.3623E+06 , 0.0000E+00 , 0.0000E+00 , 0.0000E+00 ,   246 , -.1500E+02 , 0.4836E+06 , 0.0000E+00 , 0.0000E+00 , 0.3000E+08 , 
  517 , 0.682979E+09 ,    79 , 0.1500E+02 , 0.3623E+06 , 0.0000E+00 , 0.0000E+00 , 0.0000E+00 ,   246 , -.1500E+02 , 0.4834E+06 , 0.0000E+00 , 0.0000E+00 , 0.3000E+08 , 
  518 , 0.684707E+09 ,    79 , 0.1500E+02 , 0.3623E+06 , 0.0000E+00 , 0.0000E+00 , 0.0000E+00 ,   246 , -.1500E+02 , 0.4833E+06 , 0.0000E+00 , 0.0000E+00 , 0.3000E+08 , 
  519 , 0.686435E+09 ,    79 , 0.1500E+02 , 0.3623E+06 , 0.0000E+00 , 0.0000E+00 , 0.0000E+00 ,   246 , -.1500E+02 , 0.4832E+06 , 0.0000E+00 , 0.0000E+00 , 0.3000E+08 , 
  520 , 0.688163E+09 ,    79 , 0.1500E+02 , 0.3623E+06 , 0.0000E+00 , 0.0000E+00 , 0.0000E+00 ,   246 , -.1500E+02 , 0.4830E+06 , 0.0000E+00 , 0.0000E+00 , 0.3000E+08 , 
  521 , 0.689891E+09 ,    79 , 0.1500E+02 , 0.3623E+06 , 0.0000E+00 , 0.0000E+00 , 0.0000E+00 ,   246 , -.1500E+02 , 0.4829E+06 , 0.0000E+00 , 0.0000E+00 , 0.3000E+08 , 
  522 , 0.691619E+09 ,    79 , 0.1500E+02 , 0.3623E+06 , 0.0000E+00 , 0.0000E+00 , 0.0000E+00 ,   246 , -.1500E+02 , 0.4828E+06 , 0.0000E+00 , 0.0000E+00 , 0.3000E+08 , 
  523 , 0.693347E+09 ,    79 , 0.1500E+02 , 0.3623E+06 , 0.0000E+00 , 0.0000E+00 , 0.0000E+00 ,   246 , -.1500E+02 , 0.4827E+06 , 0.0000E+00 , 0.0000E+00 , 0.3000E+08 , 
  524 , 0.695075E+09 ,    79 , 0.1500E+02 , 0.3623E+06 , 0.0000E+00 , 0.0000E+00 , 0.0000E+00 ,   246 , -.1500E+02 , 0.4825E+06 , 0.0000E+00 , 0.0000E+00 , 0.3000E+08 , 
  525 , 0.696803E+09 ,    79 , 0.1500E+02 , 0.3623E+06 , 0.0000E+00 , 0.0000E+00 , 0.0000E+00 ,   246 , -.1500E+02 , 0.4824E+06 , 0.0000E+00 , 0.0000E+00 , 0.3000E+08 , 
  526 , 0.698531E+09 ,    79 , 0.1500E+02 , 0.3623E+06 , 0.0000E+00 , 0.0000E+00 , 0.0000E+00 ,   246 , -.1500E+02 , 0.4823E+06 , 0.0000E+00 , 0.0000E+00 , 0.3000E+08 , 
  527 , 0.700259E+09 ,    79 , 0.1500E+02 , 0.3623E+06 , 0.0000E+00 , 0.0000E+00 , 0.0000E+00 ,   246 , -.1500E+02 , 0.4822E+06 , 0.0000E+00 , 0.0000E+00 , 0.3000E+08 , 
  528 , 0.701987E+09 ,    79 , 0.1500E+02 , 0.3623E+06 , 0.0000E+00 , 0.0000E+00 , 0.0000E+00 ,   246 , -.1500E+02 , 0.4820E+06 , 0.0000E+00 , 0.0000E+00 , 0.3000E+08 , 
  529 , 0.703715E+09 ,    79 , 0.1500E+02 , 0.3623E+06 , 0.0000E+00 , 0.0000E+00 , 0.0000E+00 ,   246 , -.1500E+02 , 0.4819E+06 , 0.0000E+00 , 0.0000E+00 , 0.3000E+08 , 
  530 , 0.705443E+09 ,    79 , 0.1500E+02 , 0.3623E+06 , 0.0000E+00 , 0.0000E+00 , 0.0000E+00 ,   246 , -.1500E+02 , 0.4818E+06 , 0.0000E+00 , 0.0000E+00 , 0.3000E+08 , 
  531 , 0.707171E+09 ,    79 , 0.1500E+02 , 0.3623E+06 , 0.0000E+00 , 0.0000E+00 , 0.0000E+00 ,   246 , -.1500E+02 , 0.4817E+06 , 0.0000E+00 , 0.0000E+00 , 0.3000E+08 , 
  532 , 0.708899E+09 ,    79 , 0.1500E+02 , 0.3623E+06 , 0.0000E+00 , 0.0000E+00 , 0.0000E+00 ,   246 , -.1500E+02 , 0.4815E+06 , 0.0000E+00 , 0.0000E+00 , 0.3000E+08 , 
  533 , 0.710627E+09 ,    79 , 0.1500E+02 , 0.3623E+06 , 0.0000E+00 , 0.0000E+00 , 0.0000E+00 ,   246 , -.1500E+02 , 0.4814E+06 , 0.0000E+00 , 0.0000E+00 , 0.3000E+08 , 
  534 , 0.712355E+09 ,    79 , 0.1500E+02 , 0.3623E+06 , 0.0000E+00 , 0.0000E+00 , 0.0000E+00 ,   246 , -.1500E+02 , 0.4813E+06 , 0.0000E+00 , 0.0000E+00 , 0.3000E+08 , 
  535 , 0.714083E+09 ,    79 , 0.1500E+02 , 0.3623E+06 , 0.0000E+00 , 0.0000E+00 , 0.0000E+00 ,   246 , -.1500E+02 , 0.4812E+06 , 0.0000E+00 , 0.0000E+00 , 0.3000E+08 , 
  536 , 0.715811E+09 ,    79 , 0.1500E+02 , 0.3623E+06 , 0.0000E+00 , 0.0000E+00 , 0.0000E+00 ,   246 , -.1500E+02 , 0.4811E+06 , 0.0000E+00 , 0.0000E+00 , 0.3000E+08 , 
  537 , 0.717539E+09 ,    79 , 0.1500E+02 , 0.3623E+06 , 0.0000E+00 , 0.0000E+00 , 0.0000E+00 ,   246 , -.1500E+02 , 0.4809E+06 , 0.0000E+00 , 0.0000E+00 , 0.3000E+08 , 
  538 , 0.719267E+09 ,    79 , 0.1500E+02 , 0.3623E+06 , 0.0000E+00 , 0.0000E+00 , 0.0000E+00 ,   246 , -.1500E+02 , 0.4808E+06 , 0.0000E+00 , 0.0000E+00 , 0.3000E+08 , 
  539 , 0.720995E+09 ,    79 , 0.1500E+02 , 0.3623E+06 , 0.0000E+00 , 0.0000E+00 , 0.0000E+00 ,   246 , -.1500E+02 , 0.4807E+06 , 0.0000E+00 , 0.0000E+00 , 0.3000E+08 , 
  540 , 0.722723E+09 ,    79 , 0.1500E+02 , 0.3623E+06 , 0.0000E+00 , 0.0000E+00 , 0.0000E+00 ,   246 , -.1500E+02 , 0.4806E+06 , 0.0000E+00 , 0.0000E+00 , 0.3000E+08 , 
  541 , 0.724451E+09 ,    79 , 0.1500E+02 , 0.3623E+06 , 0.0000E+00 , 0.0000E+00 , 0.0000E+00 ,   246 , -.1500E+02 , 0.4805E+06 , 0.0000E+00 , 0.0000E+00 , 0.3000E+08 , 
  542 , 0.726179E+09 ,    79 , 0.1500E+02 , 0.3623E+06 , 0.0000E+00 , 0.0000E+00 , 0.0000E+00 ,   246 , -.1500E+02 , 0.4803E+06 , 0.0000E+00 , 0.0000E+00 , 0.3000E+08 , 
  543 , 0.727907E+09 ,    79 , 0.1500E+02 , 0.3623E+06 , 0.0000E+00 , 0.0000E+00 , 0.0000E+00 ,   246 , -.1500E+02 , 0.4802E+06 , 0.0000E+00 , 0.0000E+00 , 0.3000E+08 , 
  544 , 0.729635E+09 ,    79 , 0.1500E+02 , 0.3623E+06 , 0.0000E+00 , 0.0000E+00 , 0.0000E+00 ,   246 , -.1500E+02 , 0.4801E+06 , 0.0000E+00 , 0.0000E+00 , 0.3000E+08 , 
  545 , 0.731363E+09 ,    79 , 0.1500E+02 , 0.3623E+06 , 0.0000E+00 , 0.0000E+00 , 0.0000E+00 ,   246 , -.1500E+02 , 0.4800E+06 , 0.0000E+00 , 0.0000E+00 , 0.3000E+08 , 
  546 , 0.733091E+09 ,    79 , 0.1500E+02 , 0.3623E+06 , 0.0000E+00 , 0.0000E+00 , 0.0000E+00 ,   246 , -.1500E+02 , 0.4799E+06 , 0.0000E+00 , 0.0000E+00 , 0.3000E+08 , 
  547 , 0.734819E+09 ,    79 , 0.1500E+02 , 0.3623E+06 , 0.0000E+00 , 0.0000E+00 , 0.0000E+00 ,   246 , -.1500E+02 , 0.4798E+06 , 0.0000E+00 , 0.0000E+00 , 0.3000E+08 , 
  548 , 0.736547E+09 ,    79 , 0.1500E+02 , 0.3623E+06 , 0.0000E+00 , 0.0000E+00 , 0.0000E+00 ,   246 , -.1500E+02 , 0.4796E+06 , 0.0000E+00 , 0.0000E+00 , 0.3000E+08 , 
  549 , 0.738275E+09 ,    79 , 0.1500E+02 , 0.3623E+06 , 0.0000E+00 , 0.0000E+00 , 0.0000E+00 ,   246 , -.1500E+02 , 0.4795E+06 , 0.0000E+00 , 0.0000E+00 , 0.3000E+08 , 
  550 , 0.740003E+09 ,    79 , 0.1500E+02 , 0.3623E+06 , 0.0000E+00 , 0.0000E+00 , 0.0000E+00 ,   246 , -.1500E+02 , 0.4794E+06 , 0.0000E+00 , 0.0000E+00 , 0.3000E+08 , 
  551 , 0.741731E+09 ,    79 , 0.1500E+02 , 0.3623E+06 , 0.0000E+00 , 0.0000E+00 , 0.0000E+00 ,   246 , -.1500E+02 , 0.4793E+06 , 0.0000E+00 , 0.0000E+00 , 0.3000E+08 , 
  552 , 0.743459E+09 ,    79 , 0.1500E+02 , 0.3623E+06 , 0.0000E+00 , 0.0000E+00 , 0.0000E+00 ,   246 , -.1500E+02 , 0.4792E+06 , 0.0000E+00 , 0.0000E+00 , 0.3000E+08 , 
  553 , 0.745187E+09 ,    79 , 0.1500E+02 , 0.3623E+06 , 0.0000E+00 , 0.0000E+00 , 0.0000E+00 ,   246 , -.1500E+02 , 0.4791E+06 , 0.0000E+00 , 0.0000E+00 , 0.3000E+08 , 
  554 , 0.746915E+09 ,    79 , 0.1500E+02 , 0.3623E+06 , 0.0000E+00 , 0.0000E+00 , 0.0000E+00 ,   246 , -.1500E+02 , 0.4790E+06 , 0.0000E+00 , 0.0000E+00 , 0.3000E+08 , 
  555 , 0.748643E+09 ,    79 , 0.1500E+02 , 0.3623E+06 , 0.0000E+00 , 0.0000E+00 , 0.0000E+00 ,   246 , -.1500E+02 , 0.4788E+06 , 0.0000E+00 , 0.0000E+00 , 0.3000E+08 , 
  556 , 0.750371E+09 ,    79 , 0.1500E+02 , 0.3623E+06 , 0.0000E+00 , 0.0000E+00 , 0.0000E+00 ,   246 , -.1500E+02 , 0.4787E+06 , 0.0000E+00 , 0.0000E+00 , 0.3000E+08 , 
  557 , 0.752099E+09 ,    79 , 0.1500E+02 , 0.3623E+06 , 0.0000E+00 , 0.0000E+00 , 0.0000E+00 ,   246 , -.1500E+02 , 0.4786E+06 , 0.0000E+00 , 0.0000E+00 , 0.3000E+08 , 
  558 , 0.753827E+09 ,    79 , 0.1500E+02 , 0.3623E+06 , 0.0000E+00 , 0.0000E+00 , 0.0000E+00 ,   246 , -.1500E+02 , 0.4785E+06 , 0.0000E+00 , 0.0000E+00 , 0.3000E+08 , 
  559 , 0.755555E+09 ,    79 , 0.1500E+02 , 0.3623E+06 , 0.0000E+00 , 0.0000E+00 , 0.0000E+00 ,   246 , -.1500E+02 , 0.4784E+06 , 0.0000E+00 , 0.0000E+00 , 0.3000E+08 , 
  560 , 0.757283E+09 ,    79 , 0.1500E+02 , 0.3623E+06 , 0.0000E+00 , 0.0000E+00 , 0.0000E+00 ,   246 , -.1500E+02 , 0.4783E+06 , 0.0000E+00 , 0.0000E+00 , 0.3000E+08 , 
  561 , 0.759011E+09 ,    79 , 0.1500E+02 , 0.3623E+06 , 0.0000E+00 , 0.0000E+00 , 0.0000E+00 ,   246 , -.1500E+02 , 0.4782E+06 , 0.0000E+00 , 0.0000E+00 , 0.3000E+08 , 
  562 , 0.760739E+09 ,    79 , 0.1500E+02 , 0.3623E+06 , 0.0000E+00 , 0.0000E+00 , 0.0000E+00 ,   246 , -.1500E+02 , 0.4781E+06 , 0.0000E+00 , 0.0000E+00 , 0.3000E+08 , 
  563 , 0.762467E+09 ,    79 , 0.1500E+02 , 0.3623E+06 , 0.0000E+00 , 0.0000E+00 , 0.0000E+00 ,   246 , -.1500E+02 , 0.4779E+06 , 0.0000E+00 , 0.0000E+00 , 0.3000E+08 , 
  564 , 0.764195E+09 ,    79 , 0.1500E+02 , 0.3623E+06 , 0.0000E+00 , 0.0000E+00 , 0.0000E+00 ,   246 , -.1500E+02 , 0.4778E+06 , 0.0000E+00 , 0.0000E+00 , 0.3000E+08 , 
  565 , 0.765923E+09 ,    79 , 0.1500E+02 , 0.3623E+06 , 0.0000E+00 , 0.0000E+00 , 0.0000E+00 ,   246 , -.1500E+02 , 0.4777E+06 , 0.0000E+00 , 0.0000E+00 , 0.3000E+08 , 
  566 , 0.767651E+09 ,    79 , 0.1500E+02 , 0.3623E+06 , 0.0000E+00 , 0.0000E+00 , 0.0000E+00 ,   246 , -.1500E+02 , 0.4776E+06 , 0.0000E+00 , 0.0000E+00 , 0.3000E+08 , 
  567 , 0.769379E+09 ,    79 , 0.1500E+02 , 0.3623E+06 , 0.0000E+00 , 0.0000E+00 , 0.0000E+00 ,   246 , -.1500E+02 , 0.4775E+06 , 0.0000E+00 , 0.0000E+00 , 0.3000E+08 , 
  568 , 0.771107E+09 ,    79 , 0.1500E+02 , 0.3623E+06 , 0.0000E+00 , 0.0000E+00 , 0.0000E+00 ,   246 , -.1500E+02 , 0.4774E+06 , 0.0000E+00 , 0.0000E+00 , 0.3000E+08 , 
  569 , 0.772835E+09 ,    79 , 0.1500E+02 , 0.3623E+06 , 0.0000E+00 , 0.0000E+00 , 0.0000E+00 ,   246 , -.1500E+02 , 0.4773E+06 , 0.0000E+00 , 0.0000E+00 , 0.3000E+08 , 
  570 , 0.774563E+09 ,    79 , 0.1500E+02 , 0.3623E+06 , 0.0000E+00 , 0.0000E+00 , 0.0000E+00 ,   246 , -.1500E+02 , 0.4772E+06 , 0.0000E+00 , 0.0000E+00 , 0.3000E+08 , 
  571 , 0.776291E+09 ,    79 , 0.1500E+02 , 0.3623E+06 , 0.0000E+00 , 0.0000E+00 , 0.0000E+00 ,   246 , -.1500E+02 , 0.4771E+06 , 0.0000E+00 , 0.0000E+00 , 0.3000E+08 , 
  572 , 0.778019E+09 ,    79 , 0.1500E+02 , 0.3623E+06 , 0.0000E+00 , 0.0000E+00 , 0.0000E+00 ,   246 , -.1500E+02 , 0.4770E+06 , 0.0000E+00 , 0.0000E+00 , 0.3000E+08 , 
  573 , 0.779747E+09 ,    79 , 0.1500E+02 , 0.3623E+06 , 0.0000E+00 , 0.0000E+00 , 0.0000E+00 ,   246 , -.1500E+02 , 0.4768E+06 , 0.0000E+00 , 0.0000E+00 , 0.3000E+08 , 
  574 , 0.781475E+09 ,    79 , 0.1500E+02 , 0.3623E+06 , 0.0000E+00 , 0.0000E+00 , 0.0000E+00 ,   246 , -.1500E+02 , 0.4767E+06 , 0.0000E+00 , 0.0000E+00 , 0.3000E+08 , 
  575 , 0.783203E+09 ,    79 , 0.1500E+02 , 0.3623E+06 , 0.0000E+00 , 0.0000E+00 , 0.0000E+00 ,   246 , -.1500E+02 , 0.4766E+06 , 0.0000E+00 , 0.0000E+00 , 0.3000E+08 , 
  576 , 0.784931E+09 ,    79 , 0.1500E+02 , 0.3623E+06 , 0.0000E+00 , 0.0000E+00 , 0.0000E+00 ,   246 , -.1500E+02 , 0.4765E+06 , 0.0000E+00 , 0.0000E+00 , 0.3000E+08 , 
  577 , 0.786659E+09 ,    79 , 0.1500E+02 , 0.3623E+06 , 0.0000E+00 , 0.0000E+00 , 0.0000E+00 ,   246 , -.1500E+02 , 0.4764E+06 , 0.0000E+00 , 0.0000E+00 , 0.3000E+08 , 
  578 , 0.788387E+09 ,    79 , 0.1500E+02 , 0.3623E+06 , 0.0000E+00 , 0.0000E+00 , 0.0000E+00 ,   246 , -.1500E+02 , 0.4763E+06 , 0.0000E+00 , 0.0000E+00 , 0.3000E+08 , 
  579 , 0.790115E+09 ,    79 , 0.1500E+02 , 0.3623E+06 , 0.0000E+00 , 0.0000E+00 , 0.0000E+00 ,   246 , -.1500E+02 , 0.4762E+06 , 0.0000E+00 , 0.0000E+00 , 0.3000E+08 , 
  580 , 0.791843E+09 ,    79 , 0.1500E+02 , 0.3623E+06 , 0.0000E+00 , 0.0000E+00 , 0.0000E+00 ,   246 , -.1500E+02 , 0.4761E+06 , 0.0000E+00 , 0.0000E+00 , 0.3000E+08 , 
  581 , 0.793571E+09 ,    79 , 0.1500E+02 , 0.3623E+06 , 0.0000E+00 , 0.0000E+00 , 0.0000E+00 ,   246 , -.1500E+02 , 0.4760E+06 , 0.0000E+00 , 0.0000E+00 , 0.3000E+08 , 
  582 , 0.795299E+09 ,    79 , 0.1500E+02 , 0.3623E+06 , 0.0000E+00 , 0.0000E+00 , 0.0000E+00 ,   246 , -.1500E+02 , 0.4759E+06 , 0.0000E+00 , 0.0000E+00 , 0.3000E+08 , 
  583 , 0.797027E+09 ,    79 , 0.1500E+02 , 0.3623E+06 , 0.0000E+00 , 0.0000E+00 , 0.0000E+00 ,   246 , -.1500E+02 , 0.4758E+06 , 0.0000E+00 , 0.0000E+00 , 0.3000E+08 , 
  584 , 0.798755E+09 ,    79 , 0.1500E+02 , 0.3623E+06 , 0.0000E+00 , 0.0000E+00 , 0.0000E+00 ,   246 , -.1500E+02 , 0.4757E+06 , 0.0000E+00 , 0.0000E+00 , 0.3000E+08 , 
  585 , 0.800483E+09 ,    79 , 0.1500E+02 , 0.3623E+06 , 0.0000E+00 , 0.0000E+00 , 0.0000E+00 ,   246 , -.1500E+02 , 0.4756E+06 , 0.0000E+00 , 0.0000E+00 , 0.3000E+08 , 
  586 , 0.802211E+09 ,    79 , 0.1500E+02 , 0.3623E+06 , 0.0000E+00 , 0.0000E+00 , 0.0000E+00 ,   246 , -.1500E+02 , 0.4755E+06 , 0.0000E+00 , 0.0000E+00 , 0.3000E+08 , 
  587 , 0.803939E+09 ,    79 , 0.1500E+02 , 0.3623E+06 , 0.0000E+00 , 0.0000E+00 , 0.0000E+00 ,   246 , -.1500E+02 , 0.4754E+06 , 0.0000E+00 , 0.0000E+00 , 0.3000E+08 , 
  588 , 0.805667E+09 ,    79 , 0.1500E+02 , 0.3623E+06 , 0.0000E+00 , 0.0000E+00 , 0.0000E+00 ,   246 , -.1500E+02 , 0.4753E+06 , 0.0000E+00 , 0.0000E+00 , 0.3000E+08 , 
  589 , 0.807395E+09 ,    79 , 0.1500E+02 , 0.3623E+06 , 0.0000E+00 , 0.0000E+00 , 0.0000E+00 ,   246 , -.1500E+02 , 0.4752E+06 , 0.0000E+00 , 0.0000E+00 , 0.3000E+08 , 
  590 , 0.809123E+09 ,    79 , 0.1500E+02 , 0.3623E+06 , 0.0000E+00 , 0.0000E+00 , 0.0000E+00 ,   246 , -.1500E+02 , 0.4751E+06 , 0.0000E+00 , 0.0000E+00 , 0.3000E+08 , 
  591 , 0.810851E+09 ,    79 , 0.1500E+02 , 0.3623E+06 , 0.0000E+00 , 0.0000E+00 , 0.0000E+00 ,   246 , -.1500E+02 , 0.4750E+06 , 0.0000E+00 , 0.0000E+00 , 0.3000E+08 , 
  592 , 0.812579E+09 ,    79 , 0.1500E+02 , 0.3623E+06 , 0.0000E+00 , 0.0000E+00 , 0.0000E+00 ,   246 , -.1500E+02 , 0.4749E+06 , 0.0000E+00 , 0.0000E+00 , 0.3000E+08 , 
  593 , 0.814307E+09 ,    79 , 0.1500E+02 , 0.3623E+06 , 0.0000E+00 , 0.0000E+00 , 0.0000E+00 ,   246 , -.1500E+02 , 0.4747E+06 , 0.0000E+00 , 0.0000E+00 , 0.3000E+08 , 
  594 , 0.816035E+09 ,    79 , 0.1500E+02 , 0.3623E+06 , 0.0000E+00 , 0.0000E+00 , 0.0000E+00 ,   246 , -.1500E+02 , 0.4746E+06 , 0.0000E+00 , 0.0000E+00 , 0.3000E+08 , 
  595 , 0.817763E+09 ,    79 , 0.1500E+02 , 0.3623E+06 , 0.0000E+00 , 0.0000E+00 , 0.0000E+00 ,   246 , -.1500E+02 , 0.4745E+06 , 0.0000E+00 , 0.0000E+00 , 0.3000E+08 , 
  596 , 0.819491E+09 ,    79 , 0.1500E+02 , 0.3623E+06 , 0.0000E+00 , 0.0000E+00 , 0.0000E+00 ,   246 , -.1500E+02 , 0.4744E+06 , 0.0000E+00 , 0.0000E+00 , 0.3000E+08 , 
  597 , 0.821219E+09 ,    79 , 0.1500E+02 , 0.3623E+06 , 0.0000E+00 , 0.0000E+00 , 0.0000E+00 ,   246 , -.1500E+02 , 0.4743E+06 , 0.0000E+00 , 0.0000E+00 , 0.3000E+08 , 
  598 , 0.822947E+09 ,    79 , 0.1500E+02 , 0.3623E+06 , 0.0000E+00 , 0.0000E+00 , 0.0000E+00 ,   246 , -.1500E+02 , 0.4742E+06 , 0.0000E+00 , 0.0000E+00 , 0.3000E+08 , 
  599 , 0.824675E+09 ,    79 , 0.1500E+02 , 0.3623E+06 , 0.0000E+00 , 0.0000E+00 , 0.0000E+00 ,   246 , -.1500E+02 , 0.4741E+06 , 0.0000E+00 , 0.0000E+00 , 0.3000E+08 , 
  600 , 0.826403E+09 ,    79 , 0.1500E+02 , 0.3623E+06 , 0.0000E+00 , 0.0000E+00 , 0.0000E+00 ,   246 , -.1500E+02 , 0.4740E+06 , 0.0000E+00 , 0.0000E+00 , 0.3000E+08 , 
  601 , 0.828131E+09 ,    79 , 0.1500E+02 , 0.3623E+06 , 0.0000E+00 , 0.0000E+00 , 0.0000E+00 ,   246 , -.1500E+02 , 0.4739E+06 , 0.0000E+00 , 0.0000E+00 , 0.3000E+08 , 
  602 , 0.829859E+09 ,    79 , 0.1500E+02 , 0.3623E+06 , 0.0000E+00 , 0.0000E+00 , 0.0000E+00 ,   246 , -.1500E+02 , 0.4738E+06 , 0.0000E+00 , 0.0000E+00 , 0.3000E+08 , 
  603 , 0.831587E+09 ,    79 , 0.1500E+02 , 0.3623E+06 , 0.0000E+00 , 0.0000E+00 , 0.0000E+00 ,   246 , -.1500E+02 , 0.4737E+06 , 0.0000E+00 , 0.0000E+00 , 0.3000E+08 , 
  604 , 0.833315E+09 ,    79 , 0.1500E+02 , 0.3623E+06 , 0.0000E+00 , 0.0000E+00 , 0.0000E+00 ,   246 , -.1500E+02 , 0.4736E+06 , 0.0000E+00 , 0.0000E+00 , 0.3000E+08 , 
  605 , 0.835043E+09 ,    79 , 0.1500E+02 , 0.3623E+06 , 0.0000E+00 , 0.0000E+00 , 0.0000E+00 ,   246 , -.1500E+02 , 0.4735E+06 , 0.0000E+00 , 0.0000E+00 , 0.3000E+08 , 
  606 , 0.836771E+09 ,    79 , 0.1500E+02 , 0.3623E+06 , 0.0000E+00 , 0.0000E+00 , 0.0000E+00 ,   246 , -.1500E+02 , 0.4734E+06 , 0.0000E+00 , 0.0000E+00 , 0.3000E+08 , 
  607 , 0.838499E+09 ,    79 , 0.1500E+02 , 0.3623E+06 , 0.0000E+00 , 0.0000E+00 , 0.0000E+00 ,   246 , -.1500E+02 , 0.4733E+06 , 0.0000E+00 , 0.0000E+00 , 0.3000E+08 , 
  608 , 0.840227E+09 ,    79 , 0.1500E+02 , 0.3623E+06 , 0.0000E+00 , 0.0000E+00 , 0.0000E+00 ,   246 , -.1500E+02 , 0.4732E+06 , 0.0000E+00 , 0.0000E+00 , 0.3000E+08 , 
  609 , 0.841955E+09 ,    79 , 0.1500E+02 , 0.3623E+06 , 0.0000E+00 , 0.0000E+00 , 0.0000E+00 ,   246 , -.1500E+02 , 0.4732E+06 , 0.0000E+00 , 0.0000E+00 , 0.3000E+08 , 
  610 , 0.843683E+09 ,    79 , 0.1500E+02 , 0.3623E+06 , 0.0000E+00 , 0.0000E+00 , 0.0000E+00 ,   246 , -.1500E+02 , 0.4731E+06 , 0.0000E+00 , 0.0000E+00 , 0.3000E+08 , 
  611 , 0.845411E+09 ,    79 , 0.1500E+02 , 0.3623E+06 , 0.0000E+00 , 0.0000E+00 , 0.0000E+00 ,   246 , -.1500E+02 , 0.4730E+06 , 0.0000E+00 , 0.0000E+00 , 0.3000E+08 , 
  612 , 0.847139E+09 ,    79 , 0.1500E+02 , 0.3623E+06 , 0.0000E+00 , 0.0000E+00 , 0.0000E+00 ,   246 , -.1500E+02 , 0.4729E+06 , 0.0000E+00 , 0.0000E+00 , 0.3000E+08 , 
  613 , 0.848867E+09 ,    79 , 0.1500E+02 , 0.3623E+06 , 0.0000E+00 , 0.0000E+00 , 0.0000E+00 ,   246 , -.1500E+02 , 0.4728E+06 , 0.0000E+00 , 0.0000E+00 , 0.3000E+08 , 
  614 , 0.850595E+09 ,    79 , 0.1500E+02 , 0.3623E+06 , 0.0000E+00 , 0.0000E+00 , 0.0000E+00 ,   246 , -.1500E+02 , 0.4727E+06 , 0.0000E+00 , 0.0000E+00 , 0.3000E+08 , 
  615 , 0.852323E+09 ,    79 , 0.1500E+02 , 0.3623E+06 , 0.0000E+00 , 0.0000E+00 , 0.0000E+00 ,   246 , -.1500E+02 , 0.4726E+06 , 0.0000E+00 , 0.0000E+00 , 0.3000E+08 , 
  616 , 0.854051E+09 ,    79 , 0.1500E+02 , 0.3623E+06 , 0.0000E+00 , 0.0000E+00 , 0.0000E+00 ,   246 , -.1500E+02 , 0.4725E+06 , 0.0000E+00 , 0.0000E+00 , 0.3000E+08 , 
  617 , 0.855779E+09 ,    79 , 0.1500E+02 , 0.3623E+06 , 0.0000E+00 , 0.0000E+00 , 0.0000E+00 ,   246 , -.1500E+02 , 0.4724E+06 , 0.0000E+00 , 0.0000E+00 , 0.3000E+08 , 
  618 , 0.857507E+09 ,    79 , 0.1500E+02 , 0.3623E+06 , 0.0000E+00 , 0.0000E+00 , 0.0000E+00 ,   246 , -.1500E+02 , 0.4723E+06 , 0.0000E+00 , 0.0000E+00 , 0.3000E+08 , 
  619 , 0.859235E+09 ,    79 , 0.1500E+02 , 0.3623E+06 , 0.0000E+00 , 0.0000E+00 , 0.0000E+00 ,   246 , -.1500E+02 , 0.4722E+06 , 0.0000E+00 , 0.0000E+00 , 0.3000E+08 , 
  620 , 0.860963E+09 ,    79 , 0.1500E+02 , 0.3623E+06 , 0.0000E+00 , 0.0000E+00 , 0.0000E+00 ,   246 , -.1500E+02 , 0.4721E+06 , 0.0000E+00 , 0.0000E+00 , 0.3000E+08 , 
  621 , 0.862691E+09 ,    79 , 0.1500E+02 , 0.3623E+06 , 0.0000E+00 , 0.0000E+00 , 0.0000E+00 ,   246 , -.1500E+02 , 0.4720E+06 , 0.0000E+00 , 0.0000E+00 , 0.3000E+08 , 
  622 , 0.864000E+09 ,    79 , 0.1500E+02 , 0.3623E+06 , 0.0000E+00 , 0.0000E+00 , 0.0000E+00 ,   246 , -.1500E+02 , 0.4719E+06 , 0.0000E+00 , 0.0000E+00 , 0.3000E+08 , 
