INCON -- INITIAL CONDITIONS FOR  328 ELEMENTS AT TIME  0.864000E+09
000 1           0.10000000E+01 0.83300000E-07 0.83300000E-07 0.83300000E-07
 0.3006897073868E+08 0.1465164072112E+03
000 2           0.10000000E+01 0.83300000E-07 0.83300000E-07 0.83300000E-07
 0.3007081580227E+08 0.1084576562027E+03
000 3           0.10000000E+01 0.83300000E-07 0.83300000E-07 0.83300000E-07
 0.3007282567914E+08 0.1001041732544E+03
000 4           0.10000000E+01 0.83300000E-07 0.83300000E-07 0.83300000E-07
 0.3007544877484E+08 0.9715702608732E+02
000 5           0.10000000E+01 0.83300000E-07 0.83300000E-07 0.83300000E-07
 0.3007620605049E+08 0.9618664774480E+02
000 6           0.10000000E+01 0.83300000E-07 0.83300000E-07 0.83300000E-07
 0.3007725730937E+08 0.9783537897600E+02
000 7           0.10000000E+01 0.83300000E-07 0.83300000E-07 0.83300000E-07
 0.3007689690655E+08 0.9918455182711E+02
000 8           0.10000000E+01 0.83300000E-07 0.83300000E-07 0.83300000E-07
 0.3007549355651E+08 0.9630827538393E+02
000 9           0.10000000E+01 0.83300000E-07 0.83300000E-07 0.83300000E-07
 0.3007444027015E+08 0.9979972356788E+02
00010           0.10000000E+01 0.83300000E-07 0.83300000E-07 0.83300000E-07
 0.3007224552070E+08 0.1038952980726E+03
00011           0.10000000E+01 0.83300000E-07 0.83300000E-07 0.83300000E-07
 0.3007096226126E+08 0.1068183226962E+03
00012           0.10000000E+01 0.83300000E-07 0.83300000E-07 0.83300000E-07
 0.3006940516765E+08 0.1175211370343E+03
00013           0.10000000E+01 0.83300000E-07 0.83300000E-07 0.83300000E-07
 0.3006914990814E+08 0.1280991997987E+03
00014           0.10000000E+01 0.83300000E-07 0.83300000E-07 0.83300000E-07
 0.3007700285401E+08 0.9267470669441E+02
00015           0.10000000E+01 0.83300000E-07 0.83300000E-07 0.83300000E-07
 0.3007627421249E+08 0.9292555209964E+02
00016           0.10000000E+01 0.83300000E-07 0.83300000E-07 0.83300000E-07
 0.3007279972069E+08 0.9787840347601E+02
00017           0.10000000E+01 0.83300000E-07 0.83300000E-07 0.83300000E-07
 0.3007218358302E+08 0.1008054164150E+03
00018           0.10000000E+01 0.83300000E-07 0.83300000E-07 0.83300000E-07
 0.3007467807440E+08 0.9436499323196E+02
00019           0.10000000E+01 0.83300000E-07 0.83300000E-07 0.83300000E-07
 0.3007715901942E+08 0.8988528810032E+02
00020           0.10000000E+01 0.83300000E-07 0.83300000E-07 0.83300000E-07
 0.3007656634691E+08 0.9124591224259E+02
00021           0.10000000E+01 0.83300000E-07 0.83300000E-07 0.83300000E-07
 0.3007448804479E+08 0.9468262610226E+02
00022           0.10000000E+01 0.83300000E-07 0.83300000E-07 0.83300000E-07
 0.3007776635853E+08 0.8828789176705E+02
00023           0.10000000E+01 0.83300000E-07 0.83300000E-07 0.83300000E-07
 0.3007098669936E+08 0.1028039604533E+03
00024           0.10000000E+01 0.83300000E-07 0.83300000E-07 0.83300000E-07
 0.3006910517876E+08 0.1183862775066E+03
00025           0.10000000E+01 0.83300000E-07 0.83300000E-07 0.83300000E-07
 0.3006883540314E+08 0.1282564104894E+03
00026           0.10000000E+01 0.83300000E-07 0.83300000E-07 0.83300000E-07
 0.3007002448749E+08 0.1098932433896E+03
00027           0.10000000E+01 0.83300000E-07 0.83300000E-07 0.83300000E-07
 0.3007588046578E+08 0.8871217080588E+02
00028           0.10000000E+01 0.83300000E-07 0.83300000E-07 0.83300000E-07
 0.3007610974319E+08 0.8901505111183E+02
00029           0.10000000E+01 0.83300000E-07 0.83300000E-07 0.83300000E-07
 0.3006880379249E+08 0.1302423807478E+03
00030           0.10000000E+01 0.83300000E-07 0.83300000E-07 0.83300000E-07
 0.3006898674367E+08 0.1165088855333E+03
00031           0.10000000E+01 0.83300000E-07 0.83300000E-07 0.83300000E-07
 0.3007798322419E+08 0.8571184733785E+02
00032           0.10000000E+01 0.83300000E-07 0.83300000E-07 0.83300000E-07
 0.3007805619584E+08 0.8566032034911E+02
00033           0.10000000E+01 0.83300000E-07 0.83300000E-07 0.83300000E-07
 0.3007321742740E+08 0.9293934018361E+02
00034           0.10000000E+01 0.83300000E-07 0.83300000E-07 0.83300000E-07
 0.3006958558764E+08 0.1074406407400E+03
00035           0.10000000E+01 0.83300000E-07 0.83300000E-07 0.83300000E-07
 0.3007224412007E+08 0.9398914721925E+02
00036           0.10000000E+01 0.83300000E-07 0.83300000E-07 0.83300000E-07
 0.3007920733237E+08 0.8410526993674E+02
00037           0.10000000E+01 0.83300000E-07 0.83300000E-07 0.83300000E-07
 0.3007439048306E+08 0.8977449805462E+02
00038           0.10000000E+01 0.83300000E-07 0.83300000E-07 0.83300000E-07
 0.3007093669792E+08 0.9670280885880E+02
00039           0.10000000E+01 0.83300000E-07 0.83300000E-07 0.83300000E-07
 0.3007697856154E+08 0.8556571244452E+02
00040           0.10000000E+01 0.83300000E-07 0.83300000E-07 0.83300000E-07
 0.3007699856441E+08 0.8523042446371E+02
00041           0.10000000E+01 0.83300000E-07 0.83300000E-07 0.83300000E-07
 0.3007005682400E+08 0.9903972578913E+02
00042           0.10000000E+01 0.83300000E-07 0.83300000E-07 0.83300000E-07
 0.3007437769271E+08 0.8740305257040E+02
00043           0.10000000E+01 0.83300000E-07 0.83300000E-07 0.83300000E-07
 0.3007940194200E+08 0.8323595833776E+02
00044           0.10000000E+01 0.83300000E-07 0.83300000E-07 0.83300000E-07
 0.3007989410094E+08 0.8307321091178E+02
00045           0.10000000E+01 0.83300000E-07 0.83300000E-07 0.83300000E-07
 0.3008124704538E+08 0.8249869861793E+02
00046           0.10000000E+01 0.83300000E-07 0.83300000E-07 0.83300000E-07
 0.3007513653550E+08 0.8528226571884E+02
00047           0.10000000E+01 0.83300000E-07 0.83300000E-07 0.83300000E-07
 0.3007167147761E+08 0.9154183708543E+02
00048           0.10000000E+01 0.83300000E-07 0.83300000E-07 0.83300000E-07
 0.3007711888310E+08 0.8387495317717E+02
00049           0.10000000E+01 0.83300000E-07 0.83300000E-07 0.83300000E-07
 0.3007265755335E+08 0.8854460894866E+02
00050           0.10000000E+01 0.83300000E-07 0.83300000E-07 0.83300000E-07
 0.3007761400295E+08 0.8330338166775E+02
00051           0.10000000E+01 0.83300000E-07 0.83300000E-07 0.83300000E-07
 0.3008252170808E+08 0.8194030160239E+02
00052           0.10000000E+01 0.83300000E-07 0.83300000E-07 0.83300000E-07
 0.3006880362819E+08 0.1035735148800E+03
00053           0.10000000E+01 0.83300000E-07 0.83300000E-07 0.83300000E-07
 0.3007032570619E+08 0.9288548665760E+02
00054           0.10000000E+01 0.83300000E-07 0.83300000E-07 0.83300000E-07
 0.3006746739793E+08 0.1263644718889E+03
00055           0.10000000E+01 0.83300000E-07 0.83300000E-07 0.83300000E-07
 0.3008459744605E+08 0.8150962507196E+02
00056           0.10000000E+01 0.83300000E-07 0.83300000E-07 0.83300000E-07
 0.3006788844433E+08 0.1144988388867E+03
00057           0.10000000E+01 0.83300000E-07 0.83300000E-07 0.83300000E-07
 0.3007909775917E+08 0.8253895964499E+02
00058           0.10000000E+01 0.83300000E-07 0.83300000E-07 0.83300000E-07
 0.3008128514923E+08 0.8201294831703E+02
00059           0.10000000E+01 0.83300000E-07 0.83300000E-07 0.83300000E-07
 0.3007269700346E+08 0.8703571264147E+02
00060           0.10000000E+01 0.83300000E-07 0.83300000E-07 0.83300000E-07
 0.3006761971537E+08 0.1152103283839E+03
00061           0.10000000E+01 0.83300000E-07 0.83300000E-07 0.83300000E-07
 0.3007504405198E+08 0.8435764315259E+02
00062           0.10000000E+01 0.83300000E-07 0.83300000E-07 0.83300000E-07
 0.3008459575760E+08 0.8140235873398E+02
00063           0.10000000E+01 0.83300000E-07 0.83300000E-07 0.83300000E-07
 0.3006922056739E+08 0.9469644556385E+02
00064           0.10000000E+01 0.83300000E-07 0.83300000E-07 0.83300000E-07
 0.3007384911861E+08 0.8507699660910E+02
00065           0.10000000E+01 0.83300000E-07 0.83300000E-07 0.83300000E-07
 0.3008382739511E+08 0.8156971834479E+02
00066           0.10000000E+01 0.83300000E-07 0.83300000E-07 0.83300000E-07
 0.3008708093670E+08 0.8119483504888E+02
00067           0.10000000E+01 0.83300000E-07 0.83300000E-07 0.83300000E-07
 0.3009109651937E+08 0.8099984319199E+02
00068           0.10000000E+01 0.83300000E-07 0.83300000E-07 0.83300000E-07
 0.3007730958977E+08 0.8281936832695E+02
00069           0.10000000E+01 0.83300000E-07 0.83300000E-07 0.83300000E-07
 0.3007091031141E+08 0.8839872242779E+02
00070           0.10000000E+01 0.83300000E-07 0.83300000E-07 0.83300000E-07
 0.3006790466974E+08 0.9944823200314E+02
00071           0.10000000E+01 0.83300000E-07 0.83300000E-07 0.83300000E-07
 0.3008293192259E+08 0.8150588747526E+02
00072           0.10000000E+01 0.83300000E-07 0.83300000E-07 0.83300000E-07
 0.3008310701747E+08 0.8159360051122E+02
00073           0.10000000E+01 0.83300000E-07 0.83300000E-07 0.83300000E-07
 0.3007016654889E+08 0.8934354155565E+02
00074           0.10000000E+01 0.83300000E-07 0.83300000E-07 0.83300000E-07
 0.3009060619608E+08 0.8106167910310E+02
00075           0.10000000E+01 0.83300000E-07 0.83300000E-07 0.83300000E-07
 0.3007783002228E+08 0.8246852186087E+02
00076           0.10000000E+01 0.83300000E-07 0.83300000E-07 0.83300000E-07
 0.3007197789116E+08 0.8582448953765E+02
00077           0.10000000E+01 0.83300000E-07 0.83300000E-07 0.83300000E-07
 0.3006627593963E+08 0.1201778610566E+03
00078           0.10000000E+01 0.83300000E-07 0.83300000E-07 0.83300000E-07
 0.3009217272368E+08 0.8094509170727E+02
00079           0.10000000E+01 0.83300000E-07 0.83300000E-07 0.83300000E-07
 0.3010933008663E+08 0.8085701117327E+02
00080           0.10000000E+01 0.83300000E-07 0.83300000E-07 0.83300000E-07
 0.3009108413183E+08 0.8100264548442E+02
00081           0.10000000E+01 0.83300000E-07 0.83300000E-07 0.83300000E-07
 0.3008620429765E+08 0.8109697040585E+02
00082           0.10000000E+01 0.83300000E-07 0.83300000E-07 0.83300000E-07
 0.3007435766666E+08 0.8338599720268E+02
00083           0.10000000E+01 0.83300000E-07 0.83300000E-07 0.83300000E-07
 0.3006819244519E+08 0.9234771900015E+02
00084           0.10000000E+01 0.83300000E-07 0.83300000E-07 0.83300000E-07
 0.3009511330262E+08 0.8091163890324E+02
00085           0.10000000E+01 0.83300000E-07 0.83300000E-07 0.83300000E-07
 0.3007678407932E+08 0.8237999974296E+02
00086           0.10000000E+01 0.83300000E-07 0.83300000E-07 0.83300000E-07
 0.3009113750436E+08 0.8096816213796E+02
00087           0.10000000E+01 0.83300000E-07 0.83300000E-07 0.83300000E-07
 0.3007339369480E+08 0.8369858336390E+02
00088           0.10000000E+01 0.83300000E-07 0.83300000E-07 0.83300000E-07
 0.3008797537857E+08 0.8105405998830E+02
00089           0.10000000E+01 0.83300000E-07 0.83300000E-07 0.83300000E-07
 0.3007129179755E+08 0.8525243110018E+02
00090           0.10000000E+01 0.83300000E-07 0.83300000E-07 0.83300000E-07
 0.3008102529915E+08 0.8151356102484E+02
00091           0.10000000E+01 0.83300000E-07 0.83300000E-07 0.83300000E-07
 0.3006577389158E+08 0.1179575919651E+03
00092           0.10000000E+01 0.83300000E-07 0.83300000E-07 0.83300000E-07
 0.3006566554800E+08 0.1272250126592E+03
00093           0.10000000E+01 0.83300000E-07 0.83300000E-07 0.83300000E-07
 0.3008019575027E+08 0.8164841781860E+02
00094           0.10000000E+01 0.83300000E-07 0.83300000E-07 0.83300000E-07
 0.3006654424189E+08 0.1027791846815E+03
00095           0.10000000E+01 0.83300000E-07 0.83300000E-07 0.83300000E-07
 0.3008434023404E+08 0.8115687581566E+02
00096           0.10000000E+01 0.83300000E-07 0.83300000E-07 0.83300000E-07
 0.3007641985726E+08 0.8214797301612E+02
00097           0.10000000E+01 0.83300000E-07 0.83300000E-07 0.83300000E-07
 0.3006738897968E+08 0.9238925233073E+02
00098           0.10000000E+01 0.83300000E-07 0.83300000E-07 0.83300000E-07
 0.3008534836950E+08 0.8108371700477E+02
00099           0.10000000E+01 0.83300000E-07 0.83300000E-07 0.83300000E-07
 0.3008322745230E+08 0.8119722320877E+02
001 0           0.10000000E+01 0.83300000E-07 0.83300000E-07 0.83300000E-07
 0.3006524115096E+08 0.1152805942678E+03
001 1           0.10000000E+01 0.83300000E-07 0.83300000E-07 0.83300000E-07
 0.3007095114800E+08 0.8484271826379E+02
001 2           0.10000000E+01 0.83300000E-07 0.83300000E-07 0.83300000E-07
 0.3008098903633E+08 0.8138483226714E+02
001 3           0.10000000E+01 0.83300000E-07 0.83300000E-07 0.83300000E-07
 0.3006888278190E+08 0.8743031872230E+02
001 4           0.10000000E+01 0.83300000E-07 0.83300000E-07 0.83300000E-07
 0.3006850084890E+08 0.8741396882954E+02
001 5           0.10000000E+01 0.83300000E-07 0.83300000E-07 0.83300000E-07
 0.3007265244480E+08 0.8334560307317E+02
001 6           0.10000000E+01 0.83300000E-07 0.83300000E-07 0.83300000E-07
 0.3007861210684E+08 0.8157118199978E+02
001 7           0.10000000E+01 0.83300000E-07 0.83300000E-07 0.83300000E-07
 0.3007472636402E+08 0.8230426364281E+02
001 8           0.10000000E+01 0.83300000E-07 0.83300000E-07 0.83300000E-07
 0.3007954264064E+08 0.8143495470847E+02
001 9           0.10000000E+01 0.83300000E-07 0.83300000E-07 0.83300000E-07
 0.3006474015857E+08 0.1123200792476E+03
00110           0.10000000E+01 0.83300000E-07 0.83300000E-07 0.83300000E-07
 0.3007203795527E+08 0.8315190800625E+02
00111           0.10000000E+01 0.83300000E-07 0.83300000E-07 0.83300000E-07
 0.3007877897700E+08 0.8154500016044E+02
00112           0.10000000E+01 0.83300000E-07 0.83300000E-07 0.83300000E-07
 0.3006549550163E+08 0.9726357616239E+02
00113           0.10000000E+01 0.83300000E-07 0.83300000E-07 0.83300000E-07
 0.3007462758171E+08 0.8214230849505E+02
00114           0.10000000E+01 0.83300000E-07 0.83300000E-07 0.83300000E-07
 0.3006895263294E+08 0.8521990565092E+02
00115           0.10000000E+01 0.83300000E-07 0.83300000E-07 0.83300000E-07
 0.3006604545596E+08 0.9054674451003E+02
00116           0.10000000E+01 0.83300000E-07 0.83300000E-07 0.83300000E-07
 0.3007500159902E+08 0.8181663876845E+02
00117           0.10000000E+01 0.83300000E-07 0.83300000E-07 0.83300000E-07
 0.3006612553971E+08 0.8911140709514E+02
00118           0.10000000E+01 0.83300000E-07 0.83300000E-07 0.83300000E-07
 0.3007302740183E+08 0.8224252987136E+02
00119           0.10000000E+01 0.83300000E-07 0.83300000E-07 0.83300000E-07
 0.3006809079933E+08 0.8506246158115E+02
00120           0.10000000E+01 0.83300000E-07 0.83300000E-07 0.83300000E-07
 0.3006459829840E+08 0.9453219800182E+02
00121           0.10000000E+01 0.83300000E-07 0.83300000E-07 0.83300000E-07
 0.3006950293327E+08 0.8366132583951E+02
00122           0.10000000E+01 0.83300000E-07 0.83300000E-07 0.83300000E-07
 0.3006973638105E+08 0.8328456355056E+02
00123           0.10000000E+01 0.83300000E-07 0.83300000E-07 0.83300000E-07
 0.3007193371477E+08 0.8238529515105E+02
00124           0.10000000E+01 0.83300000E-07 0.83300000E-07 0.83300000E-07
 0.3006347608963E+08 0.1066735080328E+03
00125           0.10000000E+01 0.83300000E-07 0.83300000E-07 0.83300000E-07
 0.3006258313089E+08 0.1204408495973E+03
00126           0.10000000E+01 0.83300000E-07 0.83300000E-07 0.83300000E-07
 0.3007092357336E+08 0.8235374914125E+02
00127           0.10000000E+01 0.83300000E-07 0.83300000E-07 0.83300000E-07
 0.3006895393090E+08 0.8304908071793E+02
00128           0.10000000E+01 0.83300000E-07 0.83300000E-07 0.83300000E-07
 0.3006493415062E+08 0.8828217953419E+02
00129           0.10000000E+01 0.83300000E-07 0.83300000E-07 0.83300000E-07
 0.3006639787247E+08 0.8517919337587E+02
00130           0.10000000E+01 0.83300000E-07 0.83300000E-07 0.83300000E-07
 0.3006262779721E+08 0.1072906215561E+03
00131           0.10000000E+01 0.83300000E-07 0.83300000E-07 0.83300000E-07
 0.3006803061894E+08 0.8323860857705E+02
00132           0.10000000E+01 0.83300000E-07 0.83300000E-07 0.83300000E-07
 0.3006501748556E+08 0.8669987861943E+02
00133           0.10000000E+01 0.83300000E-07 0.83300000E-07 0.83300000E-07
 0.3006196904853E+08 0.1198221298258E+03
00134           0.10000000E+01 0.83300000E-07 0.83300000E-07 0.83300000E-07
 0.3006201284324E+08 0.1152404110067E+03
00135           0.10000000E+01 0.83300000E-07 0.83300000E-07 0.83300000E-07
 0.3006760553204E+08 0.8314484048876E+02
00136           0.10000000E+01 0.83300000E-07 0.83300000E-07 0.83300000E-07
 0.3006264606017E+08 0.9344707947608E+02
00137           0.10000000E+01 0.83300000E-07 0.83300000E-07 0.83300000E-07
 0.3006549240395E+08 0.8459335048353E+02
00138           0.10000000E+01 0.83300000E-07 0.83300000E-07 0.83300000E-07
 0.3006705021882E+08 0.8316037261484E+02
00139           0.10000000E+01 0.83300000E-07 0.83300000E-07 0.83300000E-07
 0.3006283400230E+08 0.9037258013095E+02
00140           0.10000000E+01 0.83300000E-07 0.83300000E-07 0.83300000E-07
 0.3006530104409E+08 0.8414659918794E+02
00141           0.10000000E+01 0.83300000E-07 0.83300000E-07 0.83300000E-07
 0.3006491700282E+08 0.8398151298271E+02
00142           0.10000000E+01 0.83300000E-07 0.83300000E-07 0.83300000E-07
 0.3006314354093E+08 0.8633010779819E+02
00143           0.10000000E+01 0.83300000E-07 0.83300000E-07 0.83300000E-07
 0.3006058309589E+08 0.1162443952855E+03
00144           0.10000000E+01 0.83300000E-07 0.83300000E-07 0.83300000E-07
 0.3006053300511E+08 0.1228917096662E+03
00145           0.10000000E+01 0.83300000E-07 0.83300000E-07 0.83300000E-07
 0.3006117825956E+08 0.9714050232875E+02
00146           0.10000000E+01 0.83300000E-07 0.83300000E-07 0.83300000E-07
 0.3006386132657E+08 0.8393774797763E+02
00147           0.10000000E+01 0.83300000E-07 0.83300000E-07 0.83300000E-07
 0.3006040705125E+08 0.1095599104105E+03
00148           0.10000000E+01 0.83300000E-07 0.83300000E-07 0.83300000E-07
 0.3006132148000E+08 0.9020854838737E+02
00149           0.10000000E+01 0.83300000E-07 0.83300000E-07 0.83300000E-07
 0.3006186951689E+08 0.8721910299666E+02
00150           0.10000000E+01 0.83300000E-07 0.83300000E-07 0.83300000E-07
 0.3006250595900E+08 0.8426046368767E+02
00151           0.10000000E+01 0.83300000E-07 0.83300000E-07 0.83300000E-07
 0.3006177194948E+08 0.8524453543569E+02
00152           0.10000000E+01 0.83300000E-07 0.83300000E-07 0.83300000E-07
 0.3006164844454E+08 0.8503199992356E+02
00153           0.10000000E+01 0.83300000E-07 0.83300000E-07 0.83300000E-07
 0.3005962524447E+08 0.1089859151908E+03
00154           0.10000000E+01 0.83300000E-07 0.83300000E-07 0.83300000E-07
 0.3005949746581E+08 0.9493621299861E+02
00155           0.10000000E+01 0.83300000E-07 0.83300000E-07 0.83300000E-07
 0.3005988118299E+08 0.8767179131546E+02
00156           0.10000000E+01 0.83300000E-07 0.83300000E-07 0.83300000E-07
 0.3005998250385E+08 0.8479753620877E+02
00157           0.10000000E+01 0.83300000E-07 0.83300000E-07 0.83300000E-07
 0.3005907080297E+08 0.9285070526146E+02
00158           0.10000000E+01 0.83300000E-07 0.83300000E-07 0.83300000E-07
 0.3005888560503E+08 0.8811649219611E+02
00159           0.10000000E+01 0.83300000E-07 0.83300000E-07 0.83300000E-07
 0.3005829260180E+08 0.1205042795868E+03
00160           0.10000000E+01 0.83300000E-07 0.83300000E-07 0.83300000E-07
 0.3005872145712E+08 0.8540971842238E+02
00161           0.10000000E+01 0.83300000E-07 0.83300000E-07 0.83300000E-07
 0.3005828102872E+08 0.8601185060317E+02
00162           0.10000000E+01 0.83300000E-07 0.83300000E-07 0.83300000E-07
 0.3005798724487E+08 0.1144458007406E+03
00163           0.10000000E+01 0.83300000E-07 0.83300000E-07 0.83300000E-07
 0.3005744156872E+08 0.9333610077280E+02
00164           0.10000000E+01 0.83300000E-07 0.83300000E-07 0.83300000E-07
 0.3005743979933E+08 0.1045077993275E+03
00165           0.10000000E+01 0.83300000E-07 0.83300000E-07 0.83300000E-07
 0.3005714417056E+08 0.8863856026111E+02
00166           0.10000000E+01 0.83300000E-07 0.83300000E-07 0.83300000E-07
 0.3005697346689E+08 0.8720828720693E+02
00167           0.10000000E+01 0.83300000E-07 0.83300000E-07 0.83300000E-07
 0.3005646598346E+08 0.8571889194498E+02
00168           0.10000000E+01 0.83300000E-07 0.83300000E-07 0.83300000E-07
 0.3005589897937E+08 0.8607569096439E+02
00169           0.10000000E+01 0.83300000E-07 0.83300000E-07 0.83300000E-07
 0.3005668889630E+08 0.1040303343124E+03
00170           0.10000000E+01 0.83300000E-07 0.83300000E-07 0.83300000E-07
 0.3005663012604E+08 0.1156930342676E+03
00171           0.10000000E+01 0.83300000E-07 0.83300000E-07 0.83300000E-07
 0.3005571390254E+08 0.9129219211587E+02
00172           0.10000000E+01 0.83300000E-07 0.83300000E-07 0.83300000E-07
 0.3005458510451E+08 0.8673301885183E+02
00173           0.10000000E+01 0.83300000E-07 0.83300000E-07 0.83300000E-07
 0.3005429541249E+08 0.8709436611292E+02
00174           0.10000000E+01 0.83300000E-07 0.83300000E-07 0.83300000E-07
 0.3005565756492E+08 0.9933862668130E+02
00175           0.10000000E+01 0.83300000E-07 0.83300000E-07 0.83300000E-07
 0.3005441042121E+08 0.8859919905455E+02
00176           0.10000000E+01 0.83300000E-07 0.83300000E-07 0.83300000E-07
 0.3005606629822E+08 0.1226630046859E+03
00177           0.10000000E+01 0.83300000E-07 0.83300000E-07 0.83300000E-07
 0.3005469996207E+08 0.9170980603705E+02
00178           0.10000000E+01 0.83300000E-07 0.83300000E-07 0.83300000E-07
 0.3005386945569E+08 0.8915345571135E+02
00179           0.10000000E+01 0.83300000E-07 0.83300000E-07 0.83300000E-07
 0.3005274560312E+08 0.8672600345526E+02
00180           0.10000000E+01 0.83300000E-07 0.83300000E-07 0.83300000E-07
 0.3005187739380E+08 0.8705024052712E+02
00181           0.10000000E+01 0.83300000E-07 0.83300000E-07 0.83300000E-07
 0.3005469890186E+08 0.1031373245367E+03
00182           0.10000000E+01 0.83300000E-07 0.83300000E-07 0.83300000E-07
 0.3005133625000E+08 0.8806827545456E+02
00183           0.10000000E+01 0.83300000E-07 0.83300000E-07 0.83300000E-07
 0.3005371828179E+08 0.9790558409175E+02
00184           0.10000000E+01 0.83300000E-07 0.83300000E-07 0.83300000E-07
 0.3005463825312E+08 0.1133867885739E+03
00185           0.10000000E+01 0.83300000E-07 0.83300000E-07 0.83300000E-07
 0.3005471854507E+08 0.1234244796641E+03
00186           0.10000000E+01 0.83300000E-07 0.83300000E-07 0.83300000E-07
 0.3005468996990E+08 0.1192758310689E+03
00187           0.10000000E+01 0.83300000E-07 0.83300000E-07 0.83300000E-07
 0.3005026086526E+08 0.8797083779383E+02
00188           0.10000000E+01 0.83300000E-07 0.83300000E-07 0.83300000E-07
 0.3005137768019E+08 0.9114705794234E+02
00189           0.10000000E+01 0.83300000E-07 0.83300000E-07 0.83300000E-07
 0.3005276714362E+08 0.9742348071531E+02
00190           0.10000000E+01 0.83300000E-07 0.83300000E-07 0.83300000E-07
 0.3005182825579E+08 0.9291112194095E+02
00191           0.10000000E+01 0.83300000E-07 0.83300000E-07 0.83300000E-07
 0.3005066579555E+08 0.9027613499247E+02
00192           0.10000000E+01 0.83300000E-07 0.83300000E-07 0.83300000E-07
 0.3005372975485E+08 0.1087343124365E+03
00193           0.10000000E+01 0.83300000E-07 0.83300000E-07 0.83300000E-07
 0.3004860373636E+08 0.8770998420678E+02
00194           0.10000000E+01 0.83300000E-07 0.83300000E-07 0.83300000E-07
 0.3005184089488E+08 0.9531027935604E+02
00195           0.10000000E+01 0.83300000E-07 0.83300000E-07 0.83300000E-07
 0.3004808148879E+08 0.8789382542893E+02
00196           0.10000000E+01 0.83300000E-07 0.83300000E-07 0.83300000E-07
 0.3004918161109E+08 0.9036338340558E+02
00197           0.10000000E+01 0.83300000E-07 0.83300000E-07 0.83300000E-07
 0.3005340848998E+08 0.1129188190293E+03
00198           0.10000000E+01 0.83300000E-07 0.83300000E-07 0.83300000E-07
 0.3005250284166E+08 0.1054978259417E+03
00199           0.10000000E+01 0.83300000E-07 0.83300000E-07 0.83300000E-07
 0.3004715944530E+08 0.8942034911680E+02
002 0           0.10000000E+01 0.83300000E-07 0.83300000E-07 0.83300000E-07
 0.3005330859642E+08 0.1218884066387E+03
002 1           0.10000000E+01 0.83300000E-07 0.83300000E-07 0.83300000E-07
 0.3005337750889E+08 0.1256161468070E+03
002 2           0.10000000E+01 0.83300000E-07 0.83300000E-07 0.83300000E-07
 0.3004664652537E+08 0.8977850396308E+02
002 3           0.10000000E+01 0.83300000E-07 0.83300000E-07 0.83300000E-07
 0.3005206775709E+08 0.1071151028601E+03
002 4           0.10000000E+01 0.83300000E-07 0.83300000E-07 0.83300000E-07
 0.3004485893401E+08 0.8826785461391E+02
002 5           0.10000000E+01 0.83300000E-07 0.83300000E-07 0.83300000E-07
 0.3004854591893E+08 0.9430259141963E+02
002 6           0.10000000E+01 0.83300000E-07 0.83300000E-07 0.83300000E-07
 0.3005064917032E+08 0.1012881658022E+03
002 7           0.10000000E+01 0.83300000E-07 0.83300000E-07 0.83300000E-07
 0.3004429786243E+08 0.8914590574316E+02
002 8           0.10000000E+01 0.83300000E-07 0.83300000E-07 0.83300000E-07
 0.3004404065270E+08 0.8905579715281E+02
002 9           0.10000000E+01 0.83300000E-07 0.83300000E-07 0.83300000E-07
 0.3004742451606E+08 0.9337199941375E+02
00210           0.10000000E+01 0.83300000E-07 0.83300000E-07 0.83300000E-07
 0.3004944039701E+08 0.9949279434702E+02
00211           0.10000000E+01 0.83300000E-07 0.83300000E-07 0.83300000E-07
 0.3004875231040E+08 0.9730106987921E+02
00212           0.10000000E+01 0.83300000E-07 0.83300000E-07 0.83300000E-07
 0.3004640272404E+08 0.9303049736405E+02
00213           0.10000000E+01 0.83300000E-07 0.83300000E-07 0.83300000E-07
 0.3005017038181E+08 0.1063658191509E+03
00214           0.10000000E+01 0.83300000E-07 0.83300000E-07 0.83300000E-07
 0.3004077264718E+08 0.8882296414068E+02
00215           0.10000000E+01 0.83300000E-07 0.83300000E-07 0.83300000E-07
 0.3004323978787E+08 0.9181182853916E+02
00216           0.10000000E+01 0.83300000E-07 0.83300000E-07 0.83300000E-07
 0.3004208576905E+08 0.9109347246315E+02
00217           0.10000000E+01 0.83300000E-07 0.83300000E-07 0.83300000E-07
 0.3005207989989E+08 0.1244446937262E+03
00218           0.10000000E+01 0.83300000E-07 0.83300000E-07 0.83300000E-07
 0.3005194196494E+08 0.1208494497372E+03
00219           0.10000000E+01 0.83300000E-07 0.83300000E-07 0.83300000E-07
 0.3004405790516E+08 0.9369138343839E+02
00220           0.10000000E+01 0.83300000E-07 0.83300000E-07 0.83300000E-07
 0.3003944619966E+08 0.8932331274354E+02
00221           0.10000000E+01 0.83300000E-07 0.83300000E-07 0.83300000E-07
 0.3005139416647E+08 0.1168270843893E+03
00222           0.10000000E+01 0.83300000E-07 0.83300000E-07 0.83300000E-07
 0.3005060144673E+08 0.1130852345014E+03
00223           0.10000000E+01 0.83300000E-07 0.83300000E-07 0.83300000E-07
 0.3003944367691E+08 0.9142883655908E+02
00224           0.10000000E+01 0.83300000E-07 0.83300000E-07 0.83300000E-07
 0.3004700823577E+08 0.9984068771439E+02
00225           0.10000000E+01 0.83300000E-07 0.83300000E-07 0.83300000E-07
 0.3003686381102E+08 0.9033953069984E+02
00226           0.10000000E+01 0.83300000E-07 0.83300000E-07 0.83300000E-07
 0.3004473681775E+08 0.9746350492649E+02
00227           0.10000000E+01 0.83300000E-07 0.83300000E-07 0.83300000E-07
 0.3004471453840E+08 0.9879125732264E+02
00228           0.10000000E+01 0.83300000E-07 0.83300000E-07 0.83300000E-07
 0.3004807615751E+08 0.1051678693044E+03
00229           0.10000000E+01 0.83300000E-07 0.83300000E-07 0.83300000E-07
 0.3004944307511E+08 0.1099587356639E+03
00230           0.10000000E+01 0.83300000E-07 0.83300000E-07 0.83300000E-07
 0.3003424036760E+08 0.8976470288501E+02
00231           0.10000000E+01 0.83300000E-07 0.83300000E-07 0.83300000E-07
 0.3003892216188E+08 0.9243864941461E+02
00232           0.10000000E+01 0.83300000E-07 0.83300000E-07 0.83300000E-07
 0.3005042261391E+08 0.1150312648852E+03
00233           0.10000000E+01 0.83300000E-07 0.83300000E-07 0.83300000E-07
 0.3004163213520E+08 0.9641602888311E+02
00234           0.10000000E+01 0.83300000E-07 0.83300000E-07 0.83300000E-07
 0.3004595001344E+08 0.1021312899122E+03
00235           0.10000000E+01 0.83300000E-07 0.83300000E-07 0.83300000E-07
 0.3003389479284E+08 0.9279959319356E+02
00236           0.10000000E+01 0.83300000E-07 0.83300000E-07 0.83300000E-07
 0.3005074448459E+08 0.1231668927505E+03
00237           0.10000000E+01 0.83300000E-07 0.83300000E-07 0.83300000E-07
 0.3003817245966E+08 0.9664206174738E+02
00238           0.10000000E+01 0.83300000E-07 0.83300000E-07 0.83300000E-07
 0.3003491162154E+08 0.9398167683426E+02
00239           0.10000000E+01 0.83300000E-07 0.83300000E-07 0.83300000E-07
 0.3004098073829E+08 0.9931616142717E+02
00240           0.10000000E+01 0.83300000E-07 0.83300000E-07 0.83300000E-07
 0.3004725344892E+08 0.1097325471080E+03
00241           0.10000000E+01 0.83300000E-07 0.83300000E-07 0.83300000E-07
 0.3003804249214E+08 0.9841987020701E+02
00242           0.10000000E+01 0.83300000E-07 0.83300000E-07 0.83300000E-07
 0.3004836091612E+08 0.1115734514104E+03
00243           0.10000000E+01 0.83300000E-07 0.83300000E-07 0.83300000E-07
 0.3004488756740E+08 0.1057616024089E+03
00244           0.10000000E+01 0.83300000E-07 0.83300000E-07 0.83300000E-07
 0.3005049640460E+08 0.1259913179203E+03
00245           0.10000000E+01 0.83300000E-07 0.83300000E-07 0.83300000E-07
 0.3003052872714E+08 0.1016159538750E+03
00246           0.10000000E+01 0.83300000E-07 0.83300000E-07 0.83300000E-07
 0.3001758060619E+08 0.1072870247484E+03
00247           0.10000000E+01 0.83300000E-07 0.83300000E-07 0.83300000E-07
 0.3002970783099E+08 0.9967142300155E+02
00248           0.10000000E+01 0.83300000E-07 0.83300000E-07 0.83300000E-07
 0.3005044258374E+08 0.1287762472390E+03
00249           0.10000000E+01 0.83300000E-07 0.83300000E-07 0.83300000E-07
 0.3003883528402E+08 0.1014637869687E+03
00250           0.10000000E+01 0.83300000E-07 0.83300000E-07 0.83300000E-07
 0.3004540668015E+08 0.1088145492971E+03
00251           0.10000000E+01 0.83300000E-07 0.83300000E-07 0.83300000E-07
 0.3004219760094E+08 0.1056641530165E+03
00252           0.10000000E+01 0.83300000E-07 0.83300000E-07 0.83300000E-07
 0.3003411823328E+08 0.1077645690143E+03
00253           0.10000000E+01 0.83300000E-07 0.83300000E-07 0.83300000E-07
 0.3003729775438E+08 0.1087654135260E+03
00254           0.10000000E+01 0.83300000E-07 0.83300000E-07 0.83300000E-07
 0.3002927711699E+08 0.1264770486644E+03
00255           0.10000000E+01 0.83300000E-07 0.83300000E-07 0.83300000E-07
 0.3004683825781E+08 0.1134344238831E+03
00256           0.10000000E+01 0.83300000E-07 0.83300000E-07 0.83300000E-07
 0.3004252065922E+08 0.1083732177814E+03
00257           0.10000000E+01 0.83300000E-07 0.83300000E-07 0.83300000E-07
 0.3004829282296E+08 0.1188968731585E+03
00258           0.10000000E+01 0.83300000E-07 0.83300000E-07 0.83300000E-07
 0.3003114469970E+08 0.1250517400994E+03
00259           0.10000000E+01 0.83300000E-07 0.83300000E-07 0.83300000E-07
 0.3004801126466E+08 0.1169320745623E+03
00260           0.10000000E+01 0.83300000E-07 0.83300000E-07 0.83300000E-07
 0.3004905397972E+08 0.1215526002865E+03
00261           0.10000000E+01 0.83300000E-07 0.83300000E-07 0.83300000E-07
 0.3003568457754E+08 0.1136075298506E+03
00262           0.10000000E+01 0.83300000E-07 0.83300000E-07 0.83300000E-07
 0.3003887692649E+08 0.1128617379566E+03
00263           0.10000000E+01 0.83300000E-07 0.83300000E-07 0.83300000E-07
 0.3003864232602E+08 0.1137182508551E+03
00264           0.10000000E+01 0.83300000E-07 0.83300000E-07 0.83300000E-07
 0.3004520128476E+08 0.1150512912809E+03
00265           0.10000000E+01 0.83300000E-07 0.83300000E-07 0.83300000E-07
 0.3003294041186E+08 0.1344440786865E+03
00266           0.10000000E+01 0.83300000E-07 0.83300000E-07 0.83300000E-07
 0.3004946261934E+08 0.1266217556800E+03
00267           0.10000000E+01 0.83300000E-07 0.83300000E-07 0.83300000E-07
 0.3004354289790E+08 0.1135938982771E+03
00268           0.10000000E+01 0.83300000E-07 0.83300000E-07 0.83300000E-07
 0.3003548629190E+08 0.1237361661220E+03
00269           0.10000000E+01 0.83300000E-07 0.83300000E-07 0.83300000E-07
 0.3003538205091E+08 0.1325485811008E+03
00270           0.10000000E+01 0.83300000E-07 0.83300000E-07 0.83300000E-07
 0.3004850230717E+08 0.1241165585517E+03
00271           0.10000000E+01 0.83300000E-07 0.83300000E-07 0.83300000E-07
 0.3004437896950E+08 0.1151214647498E+03
00272           0.10000000E+01 0.83300000E-07 0.83300000E-07 0.83300000E-07
 0.3004178912866E+08 0.1160498046979E+03
00273           0.10000000E+01 0.83300000E-07 0.83300000E-07 0.83300000E-07
 0.3004610339081E+08 0.1196513159220E+03
00274           0.10000000E+01 0.83300000E-07 0.83300000E-07 0.83300000E-07
 0.3003646155708E+08 0.1397540232540E+03
00275           0.10000000E+01 0.83300000E-07 0.83300000E-07 0.83300000E-07
 0.3003823516534E+08 0.1288936862722E+03
00276           0.10000000E+01 0.83300000E-07 0.83300000E-07 0.83300000E-07
 0.3004149695432E+08 0.1193164606876E+03
00277           0.10000000E+01 0.83300000E-07 0.83300000E-07 0.83300000E-07
 0.3004872473543E+08 0.1305835851319E+03
00278           0.10000000E+01 0.83300000E-07 0.83300000E-07 0.83300000E-07
 0.3004015848392E+08 0.1230157209511E+03
00279           0.10000000E+01 0.83300000E-07 0.83300000E-07 0.83300000E-07
 0.3004741100363E+08 0.1238852059524E+03
00280           0.10000000E+01 0.83300000E-07 0.83300000E-07 0.83300000E-07
 0.3003911133396E+08 0.1287421037937E+03
00281           0.10000000E+01 0.83300000E-07 0.83300000E-07 0.83300000E-07
 0.3004553806103E+08 0.1210217122900E+03
00282           0.10000000E+01 0.83300000E-07 0.83300000E-07 0.83300000E-07
 0.3004383635816E+08 0.1232789144913E+03
00283           0.10000000E+01 0.83300000E-07 0.83300000E-07 0.83300000E-07
 0.3004685189813E+08 0.1240199063389E+03
00284           0.10000000E+01 0.83300000E-07 0.83300000E-07 0.83300000E-07
 0.3004352358145E+08 0.1212646406617E+03
00285           0.10000000E+01 0.83300000E-07 0.83300000E-07 0.83300000E-07
 0.3003859202821E+08 0.1431371586750E+03
00286           0.10000000E+01 0.83300000E-07 0.83300000E-07 0.83300000E-07
 0.3004178863766E+08 0.1299583124252E+03
00287           0.10000000E+01 0.83300000E-07 0.83300000E-07 0.83300000E-07
 0.3003997701767E+08 0.1373429762229E+03
00288           0.10000000E+01 0.83300000E-07 0.83300000E-07 0.83300000E-07
 0.3004579732418E+08 0.1284786020546E+03
00289           0.10000000E+01 0.83300000E-07 0.83300000E-07 0.83300000E-07
 0.3003948786516E+08 0.1438630460216E+03
00290           0.10000000E+01 0.83300000E-07 0.83300000E-07 0.83300000E-07
 0.3004213915400E+08 0.1292678077362E+03
00291           0.10000000E+01 0.83300000E-07 0.83300000E-07 0.83300000E-07
 0.3004079636128E+08 0.1340576203767E+03
00292           0.10000000E+01 0.83300000E-07 0.83300000E-07 0.83300000E-07
 0.3004760745958E+08 0.1335881619841E+03
00293           0.10000000E+01 0.83300000E-07 0.83300000E-07 0.83300000E-07
 0.3004426583561E+08 0.1324523779080E+03
00294           0.10000000E+01 0.83300000E-07 0.83300000E-07 0.83300000E-07
 0.3004374202500E+08 0.1322858954710E+03
00295           0.10000000E+01 0.83300000E-07 0.83300000E-07 0.83300000E-07
 0.3004112367133E+08 0.1373737995801E+03
00296           0.10000000E+01 0.83300000E-07 0.83300000E-07 0.83300000E-07
 0.3004810802712E+08 0.1343554629530E+03
00297           0.10000000E+01 0.83300000E-07 0.83300000E-07 0.83300000E-07
 0.3004798765316E+08 0.1355657821888E+03
00298           0.10000000E+01 0.83300000E-07 0.83300000E-07 0.83300000E-07
 0.3004645027288E+08 0.1317943178387E+03
00299           0.10000000E+01 0.83300000E-07 0.83300000E-07 0.83300000E-07
 0.3004529353043E+08 0.1331767334323E+03
003 0           0.10000000E+01 0.83300000E-07 0.83300000E-07 0.83300000E-07
 0.3004272465479E+08 0.1351280991540E+03
003 1           0.10000000E+01 0.83300000E-07 0.83300000E-07 0.83300000E-07
 0.3004032846723E+08 0.1466193055129E+03
003 2           0.10000000E+01 0.83300000E-07 0.83300000E-07 0.83300000E-07
 0.3004679688795E+08 0.1402743499179E+03
003 3           0.10000000E+01 0.83300000E-07 0.83300000E-07 0.83300000E-07
 0.3004075492943E+08 0.1475670237700E+03
003 4           0.10000000E+01 0.83300000E-07 0.83300000E-07 0.83300000E-07
 0.3004769035867E+08 0.1385060462212E+03
003 5           0.10000000E+01 0.83300000E-07 0.83300000E-07 0.83300000E-07
 0.3004788076406E+08 0.1402338030628E+03
003 6           0.10000000E+01 0.83300000E-07 0.83300000E-07 0.83300000E-07
 0.3004157175046E+08 0.1416597544638E+03
003 7           0.10000000E+01 0.83300000E-07 0.83300000E-07 0.83300000E-07
 0.3004492682455E+08 0.1375392384854E+03
003 8           0.10000000E+01 0.83300000E-07 0.83300000E-07 0.83300000E-07
 0.3004210042221E+08 0.1440863933398E+03
003 9           0.10000000E+01 0.83300000E-07 0.83300000E-07 0.83300000E-07
 0.3004360782786E+08 0.1416917845413E+03
00310           0.10000000E+01 0.83300000E-07 0.83300000E-07 0.83300000E-07
 0.3004099703495E+08 0.1486269171225E+03
00311           0.10000000E+01 0.83300000E-07 0.83300000E-07 0.83300000E-07
 0.3004329432536E+08 0.1412198256500E+03
00312           0.10000000E+01 0.83300000E-07 0.83300000E-07 0.83300000E-07
 0.3004624505488E+08 0.1402469105241E+03
00313           0.10000000E+01 0.83300000E-07 0.83300000E-07 0.83300000E-07
 0.3004481488175E+08 0.1408305119213E+03
00314           0.10000000E+01 0.83300000E-07 0.83300000E-07 0.83300000E-07
 0.3004133604732E+08 0.1471735513946E+03
00315           0.10000000E+01 0.83300000E-07 0.83300000E-07 0.83300000E-07
 0.3004173522731E+08 0.1455599122253E+03
00316           0.10000000E+01 0.83300000E-07 0.83300000E-07 0.83300000E-07
 0.3004773874158E+08 0.1467280298390E+03
00317           0.10000000E+01 0.83300000E-07 0.83300000E-07 0.83300000E-07
 0.3004686495650E+08 0.1427113205800E+03
00318           0.10000000E+01 0.83300000E-07 0.83300000E-07 0.83300000E-07
 0.3004615567194E+08 0.1446583023505E+03
00319           0.10000000E+01 0.83300000E-07 0.83300000E-07 0.83300000E-07
 0.3004454950740E+08 0.1437176359107E+03
00320           0.10000000E+01 0.83300000E-07 0.83300000E-07 0.83300000E-07
 0.3004262988176E+08 0.1429473204357E+03
00321           0.10000000E+01 0.83300000E-07 0.83300000E-07 0.83300000E-07
 0.3004180072086E+08 0.1454581415865E+03
00322           0.10000000E+01 0.83300000E-07 0.83300000E-07 0.83300000E-07
 0.3004120574768E+08 0.1506686561699E+03
00323           0.10000000E+01 0.83300000E-07 0.83300000E-07 0.83300000E-07
 0.3004143936081E+08 0.1474399426779E+03
00324           0.10000000E+01 0.83300000E-07 0.83300000E-07 0.83300000E-07
 0.3004260487031E+08 0.1446915159375E+03
00325           0.10000000E+01 0.83300000E-07 0.83300000E-07 0.83300000E-07
 0.3004391486364E+08 0.1433564976090E+03
00326           0.10000000E+01 0.83300000E-07 0.83300000E-07 0.83300000E-07
 0.3004519753872E+08 0.1435587679241E+03
00327           0.10000000E+01 0.83300000E-07 0.83300000E-07 0.83300000E-07
 0.3004748874335E+08 0.1502913920781E+03
00328           0.10000000E+01 0.83300000E-07 0.83300000E-07 0.83300000E-07
 0.3004767604249E+08 0.1499151306588E+03
+++  
       622      1837    2 0.00000000E+00 0.86400000E+09
