    Geochemical state variables at restart time (s):
0.86400000E+09
     Concentration of primary species mol/kgw :
 0.55508680E+02 0.22694663E-05 0.10000000E-09
 0.55508680E+02 0.22694663E-05 0.10000000E-09
 0.55508680E+02 0.22694663E-05 0.10000000E-09
 0.55508680E+02 0.22694663E-05 0.10000000E-09
 0.55508680E+02 0.22694663E-05 0.10000000E-09
 0.55508680E+02 0.22694663E-05 0.10000000E-09
 0.55508680E+02 0.22694663E-05 0.10000000E-09
 0.55508680E+02 0.22694663E-05 0.10000000E-09
 0.55508680E+02 0.22694663E-05 0.10000000E-09
 0.55508680E+02 0.22694663E-05 0.10000000E-09
 0.55508680E+02 0.22694663E-05 0.10000000E-09
 0.55508680E+02 0.22694663E-05 0.10000000E-09
 0.55508680E+02 0.22694663E-05 0.10000000E-09
 0.55508680E+02 0.22694663E-05 0.10000000E-09
 0.55508680E+02 0.22694663E-05 0.10000000E-09
 0.55508680E+02 0.22694663E-05 0.10000000E-09
 0.55508680E+02 0.22694663E-05 0.10000000E-09
 0.55508680E+02 0.22694663E-05 0.10000000E-09
 0.55508680E+02 0.22694663E-05 0.10000000E-09
 0.55508680E+02 0.22694663E-05 0.10000000E-09
 0.55508680E+02 0.22694663E-05 0.10000000E-09
 0.55508680E+02 0.22694663E-05 0.10000000E-09
 0.55508680E+02 0.22694663E-05 0.10000000E-09
 0.55508680E+02 0.22694663E-05 0.10000000E-09
 0.55508680E+02 0.22694663E-05 0.10000000E-09
 0.55508680E+02 0.22694663E-05 0.10000000E-09
 0.55508680E+02 0.22694663E-05 0.10000000E-09
 0.55508680E+02 0.22694663E-05 0.10000000E-09
 0.55508680E+02 0.22694663E-05 0.10000000E-09
 0.55508680E+02 0.22694663E-05 0.10000000E-09
 0.55508680E+02 0.22694663E-05 0.10000000E-09
 0.55508680E+02 0.22694663E-05 0.10000000E-09
 0.55508680E+02 0.22694663E-05 0.10000000E-09
 0.55508680E+02 0.22694663E-05 0.10000000E-09
 0.55508680E+02 0.22694663E-05 0.10000000E-09
 0.55508680E+02 0.22694663E-05 0.10000000E-09
 0.55508680E+02 0.22694663E-05 0.10000000E-09
 0.55508680E+02 0.22694663E-05 0.10000000E-09
 0.55508680E+02 0.22694663E-05 0.10000000E-09
 0.55508680E+02 0.22694663E-05 0.10000000E-09
 0.55508680E+02 0.22694663E-05 0.10000000E-09
 0.55508680E+02 0.22694663E-05 0.10000000E-09
 0.55508680E+02 0.22694663E-05 0.10000000E-09
 0.55508680E+02 0.22694663E-05 0.10000000E-09
 0.55508680E+02 0.22694663E-05 0.10000000E-09
 0.55508680E+02 0.22694663E-05 0.10000000E-09
 0.55508680E+02 0.22694663E-05 0.10000000E-09
 0.55508680E+02 0.22694663E-05 0.10000000E-09
 0.55508680E+02 0.22694663E-05 0.10000000E-09
 0.55508680E+02 0.22694663E-05 0.10000000E-09
 0.55508680E+02 0.22694663E-05 0.10000000E-09
 0.55508680E+02 0.22694663E-05 0.10000000E-09
 0.55508680E+02 0.22694663E-05 0.10000000E-09
 0.55508680E+02 0.22694663E-05 0.10000000E-09
 0.55508680E+02 0.22694663E-05 0.10000000E-09
 0.55508680E+02 0.22694663E-05 0.10000000E-09
 0.55508680E+02 0.22694663E-05 0.10000000E-09
 0.55508680E+02 0.22694663E-05 0.10000000E-09
 0.55508680E+02 0.22694663E-05 0.10000000E-09
 0.55508680E+02 0.22694663E-05 0.10000000E-09
 0.55508680E+02 0.22694663E-05 0.10000000E-09
 0.55508680E+02 0.22694663E-05 0.10000000E-09
 0.55508680E+02 0.22694663E-05 0.10000000E-09
 0.55508680E+02 0.22694663E-05 0.10000000E-09
 0.55508680E+02 0.22694663E-05 0.10000000E-09
 0.55508680E+02 0.22694663E-05 0.10000000E-09
 0.55508680E+02 0.22694663E-05 0.10000000E-09
 0.55508680E+02 0.22694663E-05 0.10000000E-09
 0.55508680E+02 0.22694663E-05 0.10000000E-09
 0.55508680E+02 0.22694663E-05 0.10000000E-09
 0.55508680E+02 0.22694663E-05 0.10000000E-09
 0.55508680E+02 0.22694663E-05 0.10000000E-09
 0.55508680E+02 0.22694663E-05 0.10000000E-09
 0.55508680E+02 0.22694663E-05 0.10000000E-09
 0.55508680E+02 0.22694663E-05 0.10000000E-09
 0.55508680E+02 0.22694663E-05 0.10000000E-09
 0.55508680E+02 0.22694663E-05 0.10000000E-09
 0.55508680E+02 0.22694663E-05 0.10000000E-09
 0.55508680E+02 0.22694663E-05 0.10000000E-09
 0.55508680E+02 0.22694663E-05 0.10000000E-09
 0.55508680E+02 0.22694663E-05 0.10000000E-09
 0.55508680E+02 0.22694663E-05 0.10000000E-09
 0.55508680E+02 0.22694663E-05 0.10000000E-09
 0.55508680E+02 0.22694663E-05 0.10000000E-09
 0.55508680E+02 0.22694663E-05 0.10000000E-09
 0.55508680E+02 0.22694663E-05 0.10000000E-09
 0.55508680E+02 0.22694663E-05 0.10000000E-09
 0.55508680E+02 0.22694663E-05 0.10000000E-09
 0.55508680E+02 0.22694663E-05 0.10000000E-09
 0.55508680E+02 0.22694663E-05 0.10000000E-09
 0.55508680E+02 0.22694663E-05 0.10000000E-09
 0.55508680E+02 0.22694663E-05 0.10000000E-09
 0.55508680E+02 0.22694663E-05 0.10000000E-09
 0.55508680E+02 0.22694663E-05 0.10000000E-09
 0.55508680E+02 0.22694663E-05 0.10000000E-09
 0.55508680E+02 0.22694663E-05 0.10000000E-09
 0.55508680E+02 0.22694663E-05 0.10000000E-09
 0.55508680E+02 0.22694663E-05 0.10000000E-09
 0.55508680E+02 0.22694663E-05 0.10000000E-09
 0.55508680E+02 0.22694663E-05 0.10000000E-09
 0.55508680E+02 0.22694663E-05 0.10000000E-09
 0.55508680E+02 0.22694663E-05 0.10000000E-09
 0.55508680E+02 0.22694663E-05 0.10000000E-09
 0.55508680E+02 0.22694663E-05 0.10000000E-09
 0.55508680E+02 0.22694663E-05 0.10000000E-09
 0.55508680E+02 0.22694663E-05 0.10000000E-09
 0.55508680E+02 0.22694663E-05 0.10000000E-09
 0.55508680E+02 0.22694663E-05 0.10000000E-09
 0.55508680E+02 0.22694663E-05 0.10000000E-09
 0.55508680E+02 0.22694663E-05 0.10000000E-09
 0.55508680E+02 0.22694663E-05 0.10000000E-09
 0.55508680E+02 0.22694663E-05 0.10000000E-09
 0.55508680E+02 0.22694663E-05 0.10000000E-09
 0.55508680E+02 0.22694663E-05 0.10000000E-09
 0.55508680E+02 0.22694663E-05 0.10000000E-09
 0.55508680E+02 0.22694663E-05 0.10000000E-09
 0.55508680E+02 0.22694663E-05 0.10000000E-09
 0.55508680E+02 0.22694663E-05 0.10000000E-09
 0.55508680E+02 0.22694663E-05 0.10000000E-09
 0.55508680E+02 0.22694663E-05 0.10000000E-09
 0.55508680E+02 0.22694663E-05 0.10000000E-09
 0.55508680E+02 0.22694663E-05 0.10000000E-09
 0.55508680E+02 0.22694663E-05 0.10000000E-09
 0.55508680E+02 0.22694663E-05 0.10000000E-09
 0.55508680E+02 0.22694663E-05 0.10000000E-09
 0.55508680E+02 0.22694663E-05 0.10000000E-09
 0.55508680E+02 0.22694663E-05 0.10000000E-09
 0.55508680E+02 0.22694663E-05 0.10000000E-09
 0.55508680E+02 0.22694663E-05 0.10000000E-09
 0.55508680E+02 0.22694663E-05 0.10000000E-09
 0.55508680E+02 0.22694663E-05 0.10000000E-09
 0.55508680E+02 0.22694663E-05 0.10000000E-09
 0.55508680E+02 0.22694663E-05 0.10000000E-09
 0.55508680E+02 0.22694663E-05 0.10000000E-09
 0.55508680E+02 0.22694663E-05 0.10000000E-09
 0.55508680E+02 0.22694663E-05 0.10000000E-09
 0.55508680E+02 0.22694663E-05 0.10000000E-09
 0.55508680E+02 0.22694663E-05 0.10000000E-09
 0.55508680E+02 0.22694663E-05 0.10000000E-09
 0.55508680E+02 0.22694663E-05 0.10000000E-09
 0.55508680E+02 0.22694663E-05 0.10000000E-09
 0.55508680E+02 0.22694663E-05 0.10000000E-09
 0.55508680E+02 0.22694663E-05 0.10000000E-09
 0.55508680E+02 0.22694663E-05 0.10000000E-09
 0.55508680E+02 0.22694663E-05 0.10000000E-09
 0.55508680E+02 0.22694663E-05 0.10000000E-09
 0.55508680E+02 0.22694663E-05 0.10000000E-09
 0.55508680E+02 0.22694663E-05 0.10000000E-09
 0.55508680E+02 0.22694663E-05 0.10000000E-09
 0.55508680E+02 0.22694663E-05 0.10000000E-09
 0.55508680E+02 0.22694663E-05 0.10000000E-09
 0.55508680E+02 0.22694663E-05 0.10000000E-09
 0.55508680E+02 0.22694663E-05 0.10000000E-09
 0.55508680E+02 0.22694663E-05 0.10000000E-09
 0.55508680E+02 0.22694663E-05 0.10000000E-09
 0.55508680E+02 0.22694663E-05 0.10000000E-09
 0.55508680E+02 0.22694663E-05 0.10000000E-09
 0.55508680E+02 0.22694663E-05 0.10000000E-09
 0.55508680E+02 0.22694663E-05 0.10000000E-09
 0.55508680E+02 0.22694663E-05 0.10000000E-09
 0.55508680E+02 0.22694663E-05 0.10000000E-09
 0.55508680E+02 0.22694663E-05 0.10000000E-09
 0.55508680E+02 0.22694663E-05 0.10000000E-09
 0.55508680E+02 0.22694663E-05 0.10000000E-09
 0.55508680E+02 0.22694663E-05 0.10000000E-09
 0.55508680E+02 0.22694663E-05 0.10000000E-09
 0.55508680E+02 0.22694663E-05 0.10000000E-09
 0.55508680E+02 0.22694663E-05 0.10000000E-09
 0.55508680E+02 0.22694663E-05 0.10000000E-09
 0.55508680E+02 0.22694663E-05 0.10000000E-09
 0.55508680E+02 0.22694663E-05 0.10000000E-09
 0.55508680E+02 0.22694663E-05 0.10000000E-09
 0.55508680E+02 0.22694663E-05 0.10000000E-09
 0.55508680E+02 0.22694663E-05 0.10000000E-09
 0.55508680E+02 0.22694663E-05 0.10000000E-09
 0.55508680E+02 0.22694663E-05 0.10000000E-09
 0.55508680E+02 0.22694663E-05 0.10000000E-09
 0.55508680E+02 0.22694663E-05 0.10000000E-09
 0.55508680E+02 0.22694663E-05 0.10000000E-09
 0.55508680E+02 0.22694663E-05 0.10000000E-09
 0.55508680E+02 0.22694663E-05 0.10000000E-09
 0.55508680E+02 0.22694663E-05 0.10000000E-09
 0.55508680E+02 0.22694663E-05 0.10000000E-09
 0.55508680E+02 0.22694663E-05 0.10000000E-09
 0.55508680E+02 0.22694663E-05 0.10000000E-09
 0.55508680E+02 0.22694663E-05 0.10000000E-09
 0.55508680E+02 0.22694663E-05 0.10000000E-09
 0.55508680E+02 0.22694663E-05 0.10000000E-09
 0.55508680E+02 0.22694663E-05 0.10000000E-09
 0.55508680E+02 0.22694663E-05 0.10000000E-09
 0.55508680E+02 0.22694663E-05 0.10000000E-09
 0.55508680E+02 0.22694663E-05 0.10000000E-09
 0.55508680E+02 0.22694663E-05 0.10000000E-09
 0.55508680E+02 0.22694663E-05 0.10000000E-09
 0.55508680E+02 0.22694663E-05 0.10000000E-09
 0.55508680E+02 0.22694663E-05 0.10000000E-09
 0.55508680E+02 0.22694663E-05 0.10000000E-09
 0.55508680E+02 0.22694663E-05 0.10000000E-09
 0.55508680E+02 0.22694663E-05 0.10000000E-09
 0.55508680E+02 0.22694663E-05 0.10000000E-09
 0.55508680E+02 0.22694663E-05 0.10000000E-09
 0.55508680E+02 0.22694663E-05 0.10000000E-09
 0.55508680E+02 0.22694663E-05 0.10000000E-09
 0.55508680E+02 0.22694663E-05 0.10000000E-09
 0.55508680E+02 0.22694663E-05 0.10000000E-09
 0.55508680E+02 0.22694663E-05 0.10000000E-09
 0.55508680E+02 0.22694663E-05 0.10000000E-09
 0.55508680E+02 0.22694663E-05 0.10000000E-09
 0.55508680E+02 0.22694663E-05 0.10000000E-09
 0.55508680E+02 0.22694663E-05 0.10000000E-09
 0.55508680E+02 0.22694663E-05 0.10000000E-09
 0.55508680E+02 0.22694663E-05 0.10000000E-09
 0.55508680E+02 0.22694663E-05 0.10000000E-09
 0.55508680E+02 0.22694663E-05 0.10000000E-09
 0.55508680E+02 0.22694663E-05 0.10000000E-09
 0.55508680E+02 0.22694663E-05 0.10000000E-09
 0.55508680E+02 0.22694663E-05 0.10000000E-09
 0.55508680E+02 0.22694663E-05 0.10000000E-09
 0.55508680E+02 0.22694663E-05 0.10000000E-09
 0.55508680E+02 0.22694663E-05 0.10000000E-09
 0.55508680E+02 0.22694663E-05 0.10000000E-09
 0.55508680E+02 0.22694663E-05 0.10000000E-09
 0.55508680E+02 0.22694663E-05 0.10000000E-09
 0.55508680E+02 0.22694663E-05 0.10000000E-09
 0.55508680E+02 0.22694663E-05 0.10000000E-09
 0.55508680E+02 0.22694663E-05 0.10000000E-09
 0.55508680E+02 0.22694663E-05 0.10000000E-09
 0.55508680E+02 0.22694663E-05 0.10000000E-09
 0.55508680E+02 0.22694663E-05 0.10000000E-09
 0.55508680E+02 0.22694663E-05 0.10000000E-09
 0.55508680E+02 0.22694663E-05 0.10000000E-09
 0.55508680E+02 0.22694663E-05 0.10000000E-09
 0.55508680E+02 0.22694663E-05 0.10000000E-09
 0.55508680E+02 0.22694663E-05 0.10000000E-09
 0.55508680E+02 0.22694663E-05 0.10000000E-09
 0.55508680E+02 0.22694663E-05 0.10000000E-09
 0.55508680E+02 0.22694663E-05 0.10000000E-09
 0.55508680E+02 0.22694663E-05 0.10000000E-09
 0.55508680E+02 0.22694663E-05 0.10000000E-09
 0.55508680E+02 0.22694663E-05 0.10000000E-09
 0.55508680E+02 0.22694663E-05 0.10000000E-09
 0.55508680E+02 0.22694663E-05 0.10000000E-09
 0.55508680E+02 0.22694663E-05 0.10000000E-09
 0.55508680E+02 0.22694663E-05 0.10000000E-09
 0.55508680E+02 0.22694663E-05 0.10000000E-09
 0.55508680E+02 0.22694663E-05 0.10000000E-09
 0.55508680E+02 0.22694663E-05 0.10000000E-09
 0.55508680E+02 0.22694663E-05 0.10000000E-09
 0.55508680E+02 0.22694663E-05 0.10000000E-09
 0.55508680E+02 0.22694663E-05 0.10000000E-09
 0.55508680E+02 0.22694663E-05 0.10000000E-09
 0.55508680E+02 0.22694663E-05 0.10000000E-09
 0.55508680E+02 0.22694663E-05 0.10000000E-09
 0.55508680E+02 0.22694663E-05 0.10000000E-09
 0.55508680E+02 0.22694663E-05 0.10000000E-09
 0.55508680E+02 0.22694663E-05 0.10000000E-09
 0.55508680E+02 0.22694663E-05 0.10000000E-09
 0.55508680E+02 0.22694663E-05 0.10000000E-09
 0.55508680E+02 0.22694663E-05 0.10000000E-09
 0.55508680E+02 0.22694663E-05 0.10000000E-09
 0.55508680E+02 0.22694663E-05 0.10000000E-09
 0.55508680E+02 0.22694663E-05 0.10000000E-09
 0.55508680E+02 0.22694663E-05 0.10000000E-09
 0.55508680E+02 0.22694663E-05 0.10000000E-09
 0.55508680E+02 0.22694663E-05 0.10000000E-09
 0.55508680E+02 0.22694663E-05 0.10000000E-09
 0.55508680E+02 0.22694663E-05 0.10000000E-09
 0.55508680E+02 0.22694663E-05 0.10000000E-09
 0.55508680E+02 0.22694663E-05 0.10000000E-09
 0.55508680E+02 0.22694663E-05 0.10000000E-09
 0.55508680E+02 0.22694663E-05 0.10000000E-09
 0.55508680E+02 0.22694663E-05 0.10000000E-09
 0.55508680E+02 0.22694663E-05 0.10000000E-09
 0.55508680E+02 0.22694663E-05 0.10000000E-09
 0.55508680E+02 0.22694663E-05 0.10000000E-09
 0.55508680E+02 0.22694663E-05 0.10000000E-09
 0.55508680E+02 0.22694663E-05 0.10000000E-09
 0.55508680E+02 0.22694663E-05 0.10000000E-09
 0.55508680E+02 0.22694663E-05 0.10000000E-09
 0.55508680E+02 0.22694663E-05 0.10000000E-09
 0.55508680E+02 0.22694663E-05 0.10000000E-09
 0.55508680E+02 0.22694663E-05 0.10000000E-09
 0.55508680E+02 0.22694663E-05 0.10000000E-09
 0.55508680E+02 0.22694663E-05 0.10000000E-09
 0.55508680E+02 0.22694663E-05 0.10000000E-09
 0.55508680E+02 0.22694663E-05 0.10000000E-09
 0.55508680E+02 0.22694663E-05 0.10000000E-09
 0.55508680E+02 0.22694663E-05 0.10000000E-09
 0.55508680E+02 0.22694663E-05 0.10000000E-09
 0.55508680E+02 0.22694663E-05 0.10000000E-09
 0.55508680E+02 0.22694663E-05 0.10000000E-09
 0.55508680E+02 0.22694663E-05 0.10000000E-09
 0.55508680E+02 0.22694663E-05 0.10000000E-09
 0.55508680E+02 0.22694663E-05 0.10000000E-09
 0.55508680E+02 0.22694663E-05 0.10000000E-09
 0.55508680E+02 0.22694663E-05 0.10000000E-09
 0.55508680E+02 0.22694663E-05 0.10000000E-09
 0.55508680E+02 0.22694663E-05 0.10000000E-09
 0.55508680E+02 0.22694663E-05 0.10000000E-09
 0.55508680E+02 0.22694663E-05 0.10000000E-09
 0.55508680E+02 0.22694663E-05 0.10000000E-09
 0.55508680E+02 0.22694663E-05 0.10000000E-09
 0.55508680E+02 0.22694663E-05 0.10000000E-09
 0.55508680E+02 0.22694663E-05 0.10000000E-09
 0.55508680E+02 0.22694663E-05 0.10000000E-09
 0.55508680E+02 0.22694663E-05 0.10000000E-09
 0.55508680E+02 0.22694663E-05 0.10000000E-09
 0.55508680E+02 0.22694663E-05 0.10000000E-09
 0.55508680E+02 0.22694663E-05 0.10000000E-09
 0.55508680E+02 0.22694663E-05 0.10000000E-09
 0.55508680E+02 0.22694663E-05 0.10000000E-09
 0.55508680E+02 0.22694663E-05 0.10000000E-09
 0.55508680E+02 0.22694663E-05 0.10000000E-09
 0.55508680E+02 0.22694663E-05 0.10000000E-09
 0.55508680E+02 0.22694663E-05 0.10000000E-09
 0.55508680E+02 0.22694663E-05 0.10000000E-09
 0.55508680E+02 0.22694663E-05 0.10000000E-09
 0.55508680E+02 0.22694663E-05 0.10000000E-09
 0.55508680E+02 0.22694663E-05 0.10000000E-09
 0.55508680E+02 0.22694663E-05 0.10000000E-09
 0.55508680E+02 0.22694663E-05 0.10000000E-09
 0.55508680E+02 0.22694663E-05 0.10000000E-09
 0.55508680E+02 0.22694663E-05 0.10000000E-09
 0.55508680E+02 0.22694663E-05 0.10000000E-09
 0.55508680E+02 0.22694663E-05 0.10000000E-09
 0.55508680E+02 0.22694663E-05 0.10000000E-09
 0.55508680E+02 0.22694663E-05 0.10000000E-09
 0.55508680E+02 0.22694663E-05 0.10000000E-09
     pH :
  5.645250
  5.645250
  5.645250
  5.645250
  5.645250
  5.645250
  5.645250
  5.645250
  5.645250
  5.645250
  5.645250
  5.645250
  5.645250
  5.645250
  5.645250
  5.645250
  5.645250
  5.645250
  5.645250
  5.645250
  5.645250
  5.645250
  5.645250
  5.645250
  5.645250
  5.645250
  5.645250
  5.645250
  5.645250
  5.645250
  5.645250
  5.645250
  5.645250
  5.645250
  5.645250
  5.645250
  5.645250
  5.645250
  5.645250
  5.645250
  5.645250
  5.645250
  5.645250
  5.645250
  5.645250
  5.645250
  5.645250
  5.645250
  5.645250
  5.645250
  5.645250
  5.645250
  5.645250
  5.645250
  5.645250
  5.645250
  5.645250
  5.645250
  5.645250
  5.645250
  5.645250
  5.645250
  5.645250
  5.645250
  5.645250
  5.645250
  5.645250
  5.645250
  5.645250
  5.645250
  5.645250
  5.645250
  5.645250
  5.645250
  5.645250
  5.645250
  5.645250
  5.645250
  5.645250
  5.645250
  5.645250
  5.645250
  5.645250
  5.645250
  5.645250
  5.645250
  5.645250
  5.645250
  5.645250
  5.645250
  5.645250
  5.645250
  5.645250
  5.645250
  5.645250
  5.645250
  5.645250
  5.645250
  5.645250
  5.645250
  5.645250
  5.645250
  5.645250
  5.645250
  5.645250
  5.645250
  5.645250
  5.645250
  5.645250
  5.645250
  5.645250
  5.645250
  5.645250
  5.645250
  5.645250
  5.645250
  5.645250
  5.645250
  5.645250
  5.645250
  5.645250
  5.645250
  5.645250
  5.645250
  5.645250
  5.645250
  5.645250
  5.645250
  5.645250
  5.645250
  5.645250
  5.645250
  5.645250
  5.645250
  5.645250
  5.645250
  5.645250
  5.645250
  5.645250
  5.645250
  5.645250
  5.645250
  5.645250
  5.645250
  5.645250
  5.645250
  5.645250
  5.645250
  5.645250
  5.645250
  5.645250
  5.645250
  5.645250
  5.645250
  5.645250
  5.645250
  5.645250
  5.645250
  5.645250
  5.645250
  5.645250
  5.645250
  5.645250
  5.645250
  5.645250
  5.645250
  5.645250
  5.645250
  5.645250
  5.645250
  5.645250
  5.645250
  5.645250
  5.645250
  5.645250
  5.645250
  5.645250
  5.645250
  5.645250
  5.645250
  5.645250
  5.645250
  5.645250
  5.645250
  5.645250
  5.645250
  5.645250
  5.645250
  5.645250
  5.645250
  5.645250
  5.645250
  5.645250
  5.645250
  5.645250
  5.645250
  5.645250
  5.645250
  5.645250
  5.645250
  5.645250
  5.645250
  5.645250
  5.645250
  5.645250
  5.645250
  5.645250
  5.645250
  5.645250
  5.645250
  5.645250
  5.645250
  5.645250
  5.645250
  5.645250
  5.645250
  5.645250
  5.645250
  5.645250
  5.645250
  5.645250
  5.645250
  5.645250
  5.645250
  5.645250
  5.645250
  5.645250
  5.645250
  5.645250
  5.645250
  5.645250
  5.645250
  5.645250
  5.645250
  5.645250
  5.645250
  5.645250
  5.645250
  5.645250
  5.645250
  5.645250
  5.645250
  5.645250
  5.645250
  5.645250
  5.645250
  5.645250
  5.645250
  5.645250
  5.645250
  5.645250
  5.645250
  5.645250
  5.645250
  5.645250
  5.645250
  5.645250
  5.645250
  5.645250
  5.645250
  5.645250
  5.645250
  5.645250
  5.645250
  5.645250
  5.645250
  5.645250
  5.645250
  5.645250
  5.645250
  5.645250
  5.645250
  5.645250
  5.645250
  5.645250
  5.645250
  5.645250
  5.645250
  5.645250
  5.645250
  5.645250
  5.645250
  5.645250
  5.645250
  5.645250
  5.645250
  5.645250
  5.645250
  5.645250
  5.645250
  5.645250
  5.645250
  5.645250
  5.645250
  5.645250
  5.645250
  5.645250
  5.645250
  5.645250
  5.645250
  5.645250
  5.645250
  5.645250
  5.645250
  5.645250
  5.645250
  5.645250
  5.645250
  5.645250
  5.645250
  5.645250
  5.645250
  5.645250
  5.645250
  5.645250
  5.645250
  5.645250
  5.645250
  5.645250
  5.645250
  5.645250
  5.645250
  5.645250
  5.645250
  5.645250
  5.645250
  5.645250
  5.645250
     Concentration of secondary species mol/kgw :
 0.21694669E-05
 0.21694669E-05
 0.21694669E-05
 0.21694669E-05
 0.21694669E-05
 0.21694669E-05
 0.21694669E-05
 0.21694669E-05
 0.21694669E-05
 0.21694669E-05
 0.21694669E-05
 0.21694669E-05
 0.21694669E-05
 0.21694669E-05
 0.21694669E-05
 0.21694669E-05
 0.21694669E-05
 0.21694669E-05
 0.21694669E-05
 0.21694669E-05
 0.21694669E-05
 0.21694669E-05
 0.21694669E-05
 0.21694669E-05
 0.21694669E-05
 0.21694669E-05
 0.21694669E-05
 0.21694669E-05
 0.21694669E-05
 0.21694669E-05
 0.21694669E-05
 0.21694669E-05
 0.21694669E-05
 0.21694669E-05
 0.21694669E-05
 0.21694669E-05
 0.21694669E-05
 0.21694669E-05
 0.21694669E-05
 0.21694669E-05
 0.21694669E-05
 0.21694669E-05
 0.21694669E-05
 0.21694669E-05
 0.21694669E-05
 0.21694669E-05
 0.21694669E-05
 0.21694669E-05
 0.21694669E-05
 0.21694669E-05
 0.21694669E-05
 0.21694669E-05
 0.21694669E-05
 0.21694669E-05
 0.21694669E-05
 0.21694669E-05
 0.21694669E-05
 0.21694669E-05
 0.21694669E-05
 0.21694669E-05
 0.21694669E-05
 0.21694669E-05
 0.21694669E-05
 0.21694669E-05
 0.21694669E-05
 0.21694669E-05
 0.21694669E-05
 0.21694669E-05
 0.21694669E-05
 0.21694669E-05
 0.21694669E-05
 0.21694669E-05
 0.21694669E-05
 0.21694669E-05
 0.21694669E-05
 0.21694669E-05
 0.21694669E-05
 0.21694669E-05
 0.21694669E-05
 0.21694669E-05
 0.21694669E-05
 0.21694669E-05
 0.21694669E-05
 0.21694669E-05
 0.21694669E-05
 0.21694669E-05
 0.21694669E-05
 0.21694669E-05
 0.21694669E-05
 0.21694669E-05
 0.21694669E-05
 0.21694669E-05
 0.21694669E-05
 0.21694669E-05
 0.21694669E-05
 0.21694669E-05
 0.21694669E-05
 0.21694669E-05
 0.21694669E-05
 0.21694669E-05
 0.21694669E-05
 0.21694669E-05
 0.21694669E-05
 0.21694669E-05
 0.21694669E-05
 0.21694669E-05
 0.21694669E-05
 0.21694669E-05
 0.21694669E-05
 0.21694669E-05
 0.21694669E-05
 0.21694669E-05
 0.21694669E-05
 0.21694669E-05
 0.21694669E-05
 0.21694669E-05
 0.21694669E-05
 0.21694669E-05
 0.21694669E-05
 0.21694669E-05
 0.21694669E-05
 0.21694669E-05
 0.21694669E-05
 0.21694669E-05
 0.21694669E-05
 0.21694669E-05
 0.21694669E-05
 0.21694669E-05
 0.21694669E-05
 0.21694669E-05
 0.21694669E-05
 0.21694669E-05
 0.21694669E-05
 0.21694669E-05
 0.21694669E-05
 0.21694669E-05
 0.21694669E-05
 0.21694669E-05
 0.21694669E-05
 0.21694669E-05
 0.21694669E-05
 0.21694669E-05
 0.21694669E-05
 0.21694669E-05
 0.21694669E-05
 0.21694669E-05
 0.21694669E-05
 0.21694669E-05
 0.21694669E-05
 0.21694669E-05
 0.21694669E-05
 0.21694669E-05
 0.21694669E-05
 0.21694669E-05
 0.21694669E-05
 0.21694669E-05
 0.21694669E-05
 0.21694669E-05
 0.21694669E-05
 0.21694669E-05
 0.21694669E-05
 0.21694669E-05
 0.21694669E-05
 0.21694669E-05
 0.21694669E-05
 0.21694669E-05
 0.21694669E-05
 0.21694669E-05
 0.21694669E-05
 0.21694669E-05
 0.21694669E-05
 0.21694669E-05
 0.21694669E-05
 0.21694669E-05
 0.21694669E-05
 0.21694669E-05
 0.21694669E-05
 0.21694669E-05
 0.21694669E-05
 0.21694669E-05
 0.21694669E-05
 0.21694669E-05
 0.21694669E-05
 0.21694669E-05
 0.21694669E-05
 0.21694669E-05
 0.21694669E-05
 0.21694669E-05
 0.21694669E-05
 0.21694669E-05
 0.21694669E-05
 0.21694669E-05
 0.21694669E-05
 0.21694669E-05
 0.21694669E-05
 0.21694669E-05
 0.21694669E-05
 0.21694669E-05
 0.21694669E-05
 0.21694669E-05
 0.21694669E-05
 0.21694669E-05
 0.21694669E-05
 0.21694669E-05
 0.21694669E-05
 0.21694669E-05
 0.21694669E-05
 0.21694669E-05
 0.21694669E-05
 0.21694669E-05
 0.21694669E-05
 0.21694669E-05
 0.21694669E-05
 0.21694669E-05
 0.21694669E-05
 0.21694669E-05
 0.21694669E-05
 0.21694669E-05
 0.21694669E-05
 0.21694669E-05
 0.21694669E-05
 0.21694669E-05
 0.21694669E-05
 0.21694669E-05
 0.21694669E-05
 0.21694669E-05
 0.21694669E-05
 0.21694669E-05
 0.21694669E-05
 0.21694669E-05
 0.21694669E-05
 0.21694669E-05
 0.21694669E-05
 0.21694669E-05
 0.21694669E-05
 0.21694669E-05
 0.21694669E-05
 0.21694669E-05
 0.21694669E-05
 0.21694669E-05
 0.21694669E-05
 0.21694669E-05
 0.21694669E-05
 0.21694669E-05
 0.21694669E-05
 0.21694669E-05
 0.21694669E-05
 0.21694669E-05
 0.21694669E-05
 0.21694669E-05
 0.21694669E-05
 0.21694669E-05
 0.21694669E-05
 0.21694669E-05
 0.21694669E-05
 0.21694669E-05
 0.21694669E-05
 0.21694669E-05
 0.21694669E-05
 0.21694669E-05
 0.21694669E-05
 0.21694669E-05
 0.21694669E-05
 0.21694669E-05
 0.21694669E-05
 0.21694669E-05
 0.21694669E-05
 0.21694669E-05
 0.21694669E-05
 0.21694669E-05
 0.21694669E-05
 0.21694669E-05
 0.21694669E-05
 0.21694669E-05
 0.21694669E-05
 0.21694669E-05
 0.21694669E-05
 0.21694669E-05
 0.21694669E-05
 0.21694669E-05
 0.21694669E-05
 0.21694669E-05
 0.21694669E-05
 0.21694669E-05
 0.21694669E-05
 0.21694669E-05
 0.21694669E-05
 0.21694669E-05
 0.21694669E-05
 0.21694669E-05
 0.21694669E-05
 0.21694669E-05
 0.21694669E-05
 0.21694669E-05
 0.21694669E-05
 0.21694669E-05
 0.21694669E-05
 0.21694669E-05
 0.21694669E-05
 0.21694669E-05
 0.21694669E-05
 0.21694669E-05
 0.21694669E-05
 0.21694669E-05
 0.21694669E-05
 0.21694669E-05
 0.21694669E-05
 0.21694669E-05
 0.21694669E-05
 0.21694669E-05
 0.21694669E-05
 0.21694669E-05
 0.21694669E-05
 0.21694669E-05
 0.21694669E-05
 0.21694669E-05
 0.21694669E-05
 0.21694669E-05
 0.21694669E-05
 0.21694669E-05
 0.21694669E-05
 0.21694669E-05
 0.21694669E-05
 0.21694669E-05
 0.21694669E-05
 0.21694669E-05
 0.21694669E-05
 0.21694669E-05
     Water Activity :
  1.00000000
  1.00000000
  1.00000000
  1.00000000
  1.00000000
  1.00000000
  1.00000000
  1.00000000
  1.00000000
  1.00000000
  1.00000000
  1.00000000
  1.00000000
  1.00000000
  1.00000000
  1.00000000
  1.00000000
  1.00000000
  1.00000000
  1.00000000
  1.00000000
  1.00000000
  1.00000000
  1.00000000
  1.00000000
  1.00000000
  1.00000000
  1.00000000
  1.00000000
  1.00000000
  1.00000000
  1.00000000
  1.00000000
  1.00000000
  1.00000000
  1.00000000
  1.00000000
  1.00000000
  1.00000000
  1.00000000
  1.00000000
  1.00000000
  1.00000000
  1.00000000
  1.00000000
  1.00000000
  1.00000000
  1.00000000
  1.00000000
  1.00000000
  1.00000000
  1.00000000
  1.00000000
  1.00000000
  1.00000000
  1.00000000
  1.00000000
  1.00000000
  1.00000000
  1.00000000
  1.00000000
  1.00000000
  1.00000000
  1.00000000
  1.00000000
  1.00000000
  1.00000000
  1.00000000
  1.00000000
  1.00000000
  1.00000000
  1.00000000
  1.00000000
  1.00000000
  1.00000000
  1.00000000
  1.00000000
  1.00000000
  1.00000000
  1.00000000
  1.00000000
  1.00000000
  1.00000000
  1.00000000
  1.00000000
  1.00000000
  1.00000000
  1.00000000
  1.00000000
  1.00000000
  1.00000000
  1.00000000
  1.00000000
  1.00000000
  1.00000000
  1.00000000
  1.00000000
  1.00000000
  1.00000000
  1.00000000
  1.00000000
  1.00000000
  1.00000000
  1.00000000
  1.00000000
  1.00000000
  1.00000000
  1.00000000
  1.00000000
  1.00000000
  1.00000000
  1.00000000
  1.00000000
  1.00000000
  1.00000000
  1.00000000
  1.00000000
  1.00000000
  1.00000000
  1.00000000
  1.00000000
  1.00000000
  1.00000000
  1.00000000
  1.00000000
  1.00000000
  1.00000000
  1.00000000
  1.00000000
  1.00000000
  1.00000000
  1.00000000
  1.00000000
  1.00000000
  1.00000000
  1.00000000
  1.00000000
  1.00000000
  1.00000000
  1.00000000
  1.00000000
  1.00000000
  1.00000000
  1.00000000
  1.00000000
  1.00000000
  1.00000000
  1.00000000
  1.00000000
  1.00000000
  1.00000000
  1.00000000
  1.00000000
  1.00000000
  1.00000000
  1.00000000
  1.00000000
  1.00000000
  1.00000000
  1.00000000
  1.00000000
  1.00000000
  1.00000000
  1.00000000
  1.00000000
  1.00000000
  1.00000000
  1.00000000
  1.00000000
  1.00000000
  1.00000000
  1.00000000
  1.00000000
  1.00000000
  1.00000000
  1.00000000
  1.00000000
  1.00000000
  1.00000000
  1.00000000
  1.00000000
  1.00000000
  1.00000000
  1.00000000
  1.00000000
  1.00000000
  1.00000000
  1.00000000
  1.00000000
  1.00000000
  1.00000000
  1.00000000
  1.00000000
  1.00000000
  1.00000000
  1.00000000
  1.00000000
  1.00000000
  1.00000000
  1.00000000
  1.00000000
  1.00000000
  1.00000000
  1.00000000
  1.00000000
  1.00000000
  1.00000000
  1.00000000
  1.00000000
  1.00000000
  1.00000000
  1.00000000
  1.00000000
  1.00000000
  1.00000000
  1.00000000
  1.00000000
  1.00000000
  1.00000000
  1.00000000
  1.00000000
  1.00000000
  1.00000000
  1.00000000
  1.00000000
  1.00000000
  1.00000000
  1.00000000
  1.00000000
  1.00000000
  1.00000000
  1.00000000
  1.00000000
  1.00000000
  1.00000000
  1.00000000
  1.00000000
  1.00000000
  1.00000000
  1.00000000
  1.00000000
  1.00000000
  1.00000000
  1.00000000
  1.00000000
  1.00000000
  1.00000000
  1.00000000
  1.00000000
  1.00000000
  1.00000000
  1.00000000
  1.00000000
  1.00000000
  1.00000000
  1.00000000
  1.00000000
  1.00000000
  1.00000000
  1.00000000
  1.00000000
  1.00000000
  1.00000000
  1.00000000
  1.00000000
  1.00000000
  1.00000000
  1.00000000
  1.00000000
  1.00000000
  1.00000000
  1.00000000
  1.00000000
  1.00000000
  1.00000000
  1.00000000
  1.00000000
  1.00000000
  1.00000000
  1.00000000
  1.00000000
  1.00000000
  1.00000000
  1.00000000
  1.00000000
  1.00000000
  1.00000000
  1.00000000
  1.00000000
  1.00000000
  1.00000000
  1.00000000
  1.00000000
  1.00000000
  1.00000000
  1.00000000
  1.00000000
  1.00000000
  1.00000000
  1.00000000
  1.00000000
  1.00000000
  1.00000000
  1.00000000
  1.00000000
  1.00000000
  1.00000000
  1.00000000
  1.00000000
  1.00000000
  1.00000000
  1.00000000
  1.00000000
  1.00000000
  1.00000000
  1.00000000
  1.00000000
  1.00000000
  1.00000000
  1.00000000
  1.00000000
  1.00000000
  1.00000000
  1.00000000
  1.00000000
  1.00000000
  1.00000000
  1.00000000
   Residual Solute after Dryout moles/dm^3 :
 0.00000000E+00 0.00000000E+00 0.00000000E+00
 0.00000000E+00 0.00000000E+00 0.00000000E+00
 0.00000000E+00 0.00000000E+00 0.00000000E+00
 0.00000000E+00 0.00000000E+00 0.00000000E+00
 0.00000000E+00 0.00000000E+00 0.00000000E+00
 0.00000000E+00 0.00000000E+00 0.00000000E+00
 0.00000000E+00 0.00000000E+00 0.00000000E+00
 0.00000000E+00 0.00000000E+00 0.00000000E+00
 0.00000000E+00 0.00000000E+00 0.00000000E+00
 0.00000000E+00 0.00000000E+00 0.00000000E+00
 0.00000000E+00 0.00000000E+00 0.00000000E+00
 0.00000000E+00 0.00000000E+00 0.00000000E+00
 0.00000000E+00 0.00000000E+00 0.00000000E+00
 0.00000000E+00 0.00000000E+00 0.00000000E+00
 0.00000000E+00 0.00000000E+00 0.00000000E+00
 0.00000000E+00 0.00000000E+00 0.00000000E+00
 0.00000000E+00 0.00000000E+00 0.00000000E+00
 0.00000000E+00 0.00000000E+00 0.00000000E+00
 0.00000000E+00 0.00000000E+00 0.00000000E+00
 0.00000000E+00 0.00000000E+00 0.00000000E+00
 0.00000000E+00 0.00000000E+00 0.00000000E+00
 0.00000000E+00 0.00000000E+00 0.00000000E+00
 0.00000000E+00 0.00000000E+00 0.00000000E+00
 0.00000000E+00 0.00000000E+00 0.00000000E+00
 0.00000000E+00 0.00000000E+00 0.00000000E+00
 0.00000000E+00 0.00000000E+00 0.00000000E+00
 0.00000000E+00 0.00000000E+00 0.00000000E+00
 0.00000000E+00 0.00000000E+00 0.00000000E+00
 0.00000000E+00 0.00000000E+00 0.00000000E+00
 0.00000000E+00 0.00000000E+00 0.00000000E+00
 0.00000000E+00 0.00000000E+00 0.00000000E+00
 0.00000000E+00 0.00000000E+00 0.00000000E+00
 0.00000000E+00 0.00000000E+00 0.00000000E+00
 0.00000000E+00 0.00000000E+00 0.00000000E+00
 0.00000000E+00 0.00000000E+00 0.00000000E+00
 0.00000000E+00 0.00000000E+00 0.00000000E+00
 0.00000000E+00 0.00000000E+00 0.00000000E+00
 0.00000000E+00 0.00000000E+00 0.00000000E+00
 0.00000000E+00 0.00000000E+00 0.00000000E+00
 0.00000000E+00 0.00000000E+00 0.00000000E+00
 0.00000000E+00 0.00000000E+00 0.00000000E+00
 0.00000000E+00 0.00000000E+00 0.00000000E+00
 0.00000000E+00 0.00000000E+00 0.00000000E+00
 0.00000000E+00 0.00000000E+00 0.00000000E+00
 0.00000000E+00 0.00000000E+00 0.00000000E+00
 0.00000000E+00 0.00000000E+00 0.00000000E+00
 0.00000000E+00 0.00000000E+00 0.00000000E+00
 0.00000000E+00 0.00000000E+00 0.00000000E+00
 0.00000000E+00 0.00000000E+00 0.00000000E+00
 0.00000000E+00 0.00000000E+00 0.00000000E+00
 0.00000000E+00 0.00000000E+00 0.00000000E+00
 0.00000000E+00 0.00000000E+00 0.00000000E+00
 0.00000000E+00 0.00000000E+00 0.00000000E+00
 0.00000000E+00 0.00000000E+00 0.00000000E+00
 0.00000000E+00 0.00000000E+00 0.00000000E+00
 0.00000000E+00 0.00000000E+00 0.00000000E+00
 0.00000000E+00 0.00000000E+00 0.00000000E+00
 0.00000000E+00 0.00000000E+00 0.00000000E+00
 0.00000000E+00 0.00000000E+00 0.00000000E+00
 0.00000000E+00 0.00000000E+00 0.00000000E+00
 0.00000000E+00 0.00000000E+00 0.00000000E+00
 0.00000000E+00 0.00000000E+00 0.00000000E+00
 0.00000000E+00 0.00000000E+00 0.00000000E+00
 0.00000000E+00 0.00000000E+00 0.00000000E+00
 0.00000000E+00 0.00000000E+00 0.00000000E+00
 0.00000000E+00 0.00000000E+00 0.00000000E+00
 0.00000000E+00 0.00000000E+00 0.00000000E+00
 0.00000000E+00 0.00000000E+00 0.00000000E+00
 0.00000000E+00 0.00000000E+00 0.00000000E+00
 0.00000000E+00 0.00000000E+00 0.00000000E+00
 0.00000000E+00 0.00000000E+00 0.00000000E+00
 0.00000000E+00 0.00000000E+00 0.00000000E+00
 0.00000000E+00 0.00000000E+00 0.00000000E+00
 0.00000000E+00 0.00000000E+00 0.00000000E+00
 0.00000000E+00 0.00000000E+00 0.00000000E+00
 0.00000000E+00 0.00000000E+00 0.00000000E+00
 0.00000000E+00 0.00000000E+00 0.00000000E+00
 0.00000000E+00 0.00000000E+00 0.00000000E+00
 0.00000000E+00 0.00000000E+00 0.00000000E+00
 0.00000000E+00 0.00000000E+00 0.00000000E+00
 0.00000000E+00 0.00000000E+00 0.00000000E+00
 0.00000000E+00 0.00000000E+00 0.00000000E+00
 0.00000000E+00 0.00000000E+00 0.00000000E+00
 0.00000000E+00 0.00000000E+00 0.00000000E+00
 0.00000000E+00 0.00000000E+00 0.00000000E+00
 0.00000000E+00 0.00000000E+00 0.00000000E+00
 0.00000000E+00 0.00000000E+00 0.00000000E+00
 0.00000000E+00 0.00000000E+00 0.00000000E+00
 0.00000000E+00 0.00000000E+00 0.00000000E+00
 0.00000000E+00 0.00000000E+00 0.00000000E+00
 0.00000000E+00 0.00000000E+00 0.00000000E+00
 0.00000000E+00 0.00000000E+00 0.00000000E+00
 0.00000000E+00 0.00000000E+00 0.00000000E+00
 0.00000000E+00 0.00000000E+00 0.00000000E+00
 0.00000000E+00 0.00000000E+00 0.00000000E+00
 0.00000000E+00 0.00000000E+00 0.00000000E+00
 0.00000000E+00 0.00000000E+00 0.00000000E+00
 0.00000000E+00 0.00000000E+00 0.00000000E+00
 0.00000000E+00 0.00000000E+00 0.00000000E+00
 0.00000000E+00 0.00000000E+00 0.00000000E+00
 0.00000000E+00 0.00000000E+00 0.00000000E+00
 0.00000000E+00 0.00000000E+00 0.00000000E+00
 0.00000000E+00 0.00000000E+00 0.00000000E+00
 0.00000000E+00 0.00000000E+00 0.00000000E+00
 0.00000000E+00 0.00000000E+00 0.00000000E+00
 0.00000000E+00 0.00000000E+00 0.00000000E+00
 0.00000000E+00 0.00000000E+00 0.00000000E+00
 0.00000000E+00 0.00000000E+00 0.00000000E+00
 0.00000000E+00 0.00000000E+00 0.00000000E+00
 0.00000000E+00 0.00000000E+00 0.00000000E+00
 0.00000000E+00 0.00000000E+00 0.00000000E+00
 0.00000000E+00 0.00000000E+00 0.00000000E+00
 0.00000000E+00 0.00000000E+00 0.00000000E+00
 0.00000000E+00 0.00000000E+00 0.00000000E+00
 0.00000000E+00 0.00000000E+00 0.00000000E+00
 0.00000000E+00 0.00000000E+00 0.00000000E+00
 0.00000000E+00 0.00000000E+00 0.00000000E+00
 0.00000000E+00 0.00000000E+00 0.00000000E+00
 0.00000000E+00 0.00000000E+00 0.00000000E+00
 0.00000000E+00 0.00000000E+00 0.00000000E+00
 0.00000000E+00 0.00000000E+00 0.00000000E+00
 0.00000000E+00 0.00000000E+00 0.00000000E+00
 0.00000000E+00 0.00000000E+00 0.00000000E+00
 0.00000000E+00 0.00000000E+00 0.00000000E+00
 0.00000000E+00 0.00000000E+00 0.00000000E+00
 0.00000000E+00 0.00000000E+00 0.00000000E+00
 0.00000000E+00 0.00000000E+00 0.00000000E+00
 0.00000000E+00 0.00000000E+00 0.00000000E+00
 0.00000000E+00 0.00000000E+00 0.00000000E+00
 0.00000000E+00 0.00000000E+00 0.00000000E+00
 0.00000000E+00 0.00000000E+00 0.00000000E+00
 0.00000000E+00 0.00000000E+00 0.00000000E+00
 0.00000000E+00 0.00000000E+00 0.00000000E+00
 0.00000000E+00 0.00000000E+00 0.00000000E+00
 0.00000000E+00 0.00000000E+00 0.00000000E+00
 0.00000000E+00 0.00000000E+00 0.00000000E+00
 0.00000000E+00 0.00000000E+00 0.00000000E+00
 0.00000000E+00 0.00000000E+00 0.00000000E+00
 0.00000000E+00 0.00000000E+00 0.00000000E+00
 0.00000000E+00 0.00000000E+00 0.00000000E+00
 0.00000000E+00 0.00000000E+00 0.00000000E+00
 0.00000000E+00 0.00000000E+00 0.00000000E+00
 0.00000000E+00 0.00000000E+00 0.00000000E+00
 0.00000000E+00 0.00000000E+00 0.00000000E+00
 0.00000000E+00 0.00000000E+00 0.00000000E+00
 0.00000000E+00 0.00000000E+00 0.00000000E+00
 0.00000000E+00 0.00000000E+00 0.00000000E+00
 0.00000000E+00 0.00000000E+00 0.00000000E+00
 0.00000000E+00 0.00000000E+00 0.00000000E+00
 0.00000000E+00 0.00000000E+00 0.00000000E+00
 0.00000000E+00 0.00000000E+00 0.00000000E+00
 0.00000000E+00 0.00000000E+00 0.00000000E+00
 0.00000000E+00 0.00000000E+00 0.00000000E+00
 0.00000000E+00 0.00000000E+00 0.00000000E+00
 0.00000000E+00 0.00000000E+00 0.00000000E+00
 0.00000000E+00 0.00000000E+00 0.00000000E+00
 0.00000000E+00 0.00000000E+00 0.00000000E+00
 0.00000000E+00 0.00000000E+00 0.00000000E+00
 0.00000000E+00 0.00000000E+00 0.00000000E+00
 0.00000000E+00 0.00000000E+00 0.00000000E+00
 0.00000000E+00 0.00000000E+00 0.00000000E+00
 0.00000000E+00 0.00000000E+00 0.00000000E+00
 0.00000000E+00 0.00000000E+00 0.00000000E+00
 0.00000000E+00 0.00000000E+00 0.00000000E+00
 0.00000000E+00 0.00000000E+00 0.00000000E+00
 0.00000000E+00 0.00000000E+00 0.00000000E+00
 0.00000000E+00 0.00000000E+00 0.00000000E+00
 0.00000000E+00 0.00000000E+00 0.00000000E+00
 0.00000000E+00 0.00000000E+00 0.00000000E+00
 0.00000000E+00 0.00000000E+00 0.00000000E+00
 0.00000000E+00 0.00000000E+00 0.00000000E+00
 0.00000000E+00 0.00000000E+00 0.00000000E+00
 0.00000000E+00 0.00000000E+00 0.00000000E+00
 0.00000000E+00 0.00000000E+00 0.00000000E+00
 0.00000000E+00 0.00000000E+00 0.00000000E+00
 0.00000000E+00 0.00000000E+00 0.00000000E+00
 0.00000000E+00 0.00000000E+00 0.00000000E+00
 0.00000000E+00 0.00000000E+00 0.00000000E+00
 0.00000000E+00 0.00000000E+00 0.00000000E+00
 0.00000000E+00 0.00000000E+00 0.00000000E+00
 0.00000000E+00 0.00000000E+00 0.00000000E+00
 0.00000000E+00 0.00000000E+00 0.00000000E+00
 0.00000000E+00 0.00000000E+00 0.00000000E+00
 0.00000000E+00 0.00000000E+00 0.00000000E+00
 0.00000000E+00 0.00000000E+00 0.00000000E+00
 0.00000000E+00 0.00000000E+00 0.00000000E+00
 0.00000000E+00 0.00000000E+00 0.00000000E+00
 0.00000000E+00 0.00000000E+00 0.00000000E+00
 0.00000000E+00 0.00000000E+00 0.00000000E+00
 0.00000000E+00 0.00000000E+00 0.00000000E+00
 0.00000000E+00 0.00000000E+00 0.00000000E+00
 0.00000000E+00 0.00000000E+00 0.00000000E+00
 0.00000000E+00 0.00000000E+00 0.00000000E+00
 0.00000000E+00 0.00000000E+00 0.00000000E+00
 0.00000000E+00 0.00000000E+00 0.00000000E+00
 0.00000000E+00 0.00000000E+00 0.00000000E+00
 0.00000000E+00 0.00000000E+00 0.00000000E+00
 0.00000000E+00 0.00000000E+00 0.00000000E+00
 0.00000000E+00 0.00000000E+00 0.00000000E+00
 0.00000000E+00 0.00000000E+00 0.00000000E+00
 0.00000000E+00 0.00000000E+00 0.00000000E+00
 0.00000000E+00 0.00000000E+00 0.00000000E+00
 0.00000000E+00 0.00000000E+00 0.00000000E+00
 0.00000000E+00 0.00000000E+00 0.00000000E+00
 0.00000000E+00 0.00000000E+00 0.00000000E+00
 0.00000000E+00 0.00000000E+00 0.00000000E+00
 0.00000000E+00 0.00000000E+00 0.00000000E+00
 0.00000000E+00 0.00000000E+00 0.00000000E+00
 0.00000000E+00 0.00000000E+00 0.00000000E+00
 0.00000000E+00 0.00000000E+00 0.00000000E+00
 0.00000000E+00 0.00000000E+00 0.00000000E+00
 0.00000000E+00 0.00000000E+00 0.00000000E+00
 0.00000000E+00 0.00000000E+00 0.00000000E+00
 0.00000000E+00 0.00000000E+00 0.00000000E+00
 0.00000000E+00 0.00000000E+00 0.00000000E+00
 0.00000000E+00 0.00000000E+00 0.00000000E+00
 0.00000000E+00 0.00000000E+00 0.00000000E+00
 0.00000000E+00 0.00000000E+00 0.00000000E+00
 0.00000000E+00 0.00000000E+00 0.00000000E+00
 0.00000000E+00 0.00000000E+00 0.00000000E+00
 0.00000000E+00 0.00000000E+00 0.00000000E+00
 0.00000000E+00 0.00000000E+00 0.00000000E+00
 0.00000000E+00 0.00000000E+00 0.00000000E+00
 0.00000000E+00 0.00000000E+00 0.00000000E+00
 0.00000000E+00 0.00000000E+00 0.00000000E+00
 0.00000000E+00 0.00000000E+00 0.00000000E+00
 0.00000000E+00 0.00000000E+00 0.00000000E+00
 0.00000000E+00 0.00000000E+00 0.00000000E+00
 0.00000000E+00 0.00000000E+00 0.00000000E+00
 0.00000000E+00 0.00000000E+00 0.00000000E+00
 0.00000000E+00 0.00000000E+00 0.00000000E+00
 0.00000000E+00 0.00000000E+00 0.00000000E+00
 0.00000000E+00 0.00000000E+00 0.00000000E+00
 0.00000000E+00 0.00000000E+00 0.00000000E+00
 0.00000000E+00 0.00000000E+00 0.00000000E+00
 0.00000000E+00 0.00000000E+00 0.00000000E+00
 0.00000000E+00 0.00000000E+00 0.00000000E+00
 0.00000000E+00 0.00000000E+00 0.00000000E+00
 0.00000000E+00 0.00000000E+00 0.00000000E+00
 0.00000000E+00 0.00000000E+00 0.00000000E+00
 0.00000000E+00 0.00000000E+00 0.00000000E+00
 0.00000000E+00 0.00000000E+00 0.00000000E+00
 0.00000000E+00 0.00000000E+00 0.00000000E+00
 0.00000000E+00 0.00000000E+00 0.00000000E+00
 0.00000000E+00 0.00000000E+00 0.00000000E+00
 0.00000000E+00 0.00000000E+00 0.00000000E+00
 0.00000000E+00 0.00000000E+00 0.00000000E+00
 0.00000000E+00 0.00000000E+00 0.00000000E+00
 0.00000000E+00 0.00000000E+00 0.00000000E+00
 0.00000000E+00 0.00000000E+00 0.00000000E+00
 0.00000000E+00 0.00000000E+00 0.00000000E+00
 0.00000000E+00 0.00000000E+00 0.00000000E+00
 0.00000000E+00 0.00000000E+00 0.00000000E+00
 0.00000000E+00 0.00000000E+00 0.00000000E+00
 0.00000000E+00 0.00000000E+00 0.00000000E+00
 0.00000000E+00 0.00000000E+00 0.00000000E+00
 0.00000000E+00 0.00000000E+00 0.00000000E+00
 0.00000000E+00 0.00000000E+00 0.00000000E+00
 0.00000000E+00 0.00000000E+00 0.00000000E+00
 0.00000000E+00 0.00000000E+00 0.00000000E+00
 0.00000000E+00 0.00000000E+00 0.00000000E+00
 0.00000000E+00 0.00000000E+00 0.00000000E+00
 0.00000000E+00 0.00000000E+00 0.00000000E+00
 0.00000000E+00 0.00000000E+00 0.00000000E+00
 0.00000000E+00 0.00000000E+00 0.00000000E+00
 0.00000000E+00 0.00000000E+00 0.00000000E+00
 0.00000000E+00 0.00000000E+00 0.00000000E+00
 0.00000000E+00 0.00000000E+00 0.00000000E+00
 0.00000000E+00 0.00000000E+00 0.00000000E+00
 0.00000000E+00 0.00000000E+00 0.00000000E+00
 0.00000000E+00 0.00000000E+00 0.00000000E+00
 0.00000000E+00 0.00000000E+00 0.00000000E+00
 0.00000000E+00 0.00000000E+00 0.00000000E+00
 0.00000000E+00 0.00000000E+00 0.00000000E+00
 0.00000000E+00 0.00000000E+00 0.00000000E+00
 0.00000000E+00 0.00000000E+00 0.00000000E+00
 0.00000000E+00 0.00000000E+00 0.00000000E+00
 0.00000000E+00 0.00000000E+00 0.00000000E+00
 0.00000000E+00 0.00000000E+00 0.00000000E+00
 0.00000000E+00 0.00000000E+00 0.00000000E+00
 0.00000000E+00 0.00000000E+00 0.00000000E+00
 0.00000000E+00 0.00000000E+00 0.00000000E+00
 0.00000000E+00 0.00000000E+00 0.00000000E+00
 0.00000000E+00 0.00000000E+00 0.00000000E+00
 0.00000000E+00 0.00000000E+00 0.00000000E+00
 0.00000000E+00 0.00000000E+00 0.00000000E+00
 0.00000000E+00 0.00000000E+00 0.00000000E+00
 0.00000000E+00 0.00000000E+00 0.00000000E+00
 0.00000000E+00 0.00000000E+00 0.00000000E+00
 0.00000000E+00 0.00000000E+00 0.00000000E+00
 0.00000000E+00 0.00000000E+00 0.00000000E+00
 0.00000000E+00 0.00000000E+00 0.00000000E+00
 0.00000000E+00 0.00000000E+00 0.00000000E+00
 0.00000000E+00 0.00000000E+00 0.00000000E+00
 0.00000000E+00 0.00000000E+00 0.00000000E+00
 0.00000000E+00 0.00000000E+00 0.00000000E+00
 0.00000000E+00 0.00000000E+00 0.00000000E+00
 0.00000000E+00 0.00000000E+00 0.00000000E+00
 0.00000000E+00 0.00000000E+00 0.00000000E+00
 0.00000000E+00 0.00000000E+00 0.00000000E+00
 0.00000000E+00 0.00000000E+00 0.00000000E+00
 0.00000000E+00 0.00000000E+00 0.00000000E+00
 0.00000000E+00 0.00000000E+00 0.00000000E+00
 0.00000000E+00 0.00000000E+00 0.00000000E+00
 0.00000000E+00 0.00000000E+00 0.00000000E+00
 0.00000000E+00 0.00000000E+00 0.00000000E+00
 0.00000000E+00 0.00000000E+00 0.00000000E+00
 0.00000000E+00 0.00000000E+00 0.00000000E+00
 0.00000000E+00 0.00000000E+00 0.00000000E+00
 0.00000000E+00 0.00000000E+00 0.00000000E+00
 0.00000000E+00 0.00000000E+00 0.00000000E+00
 0.00000000E+00 0.00000000E+00 0.00000000E+00
 0.00000000E+00 0.00000000E+00 0.00000000E+00
 0.00000000E+00 0.00000000E+00 0.00000000E+00
 0.00000000E+00 0.00000000E+00 0.00000000E+00
 0.00000000E+00 0.00000000E+00 0.00000000E+00
 0.00000000E+00 0.00000000E+00 0.00000000E+00
 0.00000000E+00 0.00000000E+00 0.00000000E+00
 0.00000000E+00 0.00000000E+00 0.00000000E+00
 0.00000000E+00 0.00000000E+00 0.00000000E+00
 0.00000000E+00 0.00000000E+00 0.00000000E+00
 0.00000000E+00 0.00000000E+00 0.00000000E+00
 0.00000000E+00 0.00000000E+00 0.00000000E+00
 0.00000000E+00 0.00000000E+00 0.00000000E+00
 0.00000000E+00 0.00000000E+00 0.00000000E+00
 0.00000000E+00 0.00000000E+00 0.00000000E+00
 0.00000000E+00 0.00000000E+00 0.00000000E+00
 0.00000000E+00 0.00000000E+00 0.00000000E+00
  UT   Concentration of primary species mol/L :
 0.49499447E+02 0.95722629E-07 0.95722628E-10
 0.49499477E+02 0.96587864E-07 0.96587865E-10
 0.49499510E+02 0.97110153E-07 0.97110154E-10
 0.49499552E+02 0.97551196E-07 0.97551196E-10
 0.49499564E+02 0.97534215E-07 0.97534215E-10
 0.49499581E+02 0.97611457E-07 0.97611458E-10
 0.49499575E+02 0.97614363E-07 0.97614364E-10
 0.49499553E+02 0.97543793E-07 0.97543794E-10
 0.49499536E+02 0.97287628E-07 0.97287629E-10
 0.49499500E+02 0.97074026E-07 0.97074027E-10
 0.49499480E+02 0.96656441E-07 0.96656441E-10
 0.49499454E+02 0.96055503E-07 0.96055503E-10
 0.49499450E+02 0.95638753E-07 0.95638754E-10
 0.49499577E+02 0.97709941E-07 0.97709941E-10
 0.49499565E+02 0.97612803E-07 0.97612804E-10
 0.49499509E+02 0.97232201E-07 0.97232202E-10
 0.49499499E+02 0.96981701E-07 0.96981702E-10
 0.49499540E+02 0.97541291E-07 0.97541291E-10
 0.49499579E+02 0.97760626E-07 0.97760627E-10
 0.49499570E+02 0.97728842E-07 0.97728843E-10
 0.49499536E+02 0.97455896E-07 0.97455897E-10
 0.49499589E+02 0.97849215E-07 0.97849215E-10
 0.49499480E+02 0.96913907E-07 0.96913909E-10
 0.49499449E+02 0.95953951E-07 0.95953952E-10
 0.49499444E+02 0.95661328E-07 0.95661329E-10
 0.49499464E+02 0.96326486E-07 0.96326487E-10
 0.49499558E+02 0.97801546E-07 0.97801547E-10
 0.49499562E+02 0.97782521E-07 0.97782522E-10
 0.49499444E+02 0.96264925E-07 0.96264926E-10
 0.49499447E+02 0.96126029E-07 0.96126030E-10
 0.49499592E+02 0.98032840E-07 0.98032841E-10
 0.49499593E+02 0.98005500E-07 0.98005500E-10
 0.49499515E+02 0.97584300E-07 0.97584301E-10
 0.49499456E+02 0.96586528E-07 0.96586529E-10
 0.49499499E+02 0.97482215E-07 0.97482216E-10
 0.49499611E+02 0.98149234E-07 0.98149235E-10
 0.49499534E+02 0.97751390E-07 0.97751391E-10
 0.49499478E+02 0.97248298E-07 0.97248299E-10
 0.49499575E+02 0.98036039E-07 0.98036040E-10
 0.49499575E+02 0.98061168E-07 0.98061168E-10
 0.49499463E+02 0.97015283E-07 0.97015284E-10
 0.49499533E+02 0.97888541E-07 0.97888542E-10
 0.49499613E+02 0.98221127E-07 0.98221128E-10
 0.49499620E+02 0.98232375E-07 0.98232375E-10
 0.49499642E+02 0.98285356E-07 0.98285357E-10
 0.49499544E+02 0.98053319E-07 0.98053320E-10
 0.49499488E+02 0.97637189E-07 0.97637190E-10
 0.49499575E+02 0.98179209E-07 0.98179210E-10
 0.49499504E+02 0.97820182E-07 0.97820183E-10
 0.49499583E+02 0.98223982E-07 0.98223982E-10
 0.49499661E+02 0.98330859E-07 0.98330860E-10
 0.49499442E+02 0.96675169E-07 0.96675170E-10
 0.49499466E+02 0.97507558E-07 0.97507559E-10
 0.49499419E+02 0.95800626E-07 0.95800627E-10
 0.49499693E+02 0.98359046E-07 0.98359046E-10
 0.49499426E+02 0.96062877E-07 0.96062878E-10
 0.49499606E+02 0.98288784E-07 0.98288785E-10
 0.49499640E+02 0.98324076E-07 0.98324076E-10
 0.49499504E+02 0.97923930E-07 0.97923932E-10
 0.49499422E+02 0.96288555E-07 0.96288556E-10
 0.49499541E+02 0.98141353E-07 0.98141354E-10
 0.49499692E+02 0.98380229E-07 0.98380229E-10
 0.49499447E+02 0.97343932E-07 0.97343933E-10
 0.49499521E+02 0.98089027E-07 0.98089028E-10
 0.49499680E+02 0.98361321E-07 0.98361322E-10
 0.49499731E+02 0.98390100E-07 0.98390100E-10
 0.49499795E+02 0.98410296E-07 0.98410296E-10
 0.49499575E+02 0.98267899E-07 0.98267900E-10
 0.49499473E+02 0.97830608E-07 0.97830609E-10
 0.49499425E+02 0.96957738E-07 0.96957739E-10
 0.49499664E+02 0.98368179E-07 0.98368179E-10
 0.49499667E+02 0.98354660E-07 0.98354661E-10
 0.49499461E+02 0.97761861E-07 0.97761862E-10
 0.49499786E+02 0.98405423E-07 0.98405423E-10
 0.49499583E+02 0.98288839E-07 0.98288841E-10
 0.49499489E+02 0.98031917E-07 0.98031918E-10
 0.49499398E+02 0.96307487E-07 0.96307487E-10
 0.49499810E+02 0.98417084E-07 0.98417084E-10
 0.49500082E+02 0.98425687E-07 0.98425688E-10
 0.49499792E+02 0.98411868E-07 0.98411868E-10
 0.49499715E+02 0.98397041E-07 0.98397041E-10
 0.49499526E+02 0.98211334E-07 0.98211335E-10
 0.49499428E+02 0.97548884E-07 0.97548885E-10
 0.49499855E+02 0.98419477E-07 0.98419477E-10
 0.49499564E+02 0.98298836E-07 0.98298837E-10
 0.49499792E+02 0.98414621E-07 0.98414622E-10
 0.49499510E+02 0.98205805E-07 0.98205806E-10
 0.49499742E+02 0.98406583E-07 0.98406583E-10
 0.49499477E+02 0.98083907E-07 0.98083908E-10
 0.49499631E+02 0.98360920E-07 0.98360920E-10
 0.49499389E+02 0.96137815E-07 0.96137816E-10
 0.49499387E+02 0.96033149E-07 0.96033149E-10
 0.49499618E+02 0.98356051E-07 0.98356051E-10
 0.49499401E+02 0.96711888E-07 0.96711889E-10
 0.49499683E+02 0.98395319E-07 0.98395320E-10
 0.49499557E+02 0.98312439E-07 0.98312440E-10
 0.49499414E+02 0.97512719E-07 0.97512719E-10
 0.49499698E+02 0.98402020E-07 0.98402021E-10
 0.49499664E+02 0.98395292E-07 0.98395293E-10
 0.49499379E+02 0.96421957E-07 0.96421957E-10
 0.49499469E+02 0.98110121E-07 0.98110122E-10
 0.49499628E+02 0.98378489E-07 0.98378490E-10
 0.49499437E+02 0.97898479E-07 0.97898480E-10
 0.49499430E+02 0.97898841E-07 0.97898841E-10
 0.49499495E+02 0.98226224E-07 0.98226225E-10
 0.49499589E+02 0.98359289E-07 0.98359290E-10
 0.49499527E+02 0.98302408E-07 0.98302409E-10
 0.49499603E+02 0.98377532E-07 0.98377533E-10
 0.49499369E+02 0.96385810E-07 0.96385810E-10
 0.49499484E+02 0.98236361E-07 0.98236362E-10
 0.49499591E+02 0.98364088E-07 0.98364089E-10
 0.49499381E+02 0.96973585E-07 0.96973586E-10
 0.49499524E+02 0.98319558E-07 0.98319558E-10
 0.49499435E+02 0.98092549E-07 0.98092550E-10
 0.49499388E+02 0.97681978E-07 0.97681979E-10
 0.49499528E+02 0.98345913E-07 0.98345914E-10
 0.49499388E+02 0.97772831E-07 0.97772832E-10
 0.49499496E+02 0.98310163E-07 0.98310164E-10
 0.49499419E+02 0.98083462E-07 0.98083463E-10
 0.49499364E+02 0.97271942E-07 0.97271941E-10
 0.49499440E+02 0.98206735E-07 0.98206735E-10
 0.49499443E+02 0.98235117E-07 0.98235118E-10
 0.49499478E+02 0.98303290E-07 0.98303291E-10
 0.49499346E+02 0.96619460E-07 0.96619460E-10
 0.49499331E+02 0.96204018E-07 0.96204019E-10
 0.49499460E+02 0.98301321E-07 0.98301321E-10
 0.49499428E+02 0.98252698E-07 0.98252699E-10
 0.49499366E+02 0.97858728E-07 0.97858729E-10
 0.49499388E+02 0.98095680E-07 0.98095680E-10
 0.49499330E+02 0.96423688E-07 0.96423689E-10
 0.49499412E+02 0.98241808E-07 0.98241809E-10
 0.49499366E+02 0.97954212E-07 0.97954213E-10
 0.49499320E+02 0.96234266E-07 0.96234266E-10
 0.49499320E+02 0.96413875E-07 0.96413875E-10
 0.49499404E+02 0.98247963E-07 0.98247964E-10
 0.49499328E+02 0.97402597E-07 0.97402598E-10
 0.49499371E+02 0.98134019E-07 0.98134020E-10
 0.49499394E+02 0.98244818E-07 0.98244819E-10
 0.49499329E+02 0.97631083E-07 0.97631084E-10
 0.49499366E+02 0.98174731E-07 0.98174732E-10
 0.49499358E+02 0.98188877E-07 0.98188877E-10
 0.49499331E+02 0.98001254E-07 0.98001255E-10
 0.49499294E+02 0.96295755E-07 0.96295756E-10
 0.49499293E+02 0.96112582E-07 0.96112583E-10
 0.49499302E+02 0.97031672E-07 0.97031672E-10
 0.49499338E+02 0.98193627E-07 0.98193627E-10
 0.49499290E+02 0.96511400E-07 0.96511400E-10
 0.49499302E+02 0.97687771E-07 0.97687772E-10
 0.49499309E+02 0.97909695E-07 0.97909696E-10
 0.49499314E+02 0.98169386E-07 0.98169386E-10
 0.49499303E+02 0.98087260E-07 0.98087260E-10
 0.49499301E+02 0.98109492E-07 0.98109492E-10
 0.49499275E+02 0.96500480E-07 0.96500481E-10
 0.49499271E+02 0.97256503E-07 0.97256504E-10
 0.49499272E+02 0.97902373E-07 0.97902373E-10
 0.49499269E+02 0.98129119E-07 0.98129120E-10
 0.49499261E+02 0.97379766E-07 0.97379766E-10
 0.49499254E+02 0.97846245E-07 0.97846246E-10
 0.49499252E+02 0.96227542E-07 0.96227542E-10
 0.49499247E+02 0.98078107E-07 0.98078108E-10
 0.49499240E+02 0.98032815E-07 0.98032816E-10
 0.49499246E+02 0.96341933E-07 0.96341933E-10
 0.49499232E+02 0.97386721E-07 0.97386721E-10
 0.49499235E+02 0.96686148E-07 0.96686148E-10
 0.49499222E+02 0.97819655E-07 0.97819656E-10
 0.49499217E+02 0.97935407E-07 0.97935408E-10
 0.49499205E+02 0.98061924E-07 0.98061925E-10
 0.49499195E+02 0.98040024E-07 0.98040025E-10
 0.49499221E+02 0.96745950E-07 0.96745951E-10
 0.49499221E+02 0.96207615E-07 0.96207616E-10
 0.49499198E+02 0.97553777E-07 0.97553777E-10
 0.49499172E+02 0.97984319E-07 0.97984320E-10
 0.49499166E+02 0.97957249E-07 0.97957249E-10
 0.49499200E+02 0.96939285E-07 0.96939285E-10
 0.49499170E+02 0.97832768E-07 0.97832769E-10
 0.49499211E+02 0.96006911E-07 0.96006911E-10
 0.49499179E+02 0.97533586E-07 0.97533586E-10
 0.49499161E+02 0.97751987E-07 0.97751988E-10
 0.49499136E+02 0.97989460E-07 0.97989460E-10
 0.49499120E+02 0.97970077E-07 0.97970078E-10
 0.49499183E+02 0.96766969E-07 0.96766970E-10
 0.49499111E+02 0.97865285E-07 0.97865286E-10
 0.49499163E+02 0.97088835E-07 0.97088836E-10
 0.49499184E+02 0.96333301E-07 0.96333301E-10
 0.49499186E+02 0.96094327E-07 0.96094327E-10
 0.49499186E+02 0.96111894E-07 0.96111894E-10
 0.49499090E+02 0.97893059E-07 0.97893060E-10
 0.49499115E+02 0.97616513E-07 0.97616513E-10
 0.49499145E+02 0.97080320E-07 0.97080321E-10
 0.49499124E+02 0.97426791E-07 0.97426792E-10
 0.49499100E+02 0.97667518E-07 0.97667519E-10
 0.49499166E+02 0.96467182E-07 0.96467182E-10
 0.49499058E+02 0.97903102E-07 0.97903102E-10
 0.49499126E+02 0.97242132E-07 0.97242133E-10
 0.49499048E+02 0.97901471E-07 0.97901471E-10
 0.49499071E+02 0.97685006E-07 0.97685007E-10
 0.49499161E+02 0.96305483E-07 0.96305484E-10
 0.49499142E+02 0.96567990E-07 0.96567990E-10
 0.49499031E+02 0.97752872E-07 0.97752872E-10
 0.49499160E+02 0.95921663E-07 0.95921663E-10
 0.49499161E+02 0.95808208E-07 0.95808209E-10
 0.49499021E+02 0.97722127E-07 0.97722128E-10
 0.49499134E+02 0.96538335E-07 0.96538336E-10
 0.49498985E+02 0.97868215E-07 0.97868216E-10
 0.49499062E+02 0.97340941E-07 0.97340942E-10
 0.49499105E+02 0.96835399E-07 0.96835399E-10
 0.49498975E+02 0.97776994E-07 0.97776995E-10
 0.49498969E+02 0.97786838E-07 0.97786838E-10
 0.49499039E+02 0.97403047E-07 0.97403047E-10
 0.49499081E+02 0.96988267E-07 0.96988268E-10
 0.49499067E+02 0.97103150E-07 0.97103151E-10
 0.49499018E+02 0.97456182E-07 0.97456183E-10
 0.49499097E+02 0.96506562E-07 0.96506562E-10
 0.49498905E+02 0.97794279E-07 0.97794280E-10
 0.49498955E+02 0.97538145E-07 0.97538146E-10
 0.49498932E+02 0.97599323E-07 0.97599323E-10
 0.49499137E+02 0.95972394E-07 0.95972394E-10
 0.49499134E+02 0.95975276E-07 0.95975276E-10
 0.49498973E+02 0.97373374E-07 0.97373374E-10
 0.49498879E+02 0.97734848E-07 0.97734848E-10
 0.49499123E+02 0.96092988E-07 0.96092987E-10
 0.49499107E+02 0.96199699E-07 0.96199699E-10
 0.49498879E+02 0.97518973E-07 0.97518974E-10
 0.49499034E+02 0.96945529E-07 0.96945529E-10
 0.49498827E+02 0.97589983E-07 0.97589983E-10
 0.49498988E+02 0.97097121E-07 0.97097122E-10
 0.49498988E+02 0.96988696E-07 0.96988697E-10
 0.49499056E+02 0.96592612E-07 0.96592613E-10
 0.49499084E+02 0.96356117E-07 0.96356117E-10
 0.49498774E+02 0.97109302E-07 0.97109303E-10
 0.49498870E+02 0.97452720E-07 0.97452720E-10
 0.49499104E+02 0.96123415E-07 0.96123415E-10
 0.49498925E+02 0.97136601E-07 0.97136602E-10
 0.49499014E+02 0.96783353E-07 0.96783354E-10
 0.49498768E+02 0.97007757E-07 0.97007758E-10
 0.49499112E+02 0.95769634E-07 0.95769634E-10
 0.49498856E+02 0.97080032E-07 0.97080032E-10
 0.49498790E+02 0.97107652E-07 0.97107652E-10
 0.49498913E+02 0.96920638E-07 0.96920638E-10
 0.49499041E+02 0.96323018E-07 0.96323018E-10
 0.49498854E+02 0.96901775E-07 0.96901775E-10
 0.49499063E+02 0.96232586E-07 0.96232586E-10
 0.49498993E+02 0.96529925E-07 0.96529925E-10
 0.49499107E+02 0.95790764E-07 0.95790763E-10
 0.49498702E+02 0.96522824E-07 0.96522825E-10
 0.49498437E+02 0.99999701E-07 0.99999701E-10
 0.49498685E+02 0.96559660E-07 0.96559660E-10
 0.49499106E+02 0.95556935E-07 0.95556935E-10
 0.49498870E+02 0.96691997E-07 0.96691997E-10
 0.49499004E+02 0.96349306E-07 0.96349306E-10
 0.49498939E+02 0.96522600E-07 0.96522601E-10
 0.49498776E+02 0.96418745E-07 0.96418745E-10
 0.49498840E+02 0.96274332E-07 0.96274332E-10
 0.49498678E+02 0.96624956E-07 0.96624956E-10
 0.49499034E+02 0.96155233E-07 0.96155234E-10
 0.49498946E+02 0.96315484E-07 0.96315484E-10
 0.49499063E+02 0.95852318E-07 0.95852318E-10
 0.49498716E+02 0.96366536E-07 0.96366535E-10
 0.49499058E+02 0.96006303E-07 0.96006303E-10
 0.49499079E+02 0.95793161E-07 0.95793161E-10
 0.49498808E+02 0.95941151E-07 0.95941151E-10
 0.49498873E+02 0.96048696E-07 0.96048696E-10
 0.49498868E+02 0.96020411E-07 0.96020411E-10
 0.49499001E+02 0.96037959E-07 0.96037959E-10
 0.49498753E+02 0.95814797E-07 0.95814797E-10
 0.49499088E+02 0.95564283E-07 0.95564283E-10
 0.49498968E+02 0.96127026E-07 0.96127026E-10
 0.49498805E+02 0.95597620E-07 0.95597620E-10
 0.49498803E+02 0.95498425E-07 0.95498425E-10
 0.49499069E+02 0.95687611E-07 0.95687611E-10
 0.49498985E+02 0.96019153E-07 0.96019153E-10
 0.49498933E+02 0.95880196E-07 0.95880196E-10
 0.49499020E+02 0.95796536E-07 0.95796536E-10
 0.49498825E+02 0.95427055E-07 0.95427054E-10
 0.49498861E+02 0.95351944E-07 0.95351944E-10
 0.49498927E+02 0.95692705E-07 0.95692705E-10
 0.49499074E+02 0.95217794E-07 0.95217795E-10
 0.49498900E+02 0.95474771E-07 0.95474770E-10
 0.49499047E+02 0.95541929E-07 0.95541929E-10
 0.49498879E+02 0.95319364E-07 0.95319363E-10
 0.49499009E+02 0.95737053E-07 0.95737053E-10
 0.49498975E+02 0.95491961E-07 0.95491961E-10
 0.49499036E+02 0.95581099E-07 0.95581100E-10
 0.49498969E+02 0.95669368E-07 0.95669368E-10
 0.49498869E+02 0.95130308E-07 0.95130307E-10
 0.49498934E+02 0.95269497E-07 0.95269497E-10
 0.49498897E+02 0.94983257E-07 0.94983257E-10
 0.49499015E+02 0.95142365E-07 0.95142365E-10
 0.49498888E+02 0.94948317E-07 0.94948316E-10
 0.49498941E+02 0.95303410E-07 0.95303410E-10
 0.49498914E+02 0.95094992E-07 0.95094991E-10
 0.49499052E+02 0.95177756E-07 0.95177756E-10
 0.49498985E+02 0.95016748E-07 0.95016748E-10
 0.49498974E+02 0.95278346E-07 0.95278346E-10
 0.49498921E+02 0.94888089E-07 0.94888089E-10
 0.49499062E+02 0.95180867E-07 0.95180867E-10
 0.49499060E+02 0.95085839E-07 0.95085838E-10
 0.49499029E+02 0.95170579E-07 0.95170578E-10
 0.49499006E+02 0.95100335E-07 0.95100335E-10
 0.49498953E+02 0.94993469E-07 0.94993469E-10
 0.49498905E+02 0.94762910E-07 0.94762909E-10
 0.49499036E+02 0.94866607E-07 0.94866607E-10
 0.49498914E+02 0.94632854E-07 0.94632853E-10
 0.49499054E+02 0.94713619E-07 0.94713619E-10
 0.49499058E+02 0.94784298E-07 0.94784298E-10
 0.49498930E+02 0.94777871E-07 0.94777871E-10
 0.49498998E+02 0.94916251E-07 0.94916251E-10
 0.49498941E+02 0.94668583E-07 0.94668582E-10
 0.49498972E+02 0.94690787E-07 0.94690786E-10
 0.49498919E+02 0.94529289E-07 0.94529288E-10
 0.49498965E+02 0.94883171E-07 0.94883171E-10
 0.49499025E+02 0.94977319E-07 0.94977318E-10
 0.49498996E+02 0.94804947E-07 0.94804946E-10
 0.49498926E+02 0.94475793E-07 0.94475792E-10
 0.49498934E+02 0.94565599E-07 0.94565599E-10
 0.49499055E+02 0.94807529E-07 0.94807528E-10
 0.49499038E+02 0.94866875E-07 0.94866874E-10
 0.49499023E+02 0.94825816E-07 0.94825815E-10
 0.49498991E+02 0.94876616E-07 0.94876615E-10
 0.49498952E+02 0.94705995E-07 0.94705995E-10
 0.49498935E+02 0.94498825E-07 0.94498825E-10
 0.49498923E+02 0.94376405E-07 0.94376404E-10
 0.49498928E+02 0.94427539E-07 0.94427538E-10
 0.49498952E+02 0.94580893E-07 0.94580892E-10
 0.49498978E+02 0.94720307E-07 0.94720306E-10
 0.49499004E+02 0.94828839E-07 0.94828837E-10
 0.49499050E+02 0.94658152E-07 0.94658152E-10
 0.49499054E+02 0.94351548E-07 0.94351548E-10
