   97 , 0.433000E+04 ,    41 , 0.30059062E+08 , 0.12983705E+03 , 0.00000000E+00 , 0.00000000E+00 ,   316 , 0.30016452E+08 , 0.19350086E+03 , 0.00000000E+00 , 0.00000000E+00 , 
   98 , 0.435000E+04 ,    41 , 0.30058913E+08 , 0.13157164E+03 , 0.00000000E+00 , 0.00000000E+00 ,   316 , 0.30016452E+08 , 0.19350083E+03 , 0.00000000E+00 , 0.00000000E+00 , 
   99 , 0.439000E+04 ,    41 , 0.30058648E+08 , 0.13448721E+03 , 0.00000000E+00 , 0.00000000E+00 ,   316 , 0.30016441E+08 , 0.19350078E+03 , 0.00000000E+00 , 0.00000000E+00 , 
  100 , 0.447000E+04 ,    41 , 0.30058287E+08 , 0.13866981E+03 , 0.00000000E+00 , 0.00000000E+00 ,   316 , 0.30016425E+08 , 0.19350071E+03 , 0.00000000E+00 , 0.00000000E+00 , 
  101 , 0.463000E+04 ,    41 , 0.30057893E+08 , 0.14312216E+03 , 0.00000000E+00 , 0.00000000E+00 ,   316 , 0.30016401E+08 , 0.19350061E+03 , 0.00000000E+00 , 0.00000000E+00 , 
  102 , 0.495000E+04 ,    41 , 0.30057646E+08 , 0.14545684E+03 , 0.00000000E+00 , 0.00000000E+00 ,   316 , 0.30016375E+08 , 0.19350054E+03 , 0.00000000E+00 , 0.00000000E+00 , 
  103 , 0.559000E+04 ,    41 , 0.30057716E+08 , 0.14342390E+03 , 0.00000000E+00 , 0.00000000E+00 ,   316 , 0.30016356E+08 , 0.19350052E+03 , 0.00000000E+00 , 0.00000000E+00 , 
  104 , 0.687000E+04 ,    41 , 0.30058170E+08 , 0.13681132E+03 , 0.00000000E+00 , 0.00000000E+00 ,   316 , 0.30016348E+08 , 0.19350056E+03 , 0.00000000E+00 , 0.00000000E+00 , 
  105 , 0.864000E+04 ,    41 , 0.30058762E+08 , 0.12956665E+03 , 0.00000000E+00 , 0.00000000E+00 ,   316 , 0.30016347E+08 , 0.19350062E+03 , 0.00000000E+00 , 0.00000000E+00 , 
  106 , 0.121800E+05 ,    41 , 0.30059626E+08 , 0.12060816E+03 , 0.00000000E+00 , 0.00000000E+00 ,   316 , 0.30016349E+08 , 0.19350069E+03 , 0.00000000E+00 , 0.00000000E+00 , 
  107 , 0.192600E+05 ,    41 , 0.30060690E+08 , 0.11152927E+03 , 0.00000000E+00 , 0.00000000E+00 ,   316 , 0.30016351E+08 , 0.19350059E+03 , 0.00000000E+00 , 0.00000000E+00 , 
  108 , 0.334200E+05 ,    41 , 0.30061843E+08 , 0.10363032E+03 , 0.00000000E+00 , 0.00000000E+00 ,   316 , 0.30016352E+08 , 0.19349921E+03 , 0.00000000E+00 , 0.00000000E+00 , 
  109 , 0.617400E+05 ,    41 , 0.30063007E+08 , 0.97399844E+02 , 0.00000000E+00 , 0.00000000E+00 ,   316 , 0.30016354E+08 , 0.19348998E+03 , 0.00000000E+00 , 0.00000000E+00 , 
  110 , 0.864000E+05 ,    41 , 0.30063651E+08 , 0.94564573E+02 , 0.00000000E+00 , 0.00000000E+00 ,   316 , 0.30016356E+08 , 0.19347693E+03 , 0.00000000E+00 , 0.00000000E+00 , 
  111 , 0.135720E+06 ,    41 , 0.30064445E+08 , 0.91701434E+02 , 0.00000000E+00 , 0.00000000E+00 ,   316 , 0.30016359E+08 , 0.19342981E+03 , 0.00000000E+00 , 0.00000000E+00 , 
  112 , 0.234360E+06 ,    41 , 0.30065381E+08 , 0.89113431E+02 , 0.00000000E+00 , 0.00000000E+00 ,   316 , 0.30016371E+08 , 0.19326501E+03 , 0.00000000E+00 , 0.00000000E+00 , 
  113 , 0.431640E+06 ,    41 , 0.30066468E+08 , 0.86970331E+02 , 0.00000000E+00 , 0.00000000E+00 ,   316 , 0.30016404E+08 , 0.19276378E+03 , 0.00000000E+00 , 0.00000000E+00 , 
  114 , 0.826200E+06 ,    41 , 0.30067754E+08 , 0.85298772E+02 , 0.00000000E+00 , 0.00000000E+00 ,   316 , 0.30016487E+08 , 0.19150872E+03 , 0.00000000E+00 , 0.00000000E+00 , 
  115 , 0.161532E+07 ,    41 , 0.30069321E+08 , 0.84045418E+02 , 0.00000000E+00 , 0.00000000E+00 ,   316 , 0.30016660E+08 , 0.18895186E+03 , 0.00000000E+00 , 0.00000000E+00 , 
  116 , 0.319356E+07 ,    41 , 0.30071252E+08 , 0.83128682E+02 , 0.00000000E+00 , 0.00000000E+00 ,   316 , 0.30016964E+08 , 0.18464753E+03 , 0.00000000E+00 , 0.00000000E+00 , 
  117 , 0.492156E+07 ,    41 , 0.30072737E+08 , 0.82656861E+02 , 0.00000000E+00 , 0.00000000E+00 ,   316 , 0.30017242E+08 , 0.18093468E+03 , 0.00000000E+00 , 0.00000000E+00 , 
  118 , 0.664956E+07 ,    41 , 0.30073886E+08 , 0.82381898E+02 , 0.00000000E+00 , 0.00000000E+00 ,   316 , 0.30017478E+08 , 0.17791772E+03 , 0.00000000E+00 , 0.00000000E+00 , 
  119 , 0.837756E+07 ,    41 , 0.30074830E+08 , 0.82199237E+02 , 0.00000000E+00 , 0.00000000E+00 ,   316 , 0.30017684E+08 , 0.17538133E+03 , 0.00000000E+00 , 0.00000000E+00 , 
  120 , 0.864000E+07 ,    41 , 0.30074969E+08 , 0.82174238E+02 , 0.00000000E+00 , 0.00000000E+00 ,   316 , 0.30017714E+08 , 0.17501214E+03 , 0.00000000E+00 , 0.00000000E+00 , 
  121 , 0.916488E+07 ,    41 , 0.30075229E+08 , 0.82129228E+02 , 0.00000000E+00 , 0.00000000E+00 ,   316 , 0.30017773E+08 , 0.17431453E+03 , 0.00000000E+00 , 0.00000000E+00 , 
  122 , 0.102146E+08 ,    41 , 0.30075703E+08 , 0.82053767E+02 , 0.00000000E+00 , 0.00000000E+00 ,   316 , 0.30017881E+08 , 0.17302982E+03 , 0.00000000E+00 , 0.00000000E+00 , 
  123 , 0.119426E+08 ,    41 , 0.30076394E+08 , 0.81956846E+02 , 0.00000000E+00 , 0.00000000E+00 ,   316 , 0.30018045E+08 , 0.17113569E+03 , 0.00000000E+00 , 0.00000000E+00 , 
  124 , 0.136706E+08 ,    41 , 0.30077013E+08 , 0.81879520E+02 , 0.00000000E+00 , 0.00000000E+00 ,   316 , 0.30018196E+08 , 0.16943564E+03 , 0.00000000E+00 , 0.00000000E+00 , 
  125 , 0.153986E+08 ,    41 , 0.30077573E+08 , 0.81816073E+02 , 0.00000000E+00 , 0.00000000E+00 ,   316 , 0.30018336E+08 , 0.16789691E+03 , 0.00000000E+00 , 0.00000000E+00 , 
  126 , 0.171266E+08 ,    41 , 0.30078086E+08 , 0.81762845E+02 , 0.00000000E+00 , 0.00000000E+00 ,   316 , 0.30018466E+08 , 0.16649256E+03 , 0.00000000E+00 , 0.00000000E+00 , 
  127 , 0.188546E+08 ,    41 , 0.30078558E+08 , 0.81717387E+02 , 0.00000000E+00 , 0.00000000E+00 ,   316 , 0.30018589E+08 , 0.16520124E+03 , 0.00000000E+00 , 0.00000000E+00 , 
  128 , 0.205826E+08 ,    41 , 0.30078996E+08 , 0.81677993E+02 , 0.00000000E+00 , 0.00000000E+00 ,   316 , 0.30018704E+08 , 0.16400608E+03 , 0.00000000E+00 , 0.00000000E+00 , 
  129 , 0.223106E+08 ,    41 , 0.30079404E+08 , 0.81643435E+02 , 0.00000000E+00 , 0.00000000E+00 ,   316 , 0.30018813E+08 , 0.16289366E+03 , 0.00000000E+00 , 0.00000000E+00 , 
  130 , 0.240386E+08 ,    41 , 0.30079788E+08 , 0.81612807E+02 , 0.00000000E+00 , 0.00000000E+00 ,   316 , 0.30018916E+08 , 0.16185319E+03 , 0.00000000E+00 , 0.00000000E+00 , 
  131 , 0.257666E+08 ,    41 , 0.30080149E+08 , 0.81585421E+02 , 0.00000000E+00 , 0.00000000E+00 ,   316 , 0.30019015E+08 , 0.16087585E+03 , 0.00000000E+00 , 0.00000000E+00 , 
  132 , 0.274946E+08 ,    41 , 0.30080491E+08 , 0.81560746E+02 , 0.00000000E+00 , 0.00000000E+00 ,   316 , 0.30019109E+08 , 0.15995436E+03 , 0.00000000E+00 , 0.00000000E+00 , 
  133 , 0.292226E+08 ,    41 , 0.30080815E+08 , 0.81538364E+02 , 0.00000000E+00 , 0.00000000E+00 ,   316 , 0.30019199E+08 , 0.15908263E+03 , 0.00000000E+00 , 0.00000000E+00 , 
  134 , 0.309506E+08 ,    41 , 0.30081124E+08 , 0.81517943E+02 , 0.00000000E+00 , 0.00000000E+00 ,   316 , 0.30019286E+08 , 0.15825554E+03 , 0.00000000E+00 , 0.00000000E+00 , 
  135 , 0.326786E+08 ,    41 , 0.30081418E+08 , 0.81499213E+02 , 0.00000000E+00 , 0.00000000E+00 ,   316 , 0.30019369E+08 , 0.15746873E+03 , 0.00000000E+00 , 0.00000000E+00 , 
  136 , 0.344066E+08 ,    41 , 0.30081700E+08 , 0.81481954E+02 , 0.00000000E+00 , 0.00000000E+00 ,   316 , 0.30019450E+08 , 0.15671844E+03 , 0.00000000E+00 , 0.00000000E+00 , 
  137 , 0.361346E+08 ,    41 , 0.30081970E+08 , 0.81465984E+02 , 0.00000000E+00 , 0.00000000E+00 ,   316 , 0.30019528E+08 , 0.15600140E+03 , 0.00000000E+00 , 0.00000000E+00 , 
  138 , 0.378626E+08 ,    41 , 0.30082229E+08 , 0.81451150E+02 , 0.00000000E+00 , 0.00000000E+00 ,   316 , 0.30019603E+08 , 0.15531477E+03 , 0.00000000E+00 , 0.00000000E+00 , 
  139 , 0.395906E+08 ,    41 , 0.30082478E+08 , 0.81437324E+02 , 0.00000000E+00 , 0.00000000E+00 ,   316 , 0.30019676E+08 , 0.15465605E+03 , 0.00000000E+00 , 0.00000000E+00 , 
  140 , 0.413186E+08 ,    41 , 0.30082718E+08 , 0.81424398E+02 , 0.00000000E+00 , 0.00000000E+00 ,   316 , 0.30019747E+08 , 0.15402304E+03 , 0.00000000E+00 , 0.00000000E+00 , 
  141 , 0.430466E+08 ,    41 , 0.30082950E+08 , 0.81412277E+02 , 0.00000000E+00 , 0.00000000E+00 ,   316 , 0.30019816E+08 , 0.15341381E+03 , 0.00000000E+00 , 0.00000000E+00 , 
  142 , 0.447746E+08 ,    41 , 0.30083174E+08 , 0.81400882E+02 , 0.00000000E+00 , 0.00000000E+00 ,   316 , 0.30019882E+08 , 0.15282663E+03 , 0.00000000E+00 , 0.00000000E+00 , 
  143 , 0.465026E+08 ,    41 , 0.30083391E+08 , 0.81390143E+02 , 0.00000000E+00 , 0.00000000E+00 ,   316 , 0.30019947E+08 , 0.15225997E+03 , 0.00000000E+00 , 0.00000000E+00 , 
  144 , 0.482306E+08 ,    41 , 0.30083600E+08 , 0.81380000E+02 , 0.00000000E+00 , 0.00000000E+00 ,   316 , 0.30020011E+08 , 0.15171241E+03 , 0.00000000E+00 , 0.00000000E+00 , 
  145 , 0.499586E+08 ,    41 , 0.30083804E+08 , 0.81370399E+02 , 0.00000000E+00 , 0.00000000E+00 ,   316 , 0.30020073E+08 , 0.15118271E+03 , 0.00000000E+00 , 0.00000000E+00 , 
  146 , 0.516866E+08 ,    41 , 0.30084001E+08 , 0.81361294E+02 , 0.00000000E+00 , 0.00000000E+00 ,   316 , 0.30020133E+08 , 0.15066974E+03 , 0.00000000E+00 , 0.00000000E+00 , 
  147 , 0.534146E+08 ,    41 , 0.30084193E+08 , 0.81352644E+02 , 0.00000000E+00 , 0.00000000E+00 ,   316 , 0.30020192E+08 , 0.15017246E+03 , 0.00000000E+00 , 0.00000000E+00 , 
  148 , 0.551426E+08 ,    41 , 0.30084380E+08 , 0.81344412E+02 , 0.00000000E+00 , 0.00000000E+00 ,   316 , 0.30020250E+08 , 0.14968995E+03 , 0.00000000E+00 , 0.00000000E+00 , 
  149 , 0.568706E+08 ,    41 , 0.30084561E+08 , 0.81336566E+02 , 0.00000000E+00 , 0.00000000E+00 ,   316 , 0.30020306E+08 , 0.14922134E+03 , 0.00000000E+00 , 0.00000000E+00 , 
  150 , 0.585986E+08 ,    41 , 0.30084738E+08 , 0.81329076E+02 , 0.00000000E+00 , 0.00000000E+00 ,   316 , 0.30020361E+08 , 0.14876587E+03 , 0.00000000E+00 , 0.00000000E+00 , 
  151 , 0.603266E+08 ,    41 , 0.30084911E+08 , 0.81321916E+02 , 0.00000000E+00 , 0.00000000E+00 ,   316 , 0.30020415E+08 , 0.14832282E+03 , 0.00000000E+00 , 0.00000000E+00 , 
  152 , 0.620546E+08 ,    41 , 0.30085079E+08 , 0.81315063E+02 , 0.00000000E+00 , 0.00000000E+00 ,   316 , 0.30020468E+08 , 0.14789152E+03 , 0.00000000E+00 , 0.00000000E+00 , 
  153 , 0.637826E+08 ,    41 , 0.30085243E+08 , 0.81308495E+02 , 0.00000000E+00 , 0.00000000E+00 ,   316 , 0.30020520E+08 , 0.14747139E+03 , 0.00000000E+00 , 0.00000000E+00 , 
  154 , 0.655106E+08 ,    41 , 0.30085403E+08 , 0.81302193E+02 , 0.00000000E+00 , 0.00000000E+00 ,   316 , 0.30020571E+08 , 0.14706187E+03 , 0.00000000E+00 , 0.00000000E+00 , 
  155 , 0.672386E+08 ,    41 , 0.30085560E+08 , 0.81296140E+02 , 0.00000000E+00 , 0.00000000E+00 ,   316 , 0.30020621E+08 , 0.14666246E+03 , 0.00000000E+00 , 0.00000000E+00 , 
  156 , 0.689666E+08 ,    41 , 0.30085713E+08 , 0.81290319E+02 , 0.00000000E+00 , 0.00000000E+00 ,   316 , 0.30020670E+08 , 0.14627268E+03 , 0.00000000E+00 , 0.00000000E+00 , 
  157 , 0.706946E+08 ,    41 , 0.30085863E+08 , 0.81284717E+02 , 0.00000000E+00 , 0.00000000E+00 ,   316 , 0.30020718E+08 , 0.14589208E+03 , 0.00000000E+00 , 0.00000000E+00 , 
  158 , 0.724226E+08 ,    41 , 0.30086009E+08 , 0.81279319E+02 , 0.00000000E+00 , 0.00000000E+00 ,   316 , 0.30020766E+08 , 0.14552025E+03 , 0.00000000E+00 , 0.00000000E+00 , 
  159 , 0.741506E+08 ,    41 , 0.30086153E+08 , 0.81274114E+02 , 0.00000000E+00 , 0.00000000E+00 ,   316 , 0.30020812E+08 , 0.14515678E+03 , 0.00000000E+00 , 0.00000000E+00 , 
  160 , 0.758786E+08 ,    41 , 0.30086294E+08 , 0.81269091E+02 , 0.00000000E+00 , 0.00000000E+00 ,   316 , 0.30020858E+08 , 0.14480132E+03 , 0.00000000E+00 , 0.00000000E+00 , 
  161 , 0.776066E+08 ,    41 , 0.30086431E+08 , 0.81264238E+02 , 0.00000000E+00 , 0.00000000E+00 ,   316 , 0.30020903E+08 , 0.14445351E+03 , 0.00000000E+00 , 0.00000000E+00 , 
  162 , 0.793346E+08 ,    41 , 0.30086567E+08 , 0.81259547E+02 , 0.00000000E+00 , 0.00000000E+00 ,   316 , 0.30020948E+08 , 0.14411305E+03 , 0.00000000E+00 , 0.00000000E+00 , 
  163 , 0.810626E+08 ,    41 , 0.30086699E+08 , 0.81255010E+02 , 0.00000000E+00 , 0.00000000E+00 ,   316 , 0.30020991E+08 , 0.14377963E+03 , 0.00000000E+00 , 0.00000000E+00 , 
  164 , 0.827906E+08 ,    41 , 0.30086829E+08 , 0.81250616E+02 , 0.00000000E+00 , 0.00000000E+00 ,   316 , 0.30021034E+08 , 0.14345298E+03 , 0.00000000E+00 , 0.00000000E+00 , 
  165 , 0.845186E+08 ,    41 , 0.30086957E+08 , 0.81246361E+02 , 0.00000000E+00 , 0.00000000E+00 ,   316 , 0.30021077E+08 , 0.14313282E+03 , 0.00000000E+00 , 0.00000000E+00 , 
  166 , 0.862466E+08 ,    41 , 0.30087083E+08 , 0.81242235E+02 , 0.00000000E+00 , 0.00000000E+00 ,   316 , 0.30021118E+08 , 0.14281892E+03 , 0.00000000E+00 , 0.00000000E+00 , 
  167 , 0.864000E+08 ,    41 , 0.30087094E+08 , 0.81241870E+02 , 0.00000000E+00 , 0.00000000E+00 ,   316 , 0.30021122E+08 , 0.14279112E+03 , 0.00000000E+00 , 0.00000000E+00 , 
  168 , 0.867067E+08 ,    41 , 0.30087116E+08 , 0.81241145E+02 , 0.00000000E+00 , 0.00000000E+00 ,   316 , 0.30021129E+08 , 0.14273572E+03 , 0.00000000E+00 , 0.00000000E+00 , 
  169 , 0.873202E+08 ,    41 , 0.30087160E+08 , 0.81239710E+02 , 0.00000000E+00 , 0.00000000E+00 ,   316 , 0.30021144E+08 , 0.14262572E+03 , 0.00000000E+00 , 0.00000000E+00 , 
  170 , 0.885470E+08 ,    41 , 0.30087247E+08 , 0.81236900E+02 , 0.00000000E+00 , 0.00000000E+00 ,   316 , 0.30021173E+08 , 0.14240872E+03 , 0.00000000E+00 , 0.00000000E+00 , 
  171 , 0.902750E+08 ,    41 , 0.30087367E+08 , 0.81233055E+02 , 0.00000000E+00 , 0.00000000E+00 ,   316 , 0.30021213E+08 , 0.14210874E+03 , 0.00000000E+00 , 0.00000000E+00 , 
  172 , 0.920030E+08 ,    41 , 0.30087486E+08 , 0.81229320E+02 , 0.00000000E+00 , 0.00000000E+00 ,   316 , 0.30021253E+08 , 0.14181423E+03 , 0.00000000E+00 , 0.00000000E+00 , 
  173 , 0.937310E+08 ,    41 , 0.30087602E+08 , 0.81225689E+02 , 0.00000000E+00 , 0.00000000E+00 ,   316 , 0.30021292E+08 , 0.14152500E+03 , 0.00000000E+00 , 0.00000000E+00 , 
  174 , 0.954590E+08 ,    41 , 0.30087716E+08 , 0.81222159E+02 , 0.00000000E+00 , 0.00000000E+00 ,   316 , 0.30021331E+08 , 0.14124088E+03 , 0.00000000E+00 , 0.00000000E+00 , 
  175 , 0.971870E+08 ,    41 , 0.30087829E+08 , 0.81218725E+02 , 0.00000000E+00 , 0.00000000E+00 ,   316 , 0.30021369E+08 , 0.14096172E+03 , 0.00000000E+00 , 0.00000000E+00 , 
  176 , 0.989150E+08 ,    41 , 0.30087940E+08 , 0.81215381E+02 , 0.00000000E+00 , 0.00000000E+00 ,   316 , 0.30021407E+08 , 0.14068733E+03 , 0.00000000E+00 , 0.00000000E+00 , 
  177 , 0.100643E+09 ,    41 , 0.30088049E+08 , 0.81212125E+02 , 0.00000000E+00 , 0.00000000E+00 ,   316 , 0.30021444E+08 , 0.14041759E+03 , 0.00000000E+00 , 0.00000000E+00 , 
  178 , 0.102371E+09 ,    41 , 0.30088157E+08 , 0.81208953E+02 , 0.00000000E+00 , 0.00000000E+00 ,   316 , 0.30021481E+08 , 0.14015233E+03 , 0.00000000E+00 , 0.00000000E+00 , 
  179 , 0.104099E+09 ,    41 , 0.30088262E+08 , 0.81205861E+02 , 0.00000000E+00 , 0.00000000E+00 ,   316 , 0.30021517E+08 , 0.13989142E+03 , 0.00000000E+00 , 0.00000000E+00 , 
  180 , 0.105827E+09 ,    41 , 0.30088367E+08 , 0.81202845E+02 , 0.00000000E+00 , 0.00000000E+00 ,   316 , 0.30021553E+08 , 0.13963473E+03 , 0.00000000E+00 , 0.00000000E+00 , 
  181 , 0.107555E+09 ,    41 , 0.30088470E+08 , 0.81199904E+02 , 0.00000000E+00 , 0.00000000E+00 ,   316 , 0.30021589E+08 , 0.13938212E+03 , 0.00000000E+00 , 0.00000000E+00 , 
  182 , 0.109283E+09 ,    41 , 0.30088571E+08 , 0.81197033E+02 , 0.00000000E+00 , 0.00000000E+00 ,   316 , 0.30021624E+08 , 0.13913348E+03 , 0.00000000E+00 , 0.00000000E+00 , 
  183 , 0.111011E+09 ,    41 , 0.30088671E+08 , 0.81194229E+02 , 0.00000000E+00 , 0.00000000E+00 ,   316 , 0.30021658E+08 , 0.13888869E+03 , 0.00000000E+00 , 0.00000000E+00 , 
  184 , 0.112739E+09 ,    41 , 0.30088769E+08 , 0.81191492E+02 , 0.00000000E+00 , 0.00000000E+00 ,   316 , 0.30021692E+08 , 0.13864763E+03 , 0.00000000E+00 , 0.00000000E+00 , 
  185 , 0.114467E+09 ,    41 , 0.30088866E+08 , 0.81188816E+02 , 0.00000000E+00 , 0.00000000E+00 ,   316 , 0.30021726E+08 , 0.13841020E+03 , 0.00000000E+00 , 0.00000000E+00 , 
  186 , 0.116195E+09 ,    41 , 0.30088962E+08 , 0.81186202E+02 , 0.00000000E+00 , 0.00000000E+00 ,   316 , 0.30021760E+08 , 0.13817631E+03 , 0.00000000E+00 , 0.00000000E+00 , 
  187 , 0.117923E+09 ,    41 , 0.30089057E+08 , 0.81183645E+02 , 0.00000000E+00 , 0.00000000E+00 ,   316 , 0.30021793E+08 , 0.13794584E+03 , 0.00000000E+00 , 0.00000000E+00 , 
  188 , 0.119651E+09 ,    41 , 0.30089150E+08 , 0.81181145E+02 , 0.00000000E+00 , 0.00000000E+00 ,   316 , 0.30021826E+08 , 0.13771871E+03 , 0.00000000E+00 , 0.00000000E+00 , 
  189 , 0.121379E+09 ,    41 , 0.30089242E+08 , 0.81178698E+02 , 0.00000000E+00 , 0.00000000E+00 ,   316 , 0.30021858E+08 , 0.13749482E+03 , 0.00000000E+00 , 0.00000000E+00 , 
  190 , 0.123107E+09 ,    41 , 0.30089333E+08 , 0.81176304E+02 , 0.00000000E+00 , 0.00000000E+00 ,   316 , 0.30021890E+08 , 0.13727409E+03 , 0.00000000E+00 , 0.00000000E+00 , 
  191 , 0.124835E+09 ,    41 , 0.30089423E+08 , 0.81173960E+02 , 0.00000000E+00 , 0.00000000E+00 ,   316 , 0.30021922E+08 , 0.13705644E+03 , 0.00000000E+00 , 0.00000000E+00 , 
  192 , 0.126563E+09 ,    41 , 0.30089511E+08 , 0.81171664E+02 , 0.00000000E+00 , 0.00000000E+00 ,   316 , 0.30021953E+08 , 0.13684178E+03 , 0.00000000E+00 , 0.00000000E+00 , 
  193 , 0.128291E+09 ,    41 , 0.30089599E+08 , 0.81169415E+02 , 0.00000000E+00 , 0.00000000E+00 ,   316 , 0.30021984E+08 , 0.13663005E+03 , 0.00000000E+00 , 0.00000000E+00 , 
  194 , 0.130019E+09 ,    41 , 0.30089685E+08 , 0.81167212E+02 , 0.00000000E+00 , 0.00000000E+00 ,   316 , 0.30022015E+08 , 0.13642115E+03 , 0.00000000E+00 , 0.00000000E+00 , 
  195 , 0.131747E+09 ,    41 , 0.30089771E+08 , 0.81165052E+02 , 0.00000000E+00 , 0.00000000E+00 ,   316 , 0.30022045E+08 , 0.13621504E+03 , 0.00000000E+00 , 0.00000000E+00 , 
  196 , 0.133475E+09 ,    41 , 0.30089855E+08 , 0.81162935E+02 , 0.00000000E+00 , 0.00000000E+00 ,   316 , 0.30022075E+08 , 0.13601163E+03 , 0.00000000E+00 , 0.00000000E+00 , 
  197 , 0.135203E+09 ,    41 , 0.30089939E+08 , 0.81160859E+02 , 0.00000000E+00 , 0.00000000E+00 ,   316 , 0.30022105E+08 , 0.13581086E+03 , 0.00000000E+00 , 0.00000000E+00 , 
  198 , 0.136931E+09 ,    41 , 0.30090021E+08 , 0.81158822E+02 , 0.00000000E+00 , 0.00000000E+00 ,   316 , 0.30022135E+08 , 0.13561267E+03 , 0.00000000E+00 , 0.00000000E+00 , 
  199 , 0.138659E+09 ,    41 , 0.30090103E+08 , 0.81156824E+02 , 0.00000000E+00 , 0.00000000E+00 ,   316 , 0.30022164E+08 , 0.13541700E+03 , 0.00000000E+00 , 0.00000000E+00 , 
  200 , 0.140387E+09 ,    41 , 0.30090183E+08 , 0.81154863E+02 , 0.00000000E+00 , 0.00000000E+00 ,   316 , 0.30022193E+08 , 0.13522378E+03 , 0.00000000E+00 , 0.00000000E+00 , 
  201 , 0.142115E+09 ,    41 , 0.30090263E+08 , 0.81152938E+02 , 0.00000000E+00 , 0.00000000E+00 ,   316 , 0.30022222E+08 , 0.13503296E+03 , 0.00000000E+00 , 0.00000000E+00 , 
  202 , 0.143843E+09 ,    41 , 0.30090342E+08 , 0.81151049E+02 , 0.00000000E+00 , 0.00000000E+00 ,   316 , 0.30022250E+08 , 0.13484449E+03 , 0.00000000E+00 , 0.00000000E+00 , 
  203 , 0.145571E+09 ,    41 , 0.30090419E+08 , 0.81149193E+02 , 0.00000000E+00 , 0.00000000E+00 ,   316 , 0.30022278E+08 , 0.13465832E+03 , 0.00000000E+00 , 0.00000000E+00 , 
  204 , 0.147299E+09 ,    41 , 0.30090496E+08 , 0.81147370E+02 , 0.00000000E+00 , 0.00000000E+00 ,   316 , 0.30022306E+08 , 0.13447438E+03 , 0.00000000E+00 , 0.00000000E+00 , 
  205 , 0.149027E+09 ,    41 , 0.30090573E+08 , 0.81145579E+02 , 0.00000000E+00 , 0.00000000E+00 ,   316 , 0.30022334E+08 , 0.13429263E+03 , 0.00000000E+00 , 0.00000000E+00 , 
  206 , 0.150755E+09 ,    41 , 0.30090648E+08 , 0.81143819E+02 , 0.00000000E+00 , 0.00000000E+00 ,   316 , 0.30022361E+08 , 0.13411303E+03 , 0.00000000E+00 , 0.00000000E+00 , 
  207 , 0.152483E+09 ,    41 , 0.30090723E+08 , 0.81142089E+02 , 0.00000000E+00 , 0.00000000E+00 ,   316 , 0.30022388E+08 , 0.13393552E+03 , 0.00000000E+00 , 0.00000000E+00 , 
  208 , 0.154211E+09 ,    41 , 0.30090797E+08 , 0.81140389E+02 , 0.00000000E+00 , 0.00000000E+00 ,   316 , 0.30022415E+08 , 0.13376007E+03 , 0.00000000E+00 , 0.00000000E+00 , 
  209 , 0.155939E+09 ,    41 , 0.30090870E+08 , 0.81138717E+02 , 0.00000000E+00 , 0.00000000E+00 ,   316 , 0.30022442E+08 , 0.13358662E+03 , 0.00000000E+00 , 0.00000000E+00 , 
  210 , 0.157667E+09 ,    41 , 0.30090942E+08 , 0.81137073E+02 , 0.00000000E+00 , 0.00000000E+00 ,   316 , 0.30022469E+08 , 0.13341514E+03 , 0.00000000E+00 , 0.00000000E+00 , 
  211 , 0.159395E+09 ,    41 , 0.30091013E+08 , 0.81135456E+02 , 0.00000000E+00 , 0.00000000E+00 ,   316 , 0.30022495E+08 , 0.13324559E+03 , 0.00000000E+00 , 0.00000000E+00 , 
  212 , 0.161123E+09 ,    41 , 0.30091084E+08 , 0.81133865E+02 , 0.00000000E+00 , 0.00000000E+00 ,   316 , 0.30022521E+08 , 0.13307793E+03 , 0.00000000E+00 , 0.00000000E+00 , 
  213 , 0.162851E+09 ,    41 , 0.30091154E+08 , 0.81132299E+02 , 0.00000000E+00 , 0.00000000E+00 ,   316 , 0.30022547E+08 , 0.13291211E+03 , 0.00000000E+00 , 0.00000000E+00 , 
  214 , 0.164579E+09 ,    41 , 0.30091224E+08 , 0.81130759E+02 , 0.00000000E+00 , 0.00000000E+00 ,   316 , 0.30022572E+08 , 0.13274810E+03 , 0.00000000E+00 , 0.00000000E+00 , 
  215 , 0.166307E+09 ,    41 , 0.30091293E+08 , 0.81129242E+02 , 0.00000000E+00 , 0.00000000E+00 ,   316 , 0.30022598E+08 , 0.13258587E+03 , 0.00000000E+00 , 0.00000000E+00 , 
  216 , 0.168035E+09 ,    41 , 0.30091361E+08 , 0.81127749E+02 , 0.00000000E+00 , 0.00000000E+00 ,   316 , 0.30022623E+08 , 0.13242538E+03 , 0.00000000E+00 , 0.00000000E+00 , 
  217 , 0.169763E+09 ,    41 , 0.30091428E+08 , 0.81126280E+02 , 0.00000000E+00 , 0.00000000E+00 ,   316 , 0.30022648E+08 , 0.13226659E+03 , 0.00000000E+00 , 0.00000000E+00 , 
  218 , 0.171491E+09 ,    41 , 0.30091495E+08 , 0.81124832E+02 , 0.00000000E+00 , 0.00000000E+00 ,   316 , 0.30022673E+08 , 0.13210948E+03 , 0.00000000E+00 , 0.00000000E+00 , 
  219 , 0.173219E+09 ,    41 , 0.30091561E+08 , 0.81123406E+02 , 0.00000000E+00 , 0.00000000E+00 ,   316 , 0.30022697E+08 , 0.13195401E+03 , 0.00000000E+00 , 0.00000000E+00 , 
  220 , 0.174947E+09 ,    41 , 0.30091627E+08 , 0.81122002E+02 , 0.00000000E+00 , 0.00000000E+00 ,   316 , 0.30022722E+08 , 0.13180015E+03 , 0.00000000E+00 , 0.00000000E+00 , 
  221 , 0.176675E+09 ,    41 , 0.30091692E+08 , 0.81120618E+02 , 0.00000000E+00 , 0.00000000E+00 ,   316 , 0.30022746E+08 , 0.13164787E+03 , 0.00000000E+00 , 0.00000000E+00 , 
  222 , 0.178403E+09 ,    41 , 0.30091756E+08 , 0.81119255E+02 , 0.00000000E+00 , 0.00000000E+00 ,   316 , 0.30022770E+08 , 0.13149714E+03 , 0.00000000E+00 , 0.00000000E+00 , 
  223 , 0.180131E+09 ,    41 , 0.30091820E+08 , 0.81117911E+02 , 0.00000000E+00 , 0.00000000E+00 ,   316 , 0.30022794E+08 , 0.13134793E+03 , 0.00000000E+00 , 0.00000000E+00 , 
  224 , 0.181859E+09 ,    41 , 0.30091883E+08 , 0.81116586E+02 , 0.00000000E+00 , 0.00000000E+00 ,   316 , 0.30022817E+08 , 0.13120022E+03 , 0.00000000E+00 , 0.00000000E+00 , 
  225 , 0.183587E+09 ,    41 , 0.30091946E+08 , 0.81115281E+02 , 0.00000000E+00 , 0.00000000E+00 ,   316 , 0.30022841E+08 , 0.13105397E+03 , 0.00000000E+00 , 0.00000000E+00 , 
  226 , 0.185315E+09 ,    41 , 0.30092008E+08 , 0.81113994E+02 , 0.00000000E+00 , 0.00000000E+00 ,   316 , 0.30022864E+08 , 0.13090917E+03 , 0.00000000E+00 , 0.00000000E+00 , 
  227 , 0.187043E+09 ,    41 , 0.30092070E+08 , 0.81112724E+02 , 0.00000000E+00 , 0.00000000E+00 ,   316 , 0.30022887E+08 , 0.13076578E+03 , 0.00000000E+00 , 0.00000000E+00 , 
  228 , 0.188771E+09 ,    41 , 0.30092131E+08 , 0.81111472E+02 , 0.00000000E+00 , 0.00000000E+00 ,   316 , 0.30022910E+08 , 0.13062378E+03 , 0.00000000E+00 , 0.00000000E+00 , 
  229 , 0.190499E+09 ,    41 , 0.30092191E+08 , 0.81110238E+02 , 0.00000000E+00 , 0.00000000E+00 ,   316 , 0.30022933E+08 , 0.13048315E+03 , 0.00000000E+00 , 0.00000000E+00 , 
  230 , 0.192227E+09 ,    41 , 0.30092251E+08 , 0.81109020E+02 , 0.00000000E+00 , 0.00000000E+00 ,   316 , 0.30022956E+08 , 0.13034386E+03 , 0.00000000E+00 , 0.00000000E+00 , 
  231 , 0.193955E+09 ,    41 , 0.30092311E+08 , 0.81107818E+02 , 0.00000000E+00 , 0.00000000E+00 ,   316 , 0.30022978E+08 , 0.13020589E+03 , 0.00000000E+00 , 0.00000000E+00 , 
  232 , 0.195683E+09 ,    41 , 0.30092370E+08 , 0.81106633E+02 , 0.00000000E+00 , 0.00000000E+00 ,   316 , 0.30023000E+08 , 0.13006922E+03 , 0.00000000E+00 , 0.00000000E+00 , 
  233 , 0.197411E+09 ,    41 , 0.30092428E+08 , 0.81105463E+02 , 0.00000000E+00 , 0.00000000E+00 ,   316 , 0.30023023E+08 , 0.12993382E+03 , 0.00000000E+00 , 0.00000000E+00 , 
  234 , 0.199139E+09 ,    41 , 0.30092486E+08 , 0.81104308E+02 , 0.00000000E+00 , 0.00000000E+00 ,   316 , 0.30023045E+08 , 0.12979968E+03 , 0.00000000E+00 , 0.00000000E+00 , 
  235 , 0.200867E+09 ,    41 , 0.30092544E+08 , 0.81103169E+02 , 0.00000000E+00 , 0.00000000E+00 ,   316 , 0.30023066E+08 , 0.12966677E+03 , 0.00000000E+00 , 0.00000000E+00 , 
  236 , 0.202595E+09 ,    41 , 0.30092601E+08 , 0.81102044E+02 , 0.00000000E+00 , 0.00000000E+00 ,   316 , 0.30023088E+08 , 0.12953507E+03 , 0.00000000E+00 , 0.00000000E+00 , 
  237 , 0.204323E+09 ,    41 , 0.30092657E+08 , 0.81100933E+02 , 0.00000000E+00 , 0.00000000E+00 ,   316 , 0.30023110E+08 , 0.12940456E+03 , 0.00000000E+00 , 0.00000000E+00 , 
  238 , 0.206051E+09 ,    41 , 0.30092713E+08 , 0.81099837E+02 , 0.00000000E+00 , 0.00000000E+00 ,   316 , 0.30023131E+08 , 0.12927524E+03 , 0.00000000E+00 , 0.00000000E+00 , 
  239 , 0.207779E+09 ,    41 , 0.30092769E+08 , 0.81098754E+02 , 0.00000000E+00 , 0.00000000E+00 ,   316 , 0.30023152E+08 , 0.12914707E+03 , 0.00000000E+00 , 0.00000000E+00 , 
  240 , 0.209507E+09 ,    41 , 0.30092824E+08 , 0.81097685E+02 , 0.00000000E+00 , 0.00000000E+00 ,   316 , 0.30023173E+08 , 0.12902004E+03 , 0.00000000E+00 , 0.00000000E+00 , 
  241 , 0.211235E+09 ,    41 , 0.30092879E+08 , 0.81096628E+02 , 0.00000000E+00 , 0.00000000E+00 ,   316 , 0.30023194E+08 , 0.12889413E+03 , 0.00000000E+00 , 0.00000000E+00 , 
  242 , 0.212963E+09 ,    41 , 0.30092933E+08 , 0.81095585E+02 , 0.00000000E+00 , 0.00000000E+00 ,   316 , 0.30023215E+08 , 0.12876932E+03 , 0.00000000E+00 , 0.00000000E+00 , 
  243 , 0.214691E+09 ,    41 , 0.30092987E+08 , 0.81094555E+02 , 0.00000000E+00 , 0.00000000E+00 ,   316 , 0.30023236E+08 , 0.12864560E+03 , 0.00000000E+00 , 0.00000000E+00 , 
  244 , 0.216419E+09 ,    41 , 0.30093041E+08 , 0.81093536E+02 , 0.00000000E+00 , 0.00000000E+00 ,   316 , 0.30023256E+08 , 0.12852295E+03 , 0.00000000E+00 , 0.00000000E+00 , 
  245 , 0.218147E+09 ,    41 , 0.30093094E+08 , 0.81092530E+02 , 0.00000000E+00 , 0.00000000E+00 ,   316 , 0.30023277E+08 , 0.12840134E+03 , 0.00000000E+00 , 0.00000000E+00 , 
  246 , 0.219875E+09 ,    41 , 0.30093147E+08 , 0.81091536E+02 , 0.00000000E+00 , 0.00000000E+00 ,   316 , 0.30023297E+08 , 0.12828077E+03 , 0.00000000E+00 , 0.00000000E+00 , 
  247 , 0.221603E+09 ,    41 , 0.30093199E+08 , 0.81090554E+02 , 0.00000000E+00 , 0.00000000E+00 ,   316 , 0.30023317E+08 , 0.12816122E+03 , 0.00000000E+00 , 0.00000000E+00 , 
  248 , 0.223331E+09 ,    41 , 0.30093251E+08 , 0.81089583E+02 , 0.00000000E+00 , 0.00000000E+00 ,   316 , 0.30023337E+08 , 0.12804267E+03 , 0.00000000E+00 , 0.00000000E+00 , 
  249 , 0.225059E+09 ,    41 , 0.30093303E+08 , 0.81088623E+02 , 0.00000000E+00 , 0.00000000E+00 ,   316 , 0.30023357E+08 , 0.12792511E+03 , 0.00000000E+00 , 0.00000000E+00 , 
  250 , 0.226787E+09 ,    41 , 0.30093354E+08 , 0.81087674E+02 , 0.00000000E+00 , 0.00000000E+00 ,   316 , 0.30023377E+08 , 0.12780852E+03 , 0.00000000E+00 , 0.00000000E+00 , 
  251 , 0.228515E+09 ,    41 , 0.30093405E+08 , 0.81086736E+02 , 0.00000000E+00 , 0.00000000E+00 ,   316 , 0.30023396E+08 , 0.12769289E+03 , 0.00000000E+00 , 0.00000000E+00 , 
  252 , 0.230243E+09 ,    41 , 0.30093455E+08 , 0.81085809E+02 , 0.00000000E+00 , 0.00000000E+00 ,   316 , 0.30023416E+08 , 0.12757821E+03 , 0.00000000E+00 , 0.00000000E+00 , 
  253 , 0.231971E+09 ,    41 , 0.30093505E+08 , 0.81084892E+02 , 0.00000000E+00 , 0.00000000E+00 ,   316 , 0.30023435E+08 , 0.12746445E+03 , 0.00000000E+00 , 0.00000000E+00 , 
  254 , 0.233699E+09 ,    41 , 0.30093555E+08 , 0.81083986E+02 , 0.00000000E+00 , 0.00000000E+00 ,   316 , 0.30023455E+08 , 0.12735162E+03 , 0.00000000E+00 , 0.00000000E+00 , 
  255 , 0.235427E+09 ,    41 , 0.30093604E+08 , 0.81083089E+02 , 0.00000000E+00 , 0.00000000E+00 ,   316 , 0.30023474E+08 , 0.12723969E+03 , 0.00000000E+00 , 0.00000000E+00 , 
  256 , 0.237155E+09 ,    41 , 0.30093653E+08 , 0.81082202E+02 , 0.00000000E+00 , 0.00000000E+00 ,   316 , 0.30023493E+08 , 0.12712865E+03 , 0.00000000E+00 , 0.00000000E+00 , 
  257 , 0.238883E+09 ,    41 , 0.30093702E+08 , 0.81081325E+02 , 0.00000000E+00 , 0.00000000E+00 ,   316 , 0.30023512E+08 , 0.12701849E+03 , 0.00000000E+00 , 0.00000000E+00 , 
  258 , 0.240611E+09 ,    41 , 0.30093750E+08 , 0.81080457E+02 , 0.00000000E+00 , 0.00000000E+00 ,   316 , 0.30023530E+08 , 0.12690920E+03 , 0.00000000E+00 , 0.00000000E+00 , 
  259 , 0.242339E+09 ,    41 , 0.30093798E+08 , 0.81079599E+02 , 0.00000000E+00 , 0.00000000E+00 ,   316 , 0.30023549E+08 , 0.12680077E+03 , 0.00000000E+00 , 0.00000000E+00 , 
  260 , 0.244067E+09 ,    41 , 0.30093846E+08 , 0.81078749E+02 , 0.00000000E+00 , 0.00000000E+00 ,   316 , 0.30023568E+08 , 0.12669318E+03 , 0.00000000E+00 , 0.00000000E+00 , 
  261 , 0.245795E+09 ,    41 , 0.30093893E+08 , 0.81077909E+02 , 0.00000000E+00 , 0.00000000E+00 ,   316 , 0.30023586E+08 , 0.12658642E+03 , 0.00000000E+00 , 0.00000000E+00 , 
  262 , 0.247523E+09 ,    41 , 0.30093940E+08 , 0.81077078E+02 , 0.00000000E+00 , 0.00000000E+00 ,   316 , 0.30023605E+08 , 0.12648048E+03 , 0.00000000E+00 , 0.00000000E+00 , 
  263 , 0.249251E+09 ,    41 , 0.30093987E+08 , 0.81076255E+02 , 0.00000000E+00 , 0.00000000E+00 ,   316 , 0.30023623E+08 , 0.12637535E+03 , 0.00000000E+00 , 0.00000000E+00 , 
  264 , 0.250979E+09 ,    41 , 0.30094033E+08 , 0.81075441E+02 , 0.00000000E+00 , 0.00000000E+00 ,   316 , 0.30023641E+08 , 0.12627102E+03 , 0.00000000E+00 , 0.00000000E+00 , 
  265 , 0.252707E+09 ,    41 , 0.30094079E+08 , 0.81074635E+02 , 0.00000000E+00 , 0.00000000E+00 ,   316 , 0.30023659E+08 , 0.12616747E+03 , 0.00000000E+00 , 0.00000000E+00 , 
  266 , 0.254435E+09 ,    41 , 0.30094125E+08 , 0.81073837E+02 , 0.00000000E+00 , 0.00000000E+00 ,   316 , 0.30023677E+08 , 0.12606471E+03 , 0.00000000E+00 , 0.00000000E+00 , 
  267 , 0.256163E+09 ,    41 , 0.30094170E+08 , 0.81073048E+02 , 0.00000000E+00 , 0.00000000E+00 ,   316 , 0.30023695E+08 , 0.12596271E+03 , 0.00000000E+00 , 0.00000000E+00 , 
  268 , 0.257891E+09 ,    41 , 0.30094215E+08 , 0.81072266E+02 , 0.00000000E+00 , 0.00000000E+00 ,   316 , 0.30023712E+08 , 0.12586147E+03 , 0.00000000E+00 , 0.00000000E+00 , 
  269 , 0.259619E+09 ,    41 , 0.30094260E+08 , 0.81071493E+02 , 0.00000000E+00 , 0.00000000E+00 ,   316 , 0.30023730E+08 , 0.12576097E+03 , 0.00000000E+00 , 0.00000000E+00 , 
  270 , 0.261347E+09 ,    41 , 0.30094305E+08 , 0.81070726E+02 , 0.00000000E+00 , 0.00000000E+00 ,   316 , 0.30023748E+08 , 0.12566122E+03 , 0.00000000E+00 , 0.00000000E+00 , 
  271 , 0.263075E+09 ,    41 , 0.30094349E+08 , 0.81069968E+02 , 0.00000000E+00 , 0.00000000E+00 ,   316 , 0.30023765E+08 , 0.12556219E+03 , 0.00000000E+00 , 0.00000000E+00 , 
  272 , 0.264803E+09 ,    41 , 0.30094393E+08 , 0.81069217E+02 , 0.00000000E+00 , 0.00000000E+00 ,   316 , 0.30023782E+08 , 0.12546389E+03 , 0.00000000E+00 , 0.00000000E+00 , 
  273 , 0.266531E+09 ,    41 , 0.30094437E+08 , 0.81068473E+02 , 0.00000000E+00 , 0.00000000E+00 ,   316 , 0.30023800E+08 , 0.12536630E+03 , 0.00000000E+00 , 0.00000000E+00 , 
  274 , 0.268259E+09 ,    41 , 0.30094480E+08 , 0.81067737E+02 , 0.00000000E+00 , 0.00000000E+00 ,   316 , 0.30023817E+08 , 0.12526942E+03 , 0.00000000E+00 , 0.00000000E+00 , 
  275 , 0.269987E+09 ,    41 , 0.30094523E+08 , 0.81067007E+02 , 0.00000000E+00 , 0.00000000E+00 ,   316 , 0.30023834E+08 , 0.12517324E+03 , 0.00000000E+00 , 0.00000000E+00 , 
  276 , 0.271715E+09 ,    41 , 0.30094566E+08 , 0.81066285E+02 , 0.00000000E+00 , 0.00000000E+00 ,   316 , 0.30023851E+08 , 0.12507774E+03 , 0.00000000E+00 , 0.00000000E+00 , 
  277 , 0.273443E+09 ,    41 , 0.30094609E+08 , 0.81065569E+02 , 0.00000000E+00 , 0.00000000E+00 ,   316 , 0.30023868E+08 , 0.12498293E+03 , 0.00000000E+00 , 0.00000000E+00 , 
  278 , 0.275171E+09 ,    41 , 0.30094651E+08 , 0.81064861E+02 , 0.00000000E+00 , 0.00000000E+00 ,   316 , 0.30023884E+08 , 0.12488878E+03 , 0.00000000E+00 , 0.00000000E+00 , 
  279 , 0.276899E+09 ,    41 , 0.30094693E+08 , 0.81064159E+02 , 0.00000000E+00 , 0.00000000E+00 ,   316 , 0.30023901E+08 , 0.12479529E+03 , 0.00000000E+00 , 0.00000000E+00 , 
  280 , 0.278627E+09 ,    41 , 0.30094735E+08 , 0.81063463E+02 , 0.00000000E+00 , 0.00000000E+00 ,   316 , 0.30023918E+08 , 0.12470245E+03 , 0.00000000E+00 , 0.00000000E+00 , 
  281 , 0.280355E+09 ,    41 , 0.30094776E+08 , 0.81062774E+02 , 0.00000000E+00 , 0.00000000E+00 ,   316 , 0.30023934E+08 , 0.12461026E+03 , 0.00000000E+00 , 0.00000000E+00 , 
  282 , 0.282083E+09 ,    41 , 0.30094817E+08 , 0.81062091E+02 , 0.00000000E+00 , 0.00000000E+00 ,   316 , 0.30023950E+08 , 0.12451870E+03 , 0.00000000E+00 , 0.00000000E+00 , 
  283 , 0.283811E+09 ,    41 , 0.30094858E+08 , 0.81061414E+02 , 0.00000000E+00 , 0.00000000E+00 ,   316 , 0.30023967E+08 , 0.12442777E+03 , 0.00000000E+00 , 0.00000000E+00 , 
  284 , 0.285539E+09 ,    41 , 0.30094899E+08 , 0.81060744E+02 , 0.00000000E+00 , 0.00000000E+00 ,   316 , 0.30023983E+08 , 0.12433746E+03 , 0.00000000E+00 , 0.00000000E+00 , 
  285 , 0.287267E+09 ,    41 , 0.30094940E+08 , 0.81060080E+02 , 0.00000000E+00 , 0.00000000E+00 ,   316 , 0.30023999E+08 , 0.12424776E+03 , 0.00000000E+00 , 0.00000000E+00 , 
  286 , 0.288995E+09 ,    41 , 0.30094980E+08 , 0.81059421E+02 , 0.00000000E+00 , 0.00000000E+00 ,   316 , 0.30024015E+08 , 0.12415866E+03 , 0.00000000E+00 , 0.00000000E+00 , 
  287 , 0.290723E+09 ,    41 , 0.30095020E+08 , 0.81058769E+02 , 0.00000000E+00 , 0.00000000E+00 ,   316 , 0.30024031E+08 , 0.12407017E+03 , 0.00000000E+00 , 0.00000000E+00 , 
  288 , 0.292451E+09 ,    41 , 0.30095060E+08 , 0.81058122E+02 , 0.00000000E+00 , 0.00000000E+00 ,   316 , 0.30024047E+08 , 0.12398226E+03 , 0.00000000E+00 , 0.00000000E+00 , 
  289 , 0.294179E+09 ,    41 , 0.30095100E+08 , 0.81057481E+02 , 0.00000000E+00 , 0.00000000E+00 ,   316 , 0.30024063E+08 , 0.12389493E+03 , 0.00000000E+00 , 0.00000000E+00 , 
  290 , 0.295907E+09 ,    41 , 0.30095139E+08 , 0.81056846E+02 , 0.00000000E+00 , 0.00000000E+00 ,   316 , 0.30024079E+08 , 0.12380818E+03 , 0.00000000E+00 , 0.00000000E+00 , 
  291 , 0.297635E+09 ,    41 , 0.30095178E+08 , 0.81056216E+02 , 0.00000000E+00 , 0.00000000E+00 ,   316 , 0.30024094E+08 , 0.12372200E+03 , 0.00000000E+00 , 0.00000000E+00 , 
  292 , 0.299363E+09 ,    41 , 0.30095217E+08 , 0.81055592E+02 , 0.00000000E+00 , 0.00000000E+00 ,   316 , 0.30024110E+08 , 0.12363639E+03 , 0.00000000E+00 , 0.00000000E+00 , 
  293 , 0.301091E+09 ,    41 , 0.30095256E+08 , 0.81054973E+02 , 0.00000000E+00 , 0.00000000E+00 ,   316 , 0.30024125E+08 , 0.12355133E+03 , 0.00000000E+00 , 0.00000000E+00 , 
  294 , 0.302819E+09 ,    41 , 0.30095294E+08 , 0.81054359E+02 , 0.00000000E+00 , 0.00000000E+00 ,   316 , 0.30024141E+08 , 0.12346682E+03 , 0.00000000E+00 , 0.00000000E+00 , 
  295 , 0.304547E+09 ,    41 , 0.30095332E+08 , 0.81053751E+02 , 0.00000000E+00 , 0.00000000E+00 ,   316 , 0.30024156E+08 , 0.12338285E+03 , 0.00000000E+00 , 0.00000000E+00 , 
  296 , 0.306275E+09 ,    41 , 0.30095370E+08 , 0.81053148E+02 , 0.00000000E+00 , 0.00000000E+00 ,   316 , 0.30024171E+08 , 0.12329943E+03 , 0.00000000E+00 , 0.00000000E+00 , 
  297 , 0.308003E+09 ,    41 , 0.30095408E+08 , 0.81052549E+02 , 0.00000000E+00 , 0.00000000E+00 ,   316 , 0.30024186E+08 , 0.12321653E+03 , 0.00000000E+00 , 0.00000000E+00 , 
  298 , 0.309731E+09 ,    41 , 0.30095446E+08 , 0.81051956E+02 , 0.00000000E+00 , 0.00000000E+00 ,   316 , 0.30024202E+08 , 0.12313416E+03 , 0.00000000E+00 , 0.00000000E+00 , 
  299 , 0.311459E+09 ,    41 , 0.30095483E+08 , 0.81051368E+02 , 0.00000000E+00 , 0.00000000E+00 ,   316 , 0.30024217E+08 , 0.12305231E+03 , 0.00000000E+00 , 0.00000000E+00 , 
  300 , 0.313187E+09 ,    41 , 0.30095520E+08 , 0.81050785E+02 , 0.00000000E+00 , 0.00000000E+00 ,   316 , 0.30024231E+08 , 0.12297098E+03 , 0.00000000E+00 , 0.00000000E+00 , 
  301 , 0.314915E+09 ,    41 , 0.30095557E+08 , 0.81050206E+02 , 0.00000000E+00 , 0.00000000E+00 ,   316 , 0.30024246E+08 , 0.12289016E+03 , 0.00000000E+00 , 0.00000000E+00 , 
  302 , 0.316643E+09 ,    41 , 0.30095594E+08 , 0.81049633E+02 , 0.00000000E+00 , 0.00000000E+00 ,   316 , 0.30024261E+08 , 0.12280983E+03 , 0.00000000E+00 , 0.00000000E+00 , 
  303 , 0.318371E+09 ,    41 , 0.30095631E+08 , 0.81049063E+02 , 0.00000000E+00 , 0.00000000E+00 ,   316 , 0.30024276E+08 , 0.12273001E+03 , 0.00000000E+00 , 0.00000000E+00 , 
  304 , 0.320099E+09 ,    41 , 0.30095667E+08 , 0.81048499E+02 , 0.00000000E+00 , 0.00000000E+00 ,   316 , 0.30024291E+08 , 0.12265068E+03 , 0.00000000E+00 , 0.00000000E+00 , 
  305 , 0.321827E+09 ,    41 , 0.30095703E+08 , 0.81047939E+02 , 0.00000000E+00 , 0.00000000E+00 ,   316 , 0.30024305E+08 , 0.12257183E+03 , 0.00000000E+00 , 0.00000000E+00 , 
  306 , 0.323555E+09 ,    41 , 0.30095739E+08 , 0.81047384E+02 , 0.00000000E+00 , 0.00000000E+00 ,   316 , 0.30024320E+08 , 0.12249347E+03 , 0.00000000E+00 , 0.00000000E+00 , 
  307 , 0.325283E+09 ,    41 , 0.30095775E+08 , 0.81046833E+02 , 0.00000000E+00 , 0.00000000E+00 ,   316 , 0.30024334E+08 , 0.12241559E+03 , 0.00000000E+00 , 0.00000000E+00 , 
  308 , 0.327011E+09 ,    41 , 0.30095810E+08 , 0.81046286E+02 , 0.00000000E+00 , 0.00000000E+00 ,   316 , 0.30024349E+08 , 0.12233817E+03 , 0.00000000E+00 , 0.00000000E+00 , 
  309 , 0.328739E+09 ,    41 , 0.30095846E+08 , 0.81045744E+02 , 0.00000000E+00 , 0.00000000E+00 ,   316 , 0.30024363E+08 , 0.12226123E+03 , 0.00000000E+00 , 0.00000000E+00 , 
  310 , 0.330467E+09 ,    41 , 0.30095881E+08 , 0.81045206E+02 , 0.00000000E+00 , 0.00000000E+00 ,   316 , 0.30024377E+08 , 0.12218474E+03 , 0.00000000E+00 , 0.00000000E+00 , 
  311 , 0.332195E+09 ,    41 , 0.30095916E+08 , 0.81044672E+02 , 0.00000000E+00 , 0.00000000E+00 ,   316 , 0.30024391E+08 , 0.12210872E+03 , 0.00000000E+00 , 0.00000000E+00 , 
  312 , 0.333923E+09 ,    41 , 0.30095951E+08 , 0.81044142E+02 , 0.00000000E+00 , 0.00000000E+00 ,   316 , 0.30024405E+08 , 0.12203314E+03 , 0.00000000E+00 , 0.00000000E+00 , 
  313 , 0.335651E+09 ,    41 , 0.30095986E+08 , 0.81043617E+02 , 0.00000000E+00 , 0.00000000E+00 ,   316 , 0.30024420E+08 , 0.12195802E+03 , 0.00000000E+00 , 0.00000000E+00 , 
  314 , 0.337379E+09 ,    41 , 0.30096020E+08 , 0.81043095E+02 , 0.00000000E+00 , 0.00000000E+00 ,   316 , 0.30024434E+08 , 0.12188333E+03 , 0.00000000E+00 , 0.00000000E+00 , 
  315 , 0.339107E+09 ,    41 , 0.30096054E+08 , 0.81042577E+02 , 0.00000000E+00 , 0.00000000E+00 ,   316 , 0.30024447E+08 , 0.12180909E+03 , 0.00000000E+00 , 0.00000000E+00 , 
  316 , 0.340835E+09 ,    41 , 0.30096089E+08 , 0.81042064E+02 , 0.00000000E+00 , 0.00000000E+00 ,   316 , 0.30024461E+08 , 0.12173528E+03 , 0.00000000E+00 , 0.00000000E+00 , 
  317 , 0.342563E+09 ,    41 , 0.30096122E+08 , 0.81041554E+02 , 0.00000000E+00 , 0.00000000E+00 ,   316 , 0.30024475E+08 , 0.12166190E+03 , 0.00000000E+00 , 0.00000000E+00 , 
  318 , 0.344291E+09 ,    41 , 0.30096156E+08 , 0.81041048E+02 , 0.00000000E+00 , 0.00000000E+00 ,   316 , 0.30024489E+08 , 0.12158894E+03 , 0.00000000E+00 , 0.00000000E+00 , 
  319 , 0.346019E+09 ,    41 , 0.30096190E+08 , 0.81040546E+02 , 0.00000000E+00 , 0.00000000E+00 ,   316 , 0.30024503E+08 , 0.12151641E+03 , 0.00000000E+00 , 0.00000000E+00 , 
  320 , 0.347747E+09 ,    41 , 0.30096223E+08 , 0.81040048E+02 , 0.00000000E+00 , 0.00000000E+00 ,   316 , 0.30024516E+08 , 0.12144429E+03 , 0.00000000E+00 , 0.00000000E+00 , 
  321 , 0.349475E+09 ,    41 , 0.30096257E+08 , 0.81039553E+02 , 0.00000000E+00 , 0.00000000E+00 ,   316 , 0.30024530E+08 , 0.12137259E+03 , 0.00000000E+00 , 0.00000000E+00 , 
  322 , 0.351203E+09 ,    41 , 0.30096290E+08 , 0.81039062E+02 , 0.00000000E+00 , 0.00000000E+00 ,   316 , 0.30024543E+08 , 0.12130129E+03 , 0.00000000E+00 , 0.00000000E+00 , 
  323 , 0.352931E+09 ,    41 , 0.30096323E+08 , 0.81038575E+02 , 0.00000000E+00 , 0.00000000E+00 ,   316 , 0.30024557E+08 , 0.12123040E+03 , 0.00000000E+00 , 0.00000000E+00 , 
  324 , 0.354659E+09 ,    41 , 0.30096355E+08 , 0.81038091E+02 , 0.00000000E+00 , 0.00000000E+00 ,   316 , 0.30024570E+08 , 0.12115991E+03 , 0.00000000E+00 , 0.00000000E+00 , 
  325 , 0.356387E+09 ,    41 , 0.30096388E+08 , 0.81037611E+02 , 0.00000000E+00 , 0.00000000E+00 ,   316 , 0.30024583E+08 , 0.12108982E+03 , 0.00000000E+00 , 0.00000000E+00 , 
  326 , 0.358115E+09 ,    41 , 0.30096420E+08 , 0.81037134E+02 , 0.00000000E+00 , 0.00000000E+00 ,   316 , 0.30024597E+08 , 0.12102012E+03 , 0.00000000E+00 , 0.00000000E+00 , 
  327 , 0.359843E+09 ,    41 , 0.30096453E+08 , 0.81036660E+02 , 0.00000000E+00 , 0.00000000E+00 ,   316 , 0.30024610E+08 , 0.12095080E+03 , 0.00000000E+00 , 0.00000000E+00 , 
  328 , 0.361571E+09 ,    41 , 0.30096485E+08 , 0.81036190E+02 , 0.00000000E+00 , 0.00000000E+00 ,   316 , 0.30024623E+08 , 0.12088188E+03 , 0.00000000E+00 , 0.00000000E+00 , 
  329 , 0.363299E+09 ,    41 , 0.30096517E+08 , 0.81035724E+02 , 0.00000000E+00 , 0.00000000E+00 ,   316 , 0.30024636E+08 , 0.12081333E+03 , 0.00000000E+00 , 0.00000000E+00 , 
  330 , 0.365027E+09 ,    41 , 0.30096549E+08 , 0.81035260E+02 , 0.00000000E+00 , 0.00000000E+00 ,   316 , 0.30024649E+08 , 0.12074517E+03 , 0.00000000E+00 , 0.00000000E+00 , 
  331 , 0.366755E+09 ,    41 , 0.30096580E+08 , 0.81034800E+02 , 0.00000000E+00 , 0.00000000E+00 ,   316 , 0.30024662E+08 , 0.12067737E+03 , 0.00000000E+00 , 0.00000000E+00 , 
  332 , 0.368483E+09 ,    41 , 0.30096612E+08 , 0.81034344E+02 , 0.00000000E+00 , 0.00000000E+00 ,   316 , 0.30024675E+08 , 0.12060995E+03 , 0.00000000E+00 , 0.00000000E+00 , 
  333 , 0.370211E+09 ,    41 , 0.30096643E+08 , 0.81033890E+02 , 0.00000000E+00 , 0.00000000E+00 ,   316 , 0.30024688E+08 , 0.12054290E+03 , 0.00000000E+00 , 0.00000000E+00 , 
  334 , 0.371939E+09 ,    41 , 0.30096674E+08 , 0.81033440E+02 , 0.00000000E+00 , 0.00000000E+00 ,   316 , 0.30024701E+08 , 0.12047621E+03 , 0.00000000E+00 , 0.00000000E+00 , 
  335 , 0.373667E+09 ,    41 , 0.30096705E+08 , 0.81032992E+02 , 0.00000000E+00 , 0.00000000E+00 ,   316 , 0.30024713E+08 , 0.12040988E+03 , 0.00000000E+00 , 0.00000000E+00 , 
  336 , 0.375395E+09 ,    41 , 0.30096736E+08 , 0.81032548E+02 , 0.00000000E+00 , 0.00000000E+00 ,   316 , 0.30024726E+08 , 0.12034391E+03 , 0.00000000E+00 , 0.00000000E+00 , 
  337 , 0.377123E+09 ,    41 , 0.30096767E+08 , 0.81032107E+02 , 0.00000000E+00 , 0.00000000E+00 ,   316 , 0.30024739E+08 , 0.12027829E+03 , 0.00000000E+00 , 0.00000000E+00 , 
  338 , 0.378851E+09 ,    41 , 0.30096798E+08 , 0.81031669E+02 , 0.00000000E+00 , 0.00000000E+00 ,   316 , 0.30024751E+08 , 0.12021302E+03 , 0.00000000E+00 , 0.00000000E+00 , 
  339 , 0.380579E+09 ,    41 , 0.30096828E+08 , 0.81031234E+02 , 0.00000000E+00 , 0.00000000E+00 ,   316 , 0.30024764E+08 , 0.12014810E+03 , 0.00000000E+00 , 0.00000000E+00 , 
  340 , 0.382307E+09 ,    41 , 0.30096859E+08 , 0.81030801E+02 , 0.00000000E+00 , 0.00000000E+00 ,   316 , 0.30024776E+08 , 0.12008352E+03 , 0.00000000E+00 , 0.00000000E+00 , 
  341 , 0.384035E+09 ,    41 , 0.30096889E+08 , 0.81030372E+02 , 0.00000000E+00 , 0.00000000E+00 ,   316 , 0.30024789E+08 , 0.12001928E+03 , 0.00000000E+00 , 0.00000000E+00 , 
  342 , 0.385763E+09 ,    41 , 0.30096919E+08 , 0.81029946E+02 , 0.00000000E+00 , 0.00000000E+00 ,   316 , 0.30024801E+08 , 0.11995538E+03 , 0.00000000E+00 , 0.00000000E+00 , 
  343 , 0.387491E+09 ,    41 , 0.30096949E+08 , 0.81029522E+02 , 0.00000000E+00 , 0.00000000E+00 ,   316 , 0.30024813E+08 , 0.11989182E+03 , 0.00000000E+00 , 0.00000000E+00 , 
  344 , 0.389219E+09 ,    41 , 0.30096978E+08 , 0.81029101E+02 , 0.00000000E+00 , 0.00000000E+00 ,   316 , 0.30024826E+08 , 0.11982859E+03 , 0.00000000E+00 , 0.00000000E+00 , 
  345 , 0.390947E+09 ,    41 , 0.30097008E+08 , 0.81028683E+02 , 0.00000000E+00 , 0.00000000E+00 ,   316 , 0.30024838E+08 , 0.11976568E+03 , 0.00000000E+00 , 0.00000000E+00 , 
  346 , 0.392675E+09 ,    41 , 0.30097038E+08 , 0.81028268E+02 , 0.00000000E+00 , 0.00000000E+00 ,   316 , 0.30024850E+08 , 0.11970311E+03 , 0.00000000E+00 , 0.00000000E+00 , 
  347 , 0.394403E+09 ,    41 , 0.30097067E+08 , 0.81027856E+02 , 0.00000000E+00 , 0.00000000E+00 ,   316 , 0.30024862E+08 , 0.11964085E+03 , 0.00000000E+00 , 0.00000000E+00 , 
  348 , 0.396131E+09 ,    41 , 0.30097096E+08 , 0.81027446E+02 , 0.00000000E+00 , 0.00000000E+00 ,   316 , 0.30024874E+08 , 0.11957892E+03 , 0.00000000E+00 , 0.00000000E+00 , 
  349 , 0.397859E+09 ,    41 , 0.30097125E+08 , 0.81027039E+02 , 0.00000000E+00 , 0.00000000E+00 ,   316 , 0.30024886E+08 , 0.11951730E+03 , 0.00000000E+00 , 0.00000000E+00 , 
  350 , 0.399587E+09 ,    41 , 0.30097154E+08 , 0.81026634E+02 , 0.00000000E+00 , 0.00000000E+00 ,   316 , 0.30024898E+08 , 0.11945599E+03 , 0.00000000E+00 , 0.00000000E+00 , 
  351 , 0.401315E+09 ,    41 , 0.30097183E+08 , 0.81026233E+02 , 0.00000000E+00 , 0.00000000E+00 ,   316 , 0.30024910E+08 , 0.11939500E+03 , 0.00000000E+00 , 0.00000000E+00 , 
  352 , 0.403043E+09 ,    41 , 0.30097212E+08 , 0.81025833E+02 , 0.00000000E+00 , 0.00000000E+00 ,   316 , 0.30024922E+08 , 0.11933432E+03 , 0.00000000E+00 , 0.00000000E+00 , 
  353 , 0.404771E+09 ,    41 , 0.30097240E+08 , 0.81025437E+02 , 0.00000000E+00 , 0.00000000E+00 ,   316 , 0.30024934E+08 , 0.11927394E+03 , 0.00000000E+00 , 0.00000000E+00 , 
  354 , 0.406499E+09 ,    41 , 0.30097269E+08 , 0.81025043E+02 , 0.00000000E+00 , 0.00000000E+00 ,   316 , 0.30024946E+08 , 0.11921387E+03 , 0.00000000E+00 , 0.00000000E+00 , 
  355 , 0.408227E+09 ,    41 , 0.30097297E+08 , 0.81024651E+02 , 0.00000000E+00 , 0.00000000E+00 ,   316 , 0.30024957E+08 , 0.11915410E+03 , 0.00000000E+00 , 0.00000000E+00 , 
  356 , 0.409955E+09 ,    41 , 0.30097326E+08 , 0.81024262E+02 , 0.00000000E+00 , 0.00000000E+00 ,   316 , 0.30024969E+08 , 0.11909462E+03 , 0.00000000E+00 , 0.00000000E+00 , 
  357 , 0.411683E+09 ,    41 , 0.30097354E+08 , 0.81023875E+02 , 0.00000000E+00 , 0.00000000E+00 ,   316 , 0.30024981E+08 , 0.11903544E+03 , 0.00000000E+00 , 0.00000000E+00 , 
  358 , 0.413411E+09 ,    41 , 0.30097382E+08 , 0.81023491E+02 , 0.00000000E+00 , 0.00000000E+00 ,   316 , 0.30024992E+08 , 0.11897656E+03 , 0.00000000E+00 , 0.00000000E+00 , 
  359 , 0.415139E+09 ,    41 , 0.30097409E+08 , 0.81023109E+02 , 0.00000000E+00 , 0.00000000E+00 ,   316 , 0.30025004E+08 , 0.11891796E+03 , 0.00000000E+00 , 0.00000000E+00 , 
  360 , 0.416867E+09 ,    41 , 0.30097437E+08 , 0.81022729E+02 , 0.00000000E+00 , 0.00000000E+00 ,   316 , 0.30025015E+08 , 0.11885966E+03 , 0.00000000E+00 , 0.00000000E+00 , 
  361 , 0.418595E+09 ,    41 , 0.30097465E+08 , 0.81022352E+02 , 0.00000000E+00 , 0.00000000E+00 ,   316 , 0.30025027E+08 , 0.11880164E+03 , 0.00000000E+00 , 0.00000000E+00 , 
  362 , 0.420323E+09 ,    41 , 0.30097492E+08 , 0.81021977E+02 , 0.00000000E+00 , 0.00000000E+00 ,   316 , 0.30025038E+08 , 0.11874390E+03 , 0.00000000E+00 , 0.00000000E+00 , 
  363 , 0.422051E+09 ,    41 , 0.30097520E+08 , 0.81021605E+02 , 0.00000000E+00 , 0.00000000E+00 ,   316 , 0.30025050E+08 , 0.11868644E+03 , 0.00000000E+00 , 0.00000000E+00 , 
  364 , 0.423779E+09 ,    41 , 0.30097547E+08 , 0.81021234E+02 , 0.00000000E+00 , 0.00000000E+00 ,   316 , 0.30025061E+08 , 0.11862926E+03 , 0.00000000E+00 , 0.00000000E+00 , 
  365 , 0.425507E+09 ,    41 , 0.30097574E+08 , 0.81020866E+02 , 0.00000000E+00 , 0.00000000E+00 ,   316 , 0.30025072E+08 , 0.11857236E+03 , 0.00000000E+00 , 0.00000000E+00 , 
  366 , 0.427235E+09 ,    41 , 0.30097601E+08 , 0.81020501E+02 , 0.00000000E+00 , 0.00000000E+00 ,   316 , 0.30025084E+08 , 0.11851574E+03 , 0.00000000E+00 , 0.00000000E+00 , 
  367 , 0.428963E+09 ,    41 , 0.30097628E+08 , 0.81020137E+02 , 0.00000000E+00 , 0.00000000E+00 ,   316 , 0.30025095E+08 , 0.11845938E+03 , 0.00000000E+00 , 0.00000000E+00 , 
  368 , 0.430691E+09 ,    41 , 0.30097655E+08 , 0.81019776E+02 , 0.00000000E+00 , 0.00000000E+00 ,   316 , 0.30025106E+08 , 0.11840329E+03 , 0.00000000E+00 , 0.00000000E+00 , 
  369 , 0.432419E+09 ,    41 , 0.30097681E+08 , 0.81019417E+02 , 0.00000000E+00 , 0.00000000E+00 ,   316 , 0.30025117E+08 , 0.11834747E+03 , 0.00000000E+00 , 0.00000000E+00 , 
  370 , 0.434147E+09 ,    41 , 0.30097708E+08 , 0.81019059E+02 , 0.00000000E+00 , 0.00000000E+00 ,   316 , 0.30025128E+08 , 0.11829192E+03 , 0.00000000E+00 , 0.00000000E+00 , 
  371 , 0.435875E+09 ,    41 , 0.30097735E+08 , 0.81018705E+02 , 0.00000000E+00 , 0.00000000E+00 ,   316 , 0.30025139E+08 , 0.11823663E+03 , 0.00000000E+00 , 0.00000000E+00 , 
  372 , 0.437603E+09 ,    41 , 0.30097761E+08 , 0.81018352E+02 , 0.00000000E+00 , 0.00000000E+00 ,   316 , 0.30025150E+08 , 0.11818160E+03 , 0.00000000E+00 , 0.00000000E+00 , 
  373 , 0.439331E+09 ,    41 , 0.30097787E+08 , 0.81018001E+02 , 0.00000000E+00 , 0.00000000E+00 ,   316 , 0.30025161E+08 , 0.11812683E+03 , 0.00000000E+00 , 0.00000000E+00 , 
  374 , 0.441059E+09 ,    41 , 0.30097813E+08 , 0.81017652E+02 , 0.00000000E+00 , 0.00000000E+00 ,   316 , 0.30025172E+08 , 0.11807231E+03 , 0.00000000E+00 , 0.00000000E+00 , 
  375 , 0.442787E+09 ,    41 , 0.30097839E+08 , 0.81017306E+02 , 0.00000000E+00 , 0.00000000E+00 ,   316 , 0.30025183E+08 , 0.11801805E+03 , 0.00000000E+00 , 0.00000000E+00 , 
  376 , 0.444515E+09 ,    41 , 0.30097865E+08 , 0.81016961E+02 , 0.00000000E+00 , 0.00000000E+00 ,   316 , 0.30025194E+08 , 0.11796404E+03 , 0.00000000E+00 , 0.00000000E+00 , 
  377 , 0.446243E+09 ,    41 , 0.30097891E+08 , 0.81016618E+02 , 0.00000000E+00 , 0.00000000E+00 ,   316 , 0.30025205E+08 , 0.11791029E+03 , 0.00000000E+00 , 0.00000000E+00 , 
  378 , 0.447971E+09 ,    41 , 0.30097917E+08 , 0.81016278E+02 , 0.00000000E+00 , 0.00000000E+00 ,   316 , 0.30025215E+08 , 0.11785678E+03 , 0.00000000E+00 , 0.00000000E+00 , 
  379 , 0.449699E+09 ,    41 , 0.30097942E+08 , 0.81015939E+02 , 0.00000000E+00 , 0.00000000E+00 ,   316 , 0.30025226E+08 , 0.11780352E+03 , 0.00000000E+00 , 0.00000000E+00 , 
  380 , 0.451427E+09 ,    41 , 0.30097968E+08 , 0.81015602E+02 , 0.00000000E+00 , 0.00000000E+00 ,   316 , 0.30025237E+08 , 0.11775050E+03 , 0.00000000E+00 , 0.00000000E+00 , 
  381 , 0.453155E+09 ,    41 , 0.30097993E+08 , 0.81015267E+02 , 0.00000000E+00 , 0.00000000E+00 ,   316 , 0.30025247E+08 , 0.11769772E+03 , 0.00000000E+00 , 0.00000000E+00 , 
  382 , 0.454883E+09 ,    41 , 0.30098019E+08 , 0.81014934E+02 , 0.00000000E+00 , 0.00000000E+00 ,   316 , 0.30025258E+08 , 0.11764519E+03 , 0.00000000E+00 , 0.00000000E+00 , 
  383 , 0.456611E+09 ,    41 , 0.30098044E+08 , 0.81014603E+02 , 0.00000000E+00 , 0.00000000E+00 ,   316 , 0.30025268E+08 , 0.11759289E+03 , 0.00000000E+00 , 0.00000000E+00 , 
  384 , 0.458339E+09 ,    41 , 0.30098069E+08 , 0.81014274E+02 , 0.00000000E+00 , 0.00000000E+00 ,   316 , 0.30025279E+08 , 0.11754083E+03 , 0.00000000E+00 , 0.00000000E+00 , 
  385 , 0.460067E+09 ,    41 , 0.30098094E+08 , 0.81013947E+02 , 0.00000000E+00 , 0.00000000E+00 ,   316 , 0.30025289E+08 , 0.11748901E+03 , 0.00000000E+00 , 0.00000000E+00 , 
  386 , 0.461795E+09 ,    41 , 0.30098119E+08 , 0.81013621E+02 , 0.00000000E+00 , 0.00000000E+00 ,   316 , 0.30025300E+08 , 0.11743742E+03 , 0.00000000E+00 , 0.00000000E+00 , 
  387 , 0.463523E+09 ,    41 , 0.30098144E+08 , 0.81013298E+02 , 0.00000000E+00 , 0.00000000E+00 ,   316 , 0.30025310E+08 , 0.11738606E+03 , 0.00000000E+00 , 0.00000000E+00 , 
  388 , 0.465251E+09 ,    41 , 0.30098168E+08 , 0.81012976E+02 , 0.00000000E+00 , 0.00000000E+00 ,   316 , 0.30025321E+08 , 0.11733493E+03 , 0.00000000E+00 , 0.00000000E+00 , 
  389 , 0.466979E+09 ,    41 , 0.30098193E+08 , 0.81012656E+02 , 0.00000000E+00 , 0.00000000E+00 ,   316 , 0.30025331E+08 , 0.11728403E+03 , 0.00000000E+00 , 0.00000000E+00 , 
  390 , 0.468707E+09 ,    41 , 0.30098217E+08 , 0.81012338E+02 , 0.00000000E+00 , 0.00000000E+00 ,   316 , 0.30025341E+08 , 0.11723335E+03 , 0.00000000E+00 , 0.00000000E+00 , 
  391 , 0.470435E+09 ,    41 , 0.30098242E+08 , 0.81012021E+02 , 0.00000000E+00 , 0.00000000E+00 ,   316 , 0.30025352E+08 , 0.11718290E+03 , 0.00000000E+00 , 0.00000000E+00 , 
  392 , 0.472163E+09 ,    41 , 0.30098266E+08 , 0.81011706E+02 , 0.00000000E+00 , 0.00000000E+00 ,   316 , 0.30025362E+08 , 0.11713268E+03 , 0.00000000E+00 , 0.00000000E+00 , 
  393 , 0.473891E+09 ,    41 , 0.30098290E+08 , 0.81011393E+02 , 0.00000000E+00 , 0.00000000E+00 ,   316 , 0.30025372E+08 , 0.11708267E+03 , 0.00000000E+00 , 0.00000000E+00 , 
  394 , 0.475619E+09 ,    41 , 0.30098315E+08 , 0.81011082E+02 , 0.00000000E+00 , 0.00000000E+00 ,   316 , 0.30025382E+08 , 0.11703288E+03 , 0.00000000E+00 , 0.00000000E+00 , 
  395 , 0.477347E+09 ,    41 , 0.30098339E+08 , 0.81010772E+02 , 0.00000000E+00 , 0.00000000E+00 ,   316 , 0.30025392E+08 , 0.11698331E+03 , 0.00000000E+00 , 0.00000000E+00 , 
  396 , 0.479075E+09 ,    41 , 0.30098363E+08 , 0.81010464E+02 , 0.00000000E+00 , 0.00000000E+00 ,   316 , 0.30025402E+08 , 0.11693396E+03 , 0.00000000E+00 , 0.00000000E+00 , 
  397 , 0.480803E+09 ,    41 , 0.30098386E+08 , 0.81010158E+02 , 0.00000000E+00 , 0.00000000E+00 ,   316 , 0.30025412E+08 , 0.11688482E+03 , 0.00000000E+00 , 0.00000000E+00 , 
  398 , 0.482531E+09 ,    41 , 0.30098410E+08 , 0.81009853E+02 , 0.00000000E+00 , 0.00000000E+00 ,   316 , 0.30025422E+08 , 0.11683589E+03 , 0.00000000E+00 , 0.00000000E+00 , 
  399 , 0.484259E+09 ,    41 , 0.30098434E+08 , 0.81009550E+02 , 0.00000000E+00 , 0.00000000E+00 ,   316 , 0.30025432E+08 , 0.11678718E+03 , 0.00000000E+00 , 0.00000000E+00 , 
  400 , 0.485987E+09 ,    41 , 0.30098457E+08 , 0.81009248E+02 , 0.00000000E+00 , 0.00000000E+00 ,   316 , 0.30025442E+08 , 0.11673867E+03 , 0.00000000E+00 , 0.00000000E+00 , 
  401 , 0.487715E+09 ,    41 , 0.30098481E+08 , 0.81008949E+02 , 0.00000000E+00 , 0.00000000E+00 ,   316 , 0.30025452E+08 , 0.11669038E+03 , 0.00000000E+00 , 0.00000000E+00 , 
  402 , 0.489443E+09 ,    41 , 0.30098504E+08 , 0.81008650E+02 , 0.00000000E+00 , 0.00000000E+00 ,   316 , 0.30025462E+08 , 0.11664229E+03 , 0.00000000E+00 , 0.00000000E+00 , 
  403 , 0.491171E+09 ,    41 , 0.30098528E+08 , 0.81008354E+02 , 0.00000000E+00 , 0.00000000E+00 ,   316 , 0.30025472E+08 , 0.11659440E+03 , 0.00000000E+00 , 0.00000000E+00 , 
  404 , 0.492899E+09 ,    41 , 0.30098551E+08 , 0.81008058E+02 , 0.00000000E+00 , 0.00000000E+00 ,   316 , 0.30025482E+08 , 0.11654672E+03 , 0.00000000E+00 , 0.00000000E+00 , 
  405 , 0.494627E+09 ,    41 , 0.30098574E+08 , 0.81007765E+02 , 0.00000000E+00 , 0.00000000E+00 ,   316 , 0.30025492E+08 , 0.11649924E+03 , 0.00000000E+00 , 0.00000000E+00 , 
  406 , 0.496355E+09 ,    41 , 0.30098597E+08 , 0.81007473E+02 , 0.00000000E+00 , 0.00000000E+00 ,   316 , 0.30025501E+08 , 0.11645197E+03 , 0.00000000E+00 , 0.00000000E+00 , 
  407 , 0.498083E+09 ,    41 , 0.30098620E+08 , 0.81007182E+02 , 0.00000000E+00 , 0.00000000E+00 ,   316 , 0.30025511E+08 , 0.11640489E+03 , 0.00000000E+00 , 0.00000000E+00 , 
  408 , 0.499811E+09 ,    41 , 0.30098643E+08 , 0.81006893E+02 , 0.00000000E+00 , 0.00000000E+00 ,   316 , 0.30025521E+08 , 0.11635801E+03 , 0.00000000E+00 , 0.00000000E+00 , 
  409 , 0.501539E+09 ,    41 , 0.30098666E+08 , 0.81006606E+02 , 0.00000000E+00 , 0.00000000E+00 ,   316 , 0.30025530E+08 , 0.11631132E+03 , 0.00000000E+00 , 0.00000000E+00 , 
  410 , 0.503267E+09 ,    41 , 0.30098689E+08 , 0.81006320E+02 , 0.00000000E+00 , 0.00000000E+00 ,   316 , 0.30025540E+08 , 0.11626483E+03 , 0.00000000E+00 , 0.00000000E+00 , 
  411 , 0.504995E+09 ,    41 , 0.30098711E+08 , 0.81006035E+02 , 0.00000000E+00 , 0.00000000E+00 ,   316 , 0.30025549E+08 , 0.11621854E+03 , 0.00000000E+00 , 0.00000000E+00 , 
  412 , 0.506723E+09 ,    41 , 0.30098734E+08 , 0.81005752E+02 , 0.00000000E+00 , 0.00000000E+00 ,   316 , 0.30025559E+08 , 0.11617243E+03 , 0.00000000E+00 , 0.00000000E+00 , 
  413 , 0.508451E+09 ,    41 , 0.30098756E+08 , 0.81005470E+02 , 0.00000000E+00 , 0.00000000E+00 ,   316 , 0.30025569E+08 , 0.11612652E+03 , 0.00000000E+00 , 0.00000000E+00 , 
  414 , 0.510179E+09 ,    41 , 0.30098779E+08 , 0.81005190E+02 , 0.00000000E+00 , 0.00000000E+00 ,   316 , 0.30025578E+08 , 0.11608080E+03 , 0.00000000E+00 , 0.00000000E+00 , 
  415 , 0.511907E+09 ,    41 , 0.30098801E+08 , 0.81004911E+02 , 0.00000000E+00 , 0.00000000E+00 ,   316 , 0.30025587E+08 , 0.11603526E+03 , 0.00000000E+00 , 0.00000000E+00 , 
  416 , 0.513635E+09 ,    41 , 0.30098823E+08 , 0.81004634E+02 , 0.00000000E+00 , 0.00000000E+00 ,   316 , 0.30025597E+08 , 0.11598992E+03 , 0.00000000E+00 , 0.00000000E+00 , 
  417 , 0.515363E+09 ,    41 , 0.30098845E+08 , 0.81004357E+02 , 0.00000000E+00 , 0.00000000E+00 ,   316 , 0.30025606E+08 , 0.11594476E+03 , 0.00000000E+00 , 0.00000000E+00 , 
  418 , 0.517091E+09 ,    41 , 0.30098867E+08 , 0.81004083E+02 , 0.00000000E+00 , 0.00000000E+00 ,   316 , 0.30025616E+08 , 0.11589978E+03 , 0.00000000E+00 , 0.00000000E+00 , 
  419 , 0.518819E+09 ,    41 , 0.30098889E+08 , 0.81003809E+02 , 0.00000000E+00 , 0.00000000E+00 ,   316 , 0.30025625E+08 , 0.11585499E+03 , 0.00000000E+00 , 0.00000000E+00 , 
  420 , 0.520547E+09 ,    41 , 0.30098911E+08 , 0.81003538E+02 , 0.00000000E+00 , 0.00000000E+00 ,   316 , 0.30025634E+08 , 0.11581039E+03 , 0.00000000E+00 , 0.00000000E+00 , 
  421 , 0.522275E+09 ,    41 , 0.30098933E+08 , 0.81003267E+02 , 0.00000000E+00 , 0.00000000E+00 ,   316 , 0.30025643E+08 , 0.11576596E+03 , 0.00000000E+00 , 0.00000000E+00 , 
  422 , 0.524003E+09 ,    41 , 0.30098955E+08 , 0.81002998E+02 , 0.00000000E+00 , 0.00000000E+00 ,   316 , 0.30025653E+08 , 0.11572172E+03 , 0.00000000E+00 , 0.00000000E+00 , 
  423 , 0.525731E+09 ,    41 , 0.30098977E+08 , 0.81002730E+02 , 0.00000000E+00 , 0.00000000E+00 ,   316 , 0.30025662E+08 , 0.11567766E+03 , 0.00000000E+00 , 0.00000000E+00 , 
  424 , 0.527459E+09 ,    41 , 0.30098998E+08 , 0.81002463E+02 , 0.00000000E+00 , 0.00000000E+00 ,   316 , 0.30025671E+08 , 0.11563377E+03 , 0.00000000E+00 , 0.00000000E+00 , 
  425 , 0.529187E+09 ,    41 , 0.30099020E+08 , 0.81002198E+02 , 0.00000000E+00 , 0.00000000E+00 ,   316 , 0.30025680E+08 , 0.11559006E+03 , 0.00000000E+00 , 0.00000000E+00 , 
  426 , 0.530915E+09 ,    41 , 0.30099041E+08 , 0.81001934E+02 , 0.00000000E+00 , 0.00000000E+00 ,   316 , 0.30025689E+08 , 0.11554653E+03 , 0.00000000E+00 , 0.00000000E+00 , 
  427 , 0.532643E+09 ,    41 , 0.30099063E+08 , 0.81001671E+02 , 0.00000000E+00 , 0.00000000E+00 ,   316 , 0.30025698E+08 , 0.11550317E+03 , 0.00000000E+00 , 0.00000000E+00 , 
  428 , 0.534371E+09 ,    41 , 0.30099084E+08 , 0.81001410E+02 , 0.00000000E+00 , 0.00000000E+00 ,   316 , 0.30025707E+08 , 0.11545999E+03 , 0.00000000E+00 , 0.00000000E+00 , 
  429 , 0.536099E+09 ,    41 , 0.30099105E+08 , 0.81001149E+02 , 0.00000000E+00 , 0.00000000E+00 ,   316 , 0.30025717E+08 , 0.11541698E+03 , 0.00000000E+00 , 0.00000000E+00 , 
  430 , 0.537827E+09 ,    41 , 0.30099126E+08 , 0.81000890E+02 , 0.00000000E+00 , 0.00000000E+00 ,   316 , 0.30025726E+08 , 0.11537413E+03 , 0.00000000E+00 , 0.00000000E+00 , 
  431 , 0.539555E+09 ,    41 , 0.30099147E+08 , 0.81000633E+02 , 0.00000000E+00 , 0.00000000E+00 ,   316 , 0.30025734E+08 , 0.11533146E+03 , 0.00000000E+00 , 0.00000000E+00 , 
  432 , 0.541283E+09 ,    41 , 0.30099168E+08 , 0.81000376E+02 , 0.00000000E+00 , 0.00000000E+00 ,   316 , 0.30025743E+08 , 0.11528896E+03 , 0.00000000E+00 , 0.00000000E+00 , 
  433 , 0.543011E+09 ,    41 , 0.30099189E+08 , 0.81000121E+02 , 0.00000000E+00 , 0.00000000E+00 ,   316 , 0.30025752E+08 , 0.11524662E+03 , 0.00000000E+00 , 0.00000000E+00 , 
  434 , 0.544739E+09 ,    41 , 0.30099210E+08 , 0.80999867E+02 , 0.00000000E+00 , 0.00000000E+00 ,   316 , 0.30025761E+08 , 0.11520444E+03 , 0.00000000E+00 , 0.00000000E+00 , 
  435 , 0.546467E+09 ,    41 , 0.30099231E+08 , 0.80999614E+02 , 0.00000000E+00 , 0.00000000E+00 ,   316 , 0.30025770E+08 , 0.11516244E+03 , 0.00000000E+00 , 0.00000000E+00 , 
  436 , 0.548195E+09 ,    41 , 0.30099252E+08 , 0.80999363E+02 , 0.00000000E+00 , 0.00000000E+00 ,   316 , 0.30025779E+08 , 0.11512059E+03 , 0.00000000E+00 , 0.00000000E+00 , 
  437 , 0.549923E+09 ,    41 , 0.30099272E+08 , 0.80999112E+02 , 0.00000000E+00 , 0.00000000E+00 ,   316 , 0.30025788E+08 , 0.11507891E+03 , 0.00000000E+00 , 0.00000000E+00 , 
  438 , 0.551651E+09 ,    41 , 0.30099293E+08 , 0.80998863E+02 , 0.00000000E+00 , 0.00000000E+00 ,   316 , 0.30025796E+08 , 0.11503738E+03 , 0.00000000E+00 , 0.00000000E+00 , 
  439 , 0.553379E+09 ,    41 , 0.30099313E+08 , 0.80998615E+02 , 0.00000000E+00 , 0.00000000E+00 ,   316 , 0.30025805E+08 , 0.11499602E+03 , 0.00000000E+00 , 0.00000000E+00 , 
  440 , 0.555107E+09 ,    41 , 0.30099334E+08 , 0.80998368E+02 , 0.00000000E+00 , 0.00000000E+00 ,   316 , 0.30025814E+08 , 0.11495481E+03 , 0.00000000E+00 , 0.00000000E+00 , 
  441 , 0.556835E+09 ,    41 , 0.30099354E+08 , 0.80998122E+02 , 0.00000000E+00 , 0.00000000E+00 ,   316 , 0.30025823E+08 , 0.11491377E+03 , 0.00000000E+00 , 0.00000000E+00 , 
  442 , 0.558563E+09 ,    41 , 0.30099375E+08 , 0.80997877E+02 , 0.00000000E+00 , 0.00000000E+00 ,   316 , 0.30025831E+08 , 0.11487288E+03 , 0.00000000E+00 , 0.00000000E+00 , 
  443 , 0.560291E+09 ,    41 , 0.30099395E+08 , 0.80997634E+02 , 0.00000000E+00 , 0.00000000E+00 ,   316 , 0.30025840E+08 , 0.11483214E+03 , 0.00000000E+00 , 0.00000000E+00 , 
  444 , 0.562019E+09 ,    41 , 0.30099415E+08 , 0.80997391E+02 , 0.00000000E+00 , 0.00000000E+00 ,   316 , 0.30025849E+08 , 0.11479156E+03 , 0.00000000E+00 , 0.00000000E+00 , 
  445 , 0.563747E+09 ,    41 , 0.30099435E+08 , 0.80997150E+02 , 0.00000000E+00 , 0.00000000E+00 ,   316 , 0.30025857E+08 , 0.11475113E+03 , 0.00000000E+00 , 0.00000000E+00 , 
  446 , 0.565475E+09 ,    41 , 0.30099455E+08 , 0.80996910E+02 , 0.00000000E+00 , 0.00000000E+00 ,   316 , 0.30025866E+08 , 0.11471086E+03 , 0.00000000E+00 , 0.00000000E+00 , 
  447 , 0.567203E+09 ,    41 , 0.30099475E+08 , 0.80996671E+02 , 0.00000000E+00 , 0.00000000E+00 ,   316 , 0.30025874E+08 , 0.11467074E+03 , 0.00000000E+00 , 0.00000000E+00 , 
  448 , 0.568931E+09 ,    41 , 0.30099495E+08 , 0.80996433E+02 , 0.00000000E+00 , 0.00000000E+00 ,   316 , 0.30025883E+08 , 0.11463077E+03 , 0.00000000E+00 , 0.00000000E+00 , 
  449 , 0.570659E+09 ,    41 , 0.30099515E+08 , 0.80996196E+02 , 0.00000000E+00 , 0.00000000E+00 ,   316 , 0.30025891E+08 , 0.11459094E+03 , 0.00000000E+00 , 0.00000000E+00 , 
  450 , 0.572387E+09 ,    41 , 0.30099535E+08 , 0.80995960E+02 , 0.00000000E+00 , 0.00000000E+00 ,   316 , 0.30025900E+08 , 0.11455127E+03 , 0.00000000E+00 , 0.00000000E+00 , 
  451 , 0.574115E+09 ,    41 , 0.30099554E+08 , 0.80995725E+02 , 0.00000000E+00 , 0.00000000E+00 ,   316 , 0.30025908E+08 , 0.11451174E+03 , 0.00000000E+00 , 0.00000000E+00 , 
  452 , 0.575843E+09 ,    41 , 0.30099574E+08 , 0.80995491E+02 , 0.00000000E+00 , 0.00000000E+00 ,   316 , 0.30025916E+08 , 0.11447236E+03 , 0.00000000E+00 , 0.00000000E+00 , 
  453 , 0.577571E+09 ,    41 , 0.30099594E+08 , 0.80995259E+02 , 0.00000000E+00 , 0.00000000E+00 ,   316 , 0.30025925E+08 , 0.11443313E+03 , 0.00000000E+00 , 0.00000000E+00 , 
  454 , 0.579299E+09 ,    41 , 0.30099613E+08 , 0.80995027E+02 , 0.00000000E+00 , 0.00000000E+00 ,   316 , 0.30025933E+08 , 0.11439404E+03 , 0.00000000E+00 , 0.00000000E+00 , 
  455 , 0.581027E+09 ,    41 , 0.30099633E+08 , 0.80994796E+02 , 0.00000000E+00 , 0.00000000E+00 ,   316 , 0.30025942E+08 , 0.11435509E+03 , 0.00000000E+00 , 0.00000000E+00 , 
  456 , 0.582755E+09 ,    41 , 0.30099652E+08 , 0.80994567E+02 , 0.00000000E+00 , 0.00000000E+00 ,   316 , 0.30025950E+08 , 0.11431629E+03 , 0.00000000E+00 , 0.00000000E+00 , 
  457 , 0.584483E+09 ,    41 , 0.30099671E+08 , 0.80994338E+02 , 0.00000000E+00 , 0.00000000E+00 ,   316 , 0.30025958E+08 , 0.11427763E+03 , 0.00000000E+00 , 0.00000000E+00 , 
  458 , 0.586211E+09 ,    41 , 0.30099691E+08 , 0.80994111E+02 , 0.00000000E+00 , 0.00000000E+00 ,   316 , 0.30025966E+08 , 0.11423911E+03 , 0.00000000E+00 , 0.00000000E+00 , 
  459 , 0.587939E+09 ,    41 , 0.30099710E+08 , 0.80993884E+02 , 0.00000000E+00 , 0.00000000E+00 ,   316 , 0.30025975E+08 , 0.11420073E+03 , 0.00000000E+00 , 0.00000000E+00 , 
  460 , 0.589667E+09 ,    41 , 0.30099729E+08 , 0.80993659E+02 , 0.00000000E+00 , 0.00000000E+00 ,   316 , 0.30025983E+08 , 0.11416250E+03 , 0.00000000E+00 , 0.00000000E+00 , 
  461 , 0.591395E+09 ,    41 , 0.30099748E+08 , 0.80993434E+02 , 0.00000000E+00 , 0.00000000E+00 ,   316 , 0.30025991E+08 , 0.11412440E+03 , 0.00000000E+00 , 0.00000000E+00 , 
  462 , 0.593123E+09 ,    41 , 0.30099767E+08 , 0.80993210E+02 , 0.00000000E+00 , 0.00000000E+00 ,   316 , 0.30025999E+08 , 0.11408643E+03 , 0.00000000E+00 , 0.00000000E+00 , 
  463 , 0.594851E+09 ,    41 , 0.30099786E+08 , 0.80992988E+02 , 0.00000000E+00 , 0.00000000E+00 ,   316 , 0.30026007E+08 , 0.11404861E+03 , 0.00000000E+00 , 0.00000000E+00 , 
  464 , 0.596579E+09 ,    41 , 0.30099805E+08 , 0.80992766E+02 , 0.00000000E+00 , 0.00000000E+00 ,   316 , 0.30026015E+08 , 0.11401092E+03 , 0.00000000E+00 , 0.00000000E+00 , 
  465 , 0.598307E+09 ,    41 , 0.30099824E+08 , 0.80992545E+02 , 0.00000000E+00 , 0.00000000E+00 ,   316 , 0.30026023E+08 , 0.11397336E+03 , 0.00000000E+00 , 0.00000000E+00 , 
  466 , 0.600035E+09 ,    41 , 0.30099843E+08 , 0.80992326E+02 , 0.00000000E+00 , 0.00000000E+00 ,   316 , 0.30026032E+08 , 0.11393594E+03 , 0.00000000E+00 , 0.00000000E+00 , 
  467 , 0.601763E+09 ,    41 , 0.30099861E+08 , 0.80992107E+02 , 0.00000000E+00 , 0.00000000E+00 ,   316 , 0.30026040E+08 , 0.11389866E+03 , 0.00000000E+00 , 0.00000000E+00 , 
  468 , 0.603491E+09 ,    41 , 0.30099880E+08 , 0.80991889E+02 , 0.00000000E+00 , 0.00000000E+00 ,   316 , 0.30026048E+08 , 0.11386151E+03 , 0.00000000E+00 , 0.00000000E+00 , 
  469 , 0.605219E+09 ,    41 , 0.30099899E+08 , 0.80991672E+02 , 0.00000000E+00 , 0.00000000E+00 ,   316 , 0.30026056E+08 , 0.11382448E+03 , 0.00000000E+00 , 0.00000000E+00 , 
  470 , 0.606947E+09 ,    41 , 0.30099917E+08 , 0.80991456E+02 , 0.00000000E+00 , 0.00000000E+00 ,   316 , 0.30026064E+08 , 0.11378759E+03 , 0.00000000E+00 , 0.00000000E+00 , 
  471 , 0.608675E+09 ,    41 , 0.30099936E+08 , 0.80991241E+02 , 0.00000000E+00 , 0.00000000E+00 ,   316 , 0.30026071E+08 , 0.11375083E+03 , 0.00000000E+00 , 0.00000000E+00 , 
  472 , 0.610403E+09 ,    41 , 0.30099954E+08 , 0.80991027E+02 , 0.00000000E+00 , 0.00000000E+00 ,   316 , 0.30026079E+08 , 0.11371420E+03 , 0.00000000E+00 , 0.00000000E+00 , 
  473 , 0.612131E+09 ,    41 , 0.30099972E+08 , 0.80990813E+02 , 0.00000000E+00 , 0.00000000E+00 ,   316 , 0.30026087E+08 , 0.11367770E+03 , 0.00000000E+00 , 0.00000000E+00 , 
  474 , 0.613859E+09 ,    41 , 0.30099991E+08 , 0.80990601E+02 , 0.00000000E+00 , 0.00000000E+00 ,   316 , 0.30026095E+08 , 0.11364133E+03 , 0.00000000E+00 , 0.00000000E+00 , 
  475 , 0.615587E+09 ,    41 , 0.30100009E+08 , 0.80990389E+02 , 0.00000000E+00 , 0.00000000E+00 ,   316 , 0.30026103E+08 , 0.11360508E+03 , 0.00000000E+00 , 0.00000000E+00 , 
  476 , 0.617315E+09 ,    41 , 0.30100027E+08 , 0.80990179E+02 , 0.00000000E+00 , 0.00000000E+00 ,   316 , 0.30026111E+08 , 0.11356896E+03 , 0.00000000E+00 , 0.00000000E+00 , 
  477 , 0.619043E+09 ,    41 , 0.30100045E+08 , 0.80989969E+02 , 0.00000000E+00 , 0.00000000E+00 ,   316 , 0.30026119E+08 , 0.11353297E+03 , 0.00000000E+00 , 0.00000000E+00 , 
  478 , 0.620771E+09 ,    41 , 0.30100063E+08 , 0.80989760E+02 , 0.00000000E+00 , 0.00000000E+00 ,   316 , 0.30026126E+08 , 0.11349710E+03 , 0.00000000E+00 , 0.00000000E+00 , 
  479 , 0.622499E+09 ,    41 , 0.30100082E+08 , 0.80989552E+02 , 0.00000000E+00 , 0.00000000E+00 ,   316 , 0.30026134E+08 , 0.11346136E+03 , 0.00000000E+00 , 0.00000000E+00 , 
  480 , 0.624227E+09 ,    41 , 0.30100100E+08 , 0.80989345E+02 , 0.00000000E+00 , 0.00000000E+00 ,   316 , 0.30026142E+08 , 0.11342574E+03 , 0.00000000E+00 , 0.00000000E+00 , 
  481 , 0.625955E+09 ,    41 , 0.30100117E+08 , 0.80989139E+02 , 0.00000000E+00 , 0.00000000E+00 ,   316 , 0.30026150E+08 , 0.11339024E+03 , 0.00000000E+00 , 0.00000000E+00 , 
  482 , 0.627683E+09 ,    41 , 0.30100135E+08 , 0.80988933E+02 , 0.00000000E+00 , 0.00000000E+00 ,   316 , 0.30026157E+08 , 0.11335486E+03 , 0.00000000E+00 , 0.00000000E+00 , 
  483 , 0.629411E+09 ,    41 , 0.30100153E+08 , 0.80988729E+02 , 0.00000000E+00 , 0.00000000E+00 ,   316 , 0.30026165E+08 , 0.11331961E+03 , 0.00000000E+00 , 0.00000000E+00 , 
  484 , 0.631139E+09 ,    41 , 0.30100171E+08 , 0.80988525E+02 , 0.00000000E+00 , 0.00000000E+00 ,   316 , 0.30026173E+08 , 0.11328448E+03 , 0.00000000E+00 , 0.00000000E+00 , 
  485 , 0.632867E+09 ,    41 , 0.30100189E+08 , 0.80988322E+02 , 0.00000000E+00 , 0.00000000E+00 ,   316 , 0.30026180E+08 , 0.11324946E+03 , 0.00000000E+00 , 0.00000000E+00 , 
  486 , 0.634595E+09 ,    41 , 0.30100206E+08 , 0.80988120E+02 , 0.00000000E+00 , 0.00000000E+00 ,   316 , 0.30026188E+08 , 0.11321457E+03 , 0.00000000E+00 , 0.00000000E+00 , 
  487 , 0.636323E+09 ,    41 , 0.30100224E+08 , 0.80987919E+02 , 0.00000000E+00 , 0.00000000E+00 ,   316 , 0.30026196E+08 , 0.11317979E+03 , 0.00000000E+00 , 0.00000000E+00 , 
  488 , 0.638051E+09 ,    41 , 0.30100242E+08 , 0.80987719E+02 , 0.00000000E+00 , 0.00000000E+00 ,   316 , 0.30026203E+08 , 0.11314513E+03 , 0.00000000E+00 , 0.00000000E+00 , 
  489 , 0.639779E+09 ,    41 , 0.30100259E+08 , 0.80987519E+02 , 0.00000000E+00 , 0.00000000E+00 ,   316 , 0.30026211E+08 , 0.11311059E+03 , 0.00000000E+00 , 0.00000000E+00 , 
  490 , 0.641507E+09 ,    41 , 0.30100276E+08 , 0.80987320E+02 , 0.00000000E+00 , 0.00000000E+00 ,   316 , 0.30026218E+08 , 0.11307617E+03 , 0.00000000E+00 , 0.00000000E+00 , 
  491 , 0.643235E+09 ,    41 , 0.30100294E+08 , 0.80987122E+02 , 0.00000000E+00 , 0.00000000E+00 ,   316 , 0.30026226E+08 , 0.11304186E+03 , 0.00000000E+00 , 0.00000000E+00 , 
  492 , 0.644963E+09 ,    41 , 0.30100311E+08 , 0.80986925E+02 , 0.00000000E+00 , 0.00000000E+00 ,   316 , 0.30026233E+08 , 0.11300767E+03 , 0.00000000E+00 , 0.00000000E+00 , 
  493 , 0.646691E+09 ,    41 , 0.30100329E+08 , 0.80986728E+02 , 0.00000000E+00 , 0.00000000E+00 ,   316 , 0.30026241E+08 , 0.11297359E+03 , 0.00000000E+00 , 0.00000000E+00 , 
  494 , 0.648419E+09 ,    41 , 0.30100346E+08 , 0.80986533E+02 , 0.00000000E+00 , 0.00000000E+00 ,   316 , 0.30026248E+08 , 0.11293963E+03 , 0.00000000E+00 , 0.00000000E+00 , 
  495 , 0.650147E+09 ,    41 , 0.30100363E+08 , 0.80986338E+02 , 0.00000000E+00 , 0.00000000E+00 ,   316 , 0.30026256E+08 , 0.11290578E+03 , 0.00000000E+00 , 0.00000000E+00 , 
  496 , 0.651875E+09 ,    41 , 0.30100380E+08 , 0.80986144E+02 , 0.00000000E+00 , 0.00000000E+00 ,   316 , 0.30026263E+08 , 0.11287204E+03 , 0.00000000E+00 , 0.00000000E+00 , 
  497 , 0.653603E+09 ,    41 , 0.30100397E+08 , 0.80985951E+02 , 0.00000000E+00 , 0.00000000E+00 ,   316 , 0.30026270E+08 , 0.11283841E+03 , 0.00000000E+00 , 0.00000000E+00 , 
  498 , 0.655331E+09 ,    41 , 0.30100414E+08 , 0.80985758E+02 , 0.00000000E+00 , 0.00000000E+00 ,   316 , 0.30026278E+08 , 0.11280489E+03 , 0.00000000E+00 , 0.00000000E+00 , 
  499 , 0.657059E+09 ,    41 , 0.30100431E+08 , 0.80985566E+02 , 0.00000000E+00 , 0.00000000E+00 ,   316 , 0.30026285E+08 , 0.11277149E+03 , 0.00000000E+00 , 0.00000000E+00 , 
  500 , 0.658787E+09 ,    41 , 0.30100448E+08 , 0.80985375E+02 , 0.00000000E+00 , 0.00000000E+00 ,   316 , 0.30026292E+08 , 0.11273820E+03 , 0.00000000E+00 , 0.00000000E+00 , 
  501 , 0.660515E+09 ,    41 , 0.30100465E+08 , 0.80985185E+02 , 0.00000000E+00 , 0.00000000E+00 ,   316 , 0.30026300E+08 , 0.11270501E+03 , 0.00000000E+00 , 0.00000000E+00 , 
  502 , 0.662243E+09 ,    41 , 0.30100482E+08 , 0.80984995E+02 , 0.00000000E+00 , 0.00000000E+00 ,   316 , 0.30026307E+08 , 0.11267193E+03 , 0.00000000E+00 , 0.00000000E+00 , 
  503 , 0.663971E+09 ,    41 , 0.30100499E+08 , 0.80984806E+02 , 0.00000000E+00 , 0.00000000E+00 ,   316 , 0.30026314E+08 , 0.11263897E+03 , 0.00000000E+00 , 0.00000000E+00 , 
  504 , 0.665699E+09 ,    41 , 0.30100516E+08 , 0.80984618E+02 , 0.00000000E+00 , 0.00000000E+00 ,   316 , 0.30026322E+08 , 0.11260611E+03 , 0.00000000E+00 , 0.00000000E+00 , 
  505 , 0.667427E+09 ,    41 , 0.30100532E+08 , 0.80984431E+02 , 0.00000000E+00 , 0.00000000E+00 ,   316 , 0.30026329E+08 , 0.11257335E+03 , 0.00000000E+00 , 0.00000000E+00 , 
  506 , 0.669155E+09 ,    41 , 0.30100549E+08 , 0.80984244E+02 , 0.00000000E+00 , 0.00000000E+00 ,   316 , 0.30026336E+08 , 0.11254071E+03 , 0.00000000E+00 , 0.00000000E+00 , 
  507 , 0.670883E+09 ,    41 , 0.30100566E+08 , 0.80984058E+02 , 0.00000000E+00 , 0.00000000E+00 ,   316 , 0.30026343E+08 , 0.11250817E+03 , 0.00000000E+00 , 0.00000000E+00 , 
  508 , 0.672611E+09 ,    41 , 0.30100582E+08 , 0.80983873E+02 , 0.00000000E+00 , 0.00000000E+00 ,   316 , 0.30026350E+08 , 0.11247573E+03 , 0.00000000E+00 , 0.00000000E+00 , 
  509 , 0.674339E+09 ,    41 , 0.30100599E+08 , 0.80983689E+02 , 0.00000000E+00 , 0.00000000E+00 ,   316 , 0.30026358E+08 , 0.11244340E+03 , 0.00000000E+00 , 0.00000000E+00 , 
  510 , 0.676067E+09 ,    41 , 0.30100615E+08 , 0.80983505E+02 , 0.00000000E+00 , 0.00000000E+00 ,   316 , 0.30026365E+08 , 0.11241117E+03 , 0.00000000E+00 , 0.00000000E+00 , 
  511 , 0.677795E+09 ,    41 , 0.30100632E+08 , 0.80983322E+02 , 0.00000000E+00 , 0.00000000E+00 ,   316 , 0.30026372E+08 , 0.11237905E+03 , 0.00000000E+00 , 0.00000000E+00 , 
  512 , 0.679523E+09 ,    41 , 0.30100648E+08 , 0.80983139E+02 , 0.00000000E+00 , 0.00000000E+00 ,   316 , 0.30026379E+08 , 0.11234703E+03 , 0.00000000E+00 , 0.00000000E+00 , 
  513 , 0.681251E+09 ,    41 , 0.30100664E+08 , 0.80982958E+02 , 0.00000000E+00 , 0.00000000E+00 ,   316 , 0.30026386E+08 , 0.11231511E+03 , 0.00000000E+00 , 0.00000000E+00 , 
  514 , 0.682979E+09 ,    41 , 0.30100681E+08 , 0.80982777E+02 , 0.00000000E+00 , 0.00000000E+00 ,   316 , 0.30026393E+08 , 0.11228330E+03 , 0.00000000E+00 , 0.00000000E+00 , 
  515 , 0.684707E+09 ,    41 , 0.30100697E+08 , 0.80982596E+02 , 0.00000000E+00 , 0.00000000E+00 ,   316 , 0.30026400E+08 , 0.11225158E+03 , 0.00000000E+00 , 0.00000000E+00 , 
  516 , 0.686435E+09 ,    41 , 0.30100713E+08 , 0.80982417E+02 , 0.00000000E+00 , 0.00000000E+00 ,   316 , 0.30026407E+08 , 0.11221997E+03 , 0.00000000E+00 , 0.00000000E+00 , 
  517 , 0.688163E+09 ,    41 , 0.30100729E+08 , 0.80982238E+02 , 0.00000000E+00 , 0.00000000E+00 ,   316 , 0.30026414E+08 , 0.11218846E+03 , 0.00000000E+00 , 0.00000000E+00 , 
  518 , 0.689891E+09 ,    41 , 0.30100745E+08 , 0.80982060E+02 , 0.00000000E+00 , 0.00000000E+00 ,   316 , 0.30026421E+08 , 0.11215704E+03 , 0.00000000E+00 , 0.00000000E+00 , 
  519 , 0.691619E+09 ,    41 , 0.30100761E+08 , 0.80981882E+02 , 0.00000000E+00 , 0.00000000E+00 ,   316 , 0.30026428E+08 , 0.11212573E+03 , 0.00000000E+00 , 0.00000000E+00 , 
  520 , 0.693347E+09 ,    41 , 0.30100777E+08 , 0.80981705E+02 , 0.00000000E+00 , 0.00000000E+00 ,   316 , 0.30026435E+08 , 0.11209451E+03 , 0.00000000E+00 , 0.00000000E+00 , 
  521 , 0.695075E+09 ,    41 , 0.30100793E+08 , 0.80981529E+02 , 0.00000000E+00 , 0.00000000E+00 ,   316 , 0.30026442E+08 , 0.11206339E+03 , 0.00000000E+00 , 0.00000000E+00 , 
  522 , 0.696803E+09 ,    41 , 0.30100809E+08 , 0.80981353E+02 , 0.00000000E+00 , 0.00000000E+00 ,   316 , 0.30026449E+08 , 0.11203237E+03 , 0.00000000E+00 , 0.00000000E+00 , 
  523 , 0.698531E+09 ,    41 , 0.30100825E+08 , 0.80981178E+02 , 0.00000000E+00 , 0.00000000E+00 ,   316 , 0.30026456E+08 , 0.11200145E+03 , 0.00000000E+00 , 0.00000000E+00 , 
  524 , 0.700259E+09 ,    41 , 0.30100841E+08 , 0.80981004E+02 , 0.00000000E+00 , 0.00000000E+00 ,   316 , 0.30026463E+08 , 0.11197062E+03 , 0.00000000E+00 , 0.00000000E+00 , 
  525 , 0.701987E+09 ,    41 , 0.30100857E+08 , 0.80980830E+02 , 0.00000000E+00 , 0.00000000E+00 ,   316 , 0.30026469E+08 , 0.11193989E+03 , 0.00000000E+00 , 0.00000000E+00 , 
  526 , 0.703715E+09 ,    41 , 0.30100873E+08 , 0.80980657E+02 , 0.00000000E+00 , 0.00000000E+00 ,   316 , 0.30026476E+08 , 0.11190926E+03 , 0.00000000E+00 , 0.00000000E+00 , 
  527 , 0.705443E+09 ,    41 , 0.30100888E+08 , 0.80980484E+02 , 0.00000000E+00 , 0.00000000E+00 ,   316 , 0.30026483E+08 , 0.11187872E+03 , 0.00000000E+00 , 0.00000000E+00 , 
  528 , 0.707171E+09 ,    41 , 0.30100904E+08 , 0.80980313E+02 , 0.00000000E+00 , 0.00000000E+00 ,   316 , 0.30026490E+08 , 0.11184827E+03 , 0.00000000E+00 , 0.00000000E+00 , 
  529 , 0.708899E+09 ,    41 , 0.30100920E+08 , 0.80980141E+02 , 0.00000000E+00 , 0.00000000E+00 ,   316 , 0.30026497E+08 , 0.11181792E+03 , 0.00000000E+00 , 0.00000000E+00 , 
  530 , 0.710627E+09 ,    41 , 0.30100935E+08 , 0.80979971E+02 , 0.00000000E+00 , 0.00000000E+00 ,   316 , 0.30026504E+08 , 0.11178766E+03 , 0.00000000E+00 , 0.00000000E+00 , 
  531 , 0.712355E+09 ,    41 , 0.30100951E+08 , 0.80979801E+02 , 0.00000000E+00 , 0.00000000E+00 ,   316 , 0.30026510E+08 , 0.11175750E+03 , 0.00000000E+00 , 0.00000000E+00 , 
  532 , 0.714083E+09 ,    41 , 0.30100966E+08 , 0.80979632E+02 , 0.00000000E+00 , 0.00000000E+00 ,   316 , 0.30026517E+08 , 0.11172743E+03 , 0.00000000E+00 , 0.00000000E+00 , 
  533 , 0.715811E+09 ,    41 , 0.30100982E+08 , 0.80979463E+02 , 0.00000000E+00 , 0.00000000E+00 ,   316 , 0.30026524E+08 , 0.11169745E+03 , 0.00000000E+00 , 0.00000000E+00 , 
  534 , 0.717539E+09 ,    41 , 0.30100997E+08 , 0.80979295E+02 , 0.00000000E+00 , 0.00000000E+00 ,   316 , 0.30026530E+08 , 0.11166756E+03 , 0.00000000E+00 , 0.00000000E+00 , 
  535 , 0.719267E+09 ,    41 , 0.30101013E+08 , 0.80979127E+02 , 0.00000000E+00 , 0.00000000E+00 ,   316 , 0.30026537E+08 , 0.11163776E+03 , 0.00000000E+00 , 0.00000000E+00 , 
  536 , 0.720995E+09 ,    41 , 0.30101028E+08 , 0.80978960E+02 , 0.00000000E+00 , 0.00000000E+00 ,   316 , 0.30026544E+08 , 0.11160805E+03 , 0.00000000E+00 , 0.00000000E+00 , 
  537 , 0.722723E+09 ,    41 , 0.30101043E+08 , 0.80978794E+02 , 0.00000000E+00 , 0.00000000E+00 ,   316 , 0.30026551E+08 , 0.11157844E+03 , 0.00000000E+00 , 0.00000000E+00 , 
  538 , 0.724451E+09 ,    41 , 0.30101059E+08 , 0.80978628E+02 , 0.00000000E+00 , 0.00000000E+00 ,   316 , 0.30026557E+08 , 0.11154891E+03 , 0.00000000E+00 , 0.00000000E+00 , 
  539 , 0.726179E+09 ,    41 , 0.30101074E+08 , 0.80978463E+02 , 0.00000000E+00 , 0.00000000E+00 ,   316 , 0.30026564E+08 , 0.11151947E+03 , 0.00000000E+00 , 0.00000000E+00 , 
  540 , 0.727907E+09 ,    41 , 0.30101089E+08 , 0.80978299E+02 , 0.00000000E+00 , 0.00000000E+00 ,   316 , 0.30026570E+08 , 0.11149012E+03 , 0.00000000E+00 , 0.00000000E+00 , 
  541 , 0.729635E+09 ,    41 , 0.30101104E+08 , 0.80978135E+02 , 0.00000000E+00 , 0.00000000E+00 ,   316 , 0.30026577E+08 , 0.11146086E+03 , 0.00000000E+00 , 0.00000000E+00 , 
  542 , 0.731363E+09 ,    41 , 0.30101119E+08 , 0.80977971E+02 , 0.00000000E+00 , 0.00000000E+00 ,   316 , 0.30026584E+08 , 0.11143169E+03 , 0.00000000E+00 , 0.00000000E+00 , 
  543 , 0.733091E+09 ,    41 , 0.30101134E+08 , 0.80977809E+02 , 0.00000000E+00 , 0.00000000E+00 ,   316 , 0.30026590E+08 , 0.11140260E+03 , 0.00000000E+00 , 0.00000000E+00 , 
  544 , 0.734819E+09 ,    41 , 0.30101149E+08 , 0.80977646E+02 , 0.00000000E+00 , 0.00000000E+00 ,   316 , 0.30026597E+08 , 0.11137360E+03 , 0.00000000E+00 , 0.00000000E+00 , 
  545 , 0.736547E+09 ,    41 , 0.30101164E+08 , 0.80977485E+02 , 0.00000000E+00 , 0.00000000E+00 ,   316 , 0.30026603E+08 , 0.11134469E+03 , 0.00000000E+00 , 0.00000000E+00 , 
  546 , 0.738275E+09 ,    41 , 0.30101179E+08 , 0.80977324E+02 , 0.00000000E+00 , 0.00000000E+00 ,   316 , 0.30026610E+08 , 0.11131587E+03 , 0.00000000E+00 , 0.00000000E+00 , 
  547 , 0.740003E+09 ,    41 , 0.30101194E+08 , 0.80977163E+02 , 0.00000000E+00 , 0.00000000E+00 ,   316 , 0.30026616E+08 , 0.11128713E+03 , 0.00000000E+00 , 0.00000000E+00 , 
  548 , 0.741731E+09 ,    41 , 0.30101209E+08 , 0.80977003E+02 , 0.00000000E+00 , 0.00000000E+00 ,   316 , 0.30026623E+08 , 0.11125847E+03 , 0.00000000E+00 , 0.00000000E+00 , 
  549 , 0.743459E+09 ,    41 , 0.30101224E+08 , 0.80976844E+02 , 0.00000000E+00 , 0.00000000E+00 ,   316 , 0.30026629E+08 , 0.11122990E+03 , 0.00000000E+00 , 0.00000000E+00 , 
  550 , 0.745187E+09 ,    41 , 0.30101239E+08 , 0.80976685E+02 , 0.00000000E+00 , 0.00000000E+00 ,   316 , 0.30026636E+08 , 0.11120142E+03 , 0.00000000E+00 , 0.00000000E+00 , 
  551 , 0.746915E+09 ,    41 , 0.30101253E+08 , 0.80976527E+02 , 0.00000000E+00 , 0.00000000E+00 ,   316 , 0.30026642E+08 , 0.11117301E+03 , 0.00000000E+00 , 0.00000000E+00 , 
  552 , 0.748643E+09 ,    41 , 0.30101268E+08 , 0.80976369E+02 , 0.00000000E+00 , 0.00000000E+00 ,   316 , 0.30026648E+08 , 0.11114469E+03 , 0.00000000E+00 , 0.00000000E+00 , 
  553 , 0.750371E+09 ,    41 , 0.30101283E+08 , 0.80976212E+02 , 0.00000000E+00 , 0.00000000E+00 ,   316 , 0.30026655E+08 , 0.11111646E+03 , 0.00000000E+00 , 0.00000000E+00 , 
  554 , 0.752099E+09 ,    41 , 0.30101297E+08 , 0.80976055E+02 , 0.00000000E+00 , 0.00000000E+00 ,   316 , 0.30026661E+08 , 0.11108831E+03 , 0.00000000E+00 , 0.00000000E+00 , 
  555 , 0.753827E+09 ,    41 , 0.30101312E+08 , 0.80975899E+02 , 0.00000000E+00 , 0.00000000E+00 ,   316 , 0.30026668E+08 , 0.11106024E+03 , 0.00000000E+00 , 0.00000000E+00 , 
  556 , 0.755555E+09 ,    41 , 0.30101326E+08 , 0.80975743E+02 , 0.00000000E+00 , 0.00000000E+00 ,   316 , 0.30026674E+08 , 0.11103225E+03 , 0.00000000E+00 , 0.00000000E+00 , 
  557 , 0.757283E+09 ,    41 , 0.30101341E+08 , 0.80975588E+02 , 0.00000000E+00 , 0.00000000E+00 ,   316 , 0.30026680E+08 , 0.11100434E+03 , 0.00000000E+00 , 0.00000000E+00 , 
  558 , 0.759011E+09 ,    41 , 0.30101355E+08 , 0.80975434E+02 , 0.00000000E+00 , 0.00000000E+00 ,   316 , 0.30026687E+08 , 0.11097652E+03 , 0.00000000E+00 , 0.00000000E+00 , 
  559 , 0.760739E+09 ,    41 , 0.30101370E+08 , 0.80975280E+02 , 0.00000000E+00 , 0.00000000E+00 ,   316 , 0.30026693E+08 , 0.11094877E+03 , 0.00000000E+00 , 0.00000000E+00 , 
  560 , 0.762467E+09 ,    41 , 0.30101384E+08 , 0.80975126E+02 , 0.00000000E+00 , 0.00000000E+00 ,   316 , 0.30026699E+08 , 0.11092111E+03 , 0.00000000E+00 , 0.00000000E+00 , 
  561 , 0.764195E+09 ,    41 , 0.30101399E+08 , 0.80974973E+02 , 0.00000000E+00 , 0.00000000E+00 ,   316 , 0.30026705E+08 , 0.11089352E+03 , 0.00000000E+00 , 0.00000000E+00 , 
  562 , 0.765923E+09 ,    41 , 0.30101413E+08 , 0.80974821E+02 , 0.00000000E+00 , 0.00000000E+00 ,   316 , 0.30026712E+08 , 0.11086601E+03 , 0.00000000E+00 , 0.00000000E+00 , 
  563 , 0.767651E+09 ,    41 , 0.30101427E+08 , 0.80974669E+02 , 0.00000000E+00 , 0.00000000E+00 ,   316 , 0.30026718E+08 , 0.11083859E+03 , 0.00000000E+00 , 0.00000000E+00 , 
  564 , 0.769379E+09 ,    41 , 0.30101442E+08 , 0.80974517E+02 , 0.00000000E+00 , 0.00000000E+00 ,   316 , 0.30026724E+08 , 0.11081124E+03 , 0.00000000E+00 , 0.00000000E+00 , 
  565 , 0.771107E+09 ,    41 , 0.30101456E+08 , 0.80974367E+02 , 0.00000000E+00 , 0.00000000E+00 ,   316 , 0.30026730E+08 , 0.11078397E+03 , 0.00000000E+00 , 0.00000000E+00 , 
  566 , 0.772835E+09 ,    41 , 0.30101470E+08 , 0.80974216E+02 , 0.00000000E+00 , 0.00000000E+00 ,   316 , 0.30026737E+08 , 0.11075678E+03 , 0.00000000E+00 , 0.00000000E+00 , 
  567 , 0.774563E+09 ,    41 , 0.30101484E+08 , 0.80974066E+02 , 0.00000000E+00 , 0.00000000E+00 ,   316 , 0.30026743E+08 , 0.11072967E+03 , 0.00000000E+00 , 0.00000000E+00 , 
  568 , 0.776291E+09 ,    41 , 0.30101498E+08 , 0.80973917E+02 , 0.00000000E+00 , 0.00000000E+00 ,   316 , 0.30026749E+08 , 0.11070263E+03 , 0.00000000E+00 , 0.00000000E+00 , 
  569 , 0.778019E+09 ,    41 , 0.30101512E+08 , 0.80973768E+02 , 0.00000000E+00 , 0.00000000E+00 ,   316 , 0.30026755E+08 , 0.11067568E+03 , 0.00000000E+00 , 0.00000000E+00 , 
  570 , 0.779747E+09 ,    41 , 0.30101526E+08 , 0.80973619E+02 , 0.00000000E+00 , 0.00000000E+00 ,   316 , 0.30026761E+08 , 0.11064879E+03 , 0.00000000E+00 , 0.00000000E+00 , 
  571 , 0.781475E+09 ,    41 , 0.30101540E+08 , 0.80973472E+02 , 0.00000000E+00 , 0.00000000E+00 ,   316 , 0.30026767E+08 , 0.11062199E+03 , 0.00000000E+00 , 0.00000000E+00 , 
  572 , 0.783203E+09 ,    41 , 0.30101554E+08 , 0.80973324E+02 , 0.00000000E+00 , 0.00000000E+00 ,   316 , 0.30026774E+08 , 0.11059526E+03 , 0.00000000E+00 , 0.00000000E+00 , 
  573 , 0.784931E+09 ,    41 , 0.30101568E+08 , 0.80973177E+02 , 0.00000000E+00 , 0.00000000E+00 ,   316 , 0.30026780E+08 , 0.11056861E+03 , 0.00000000E+00 , 0.00000000E+00 , 
  574 , 0.786659E+09 ,    41 , 0.30101582E+08 , 0.80973031E+02 , 0.00000000E+00 , 0.00000000E+00 ,   316 , 0.30026786E+08 , 0.11054203E+03 , 0.00000000E+00 , 0.00000000E+00 , 
  575 , 0.788387E+09 ,    41 , 0.30101596E+08 , 0.80972885E+02 , 0.00000000E+00 , 0.00000000E+00 ,   316 , 0.30026792E+08 , 0.11051553E+03 , 0.00000000E+00 , 0.00000000E+00 , 
  576 , 0.790115E+09 ,    41 , 0.30101610E+08 , 0.80972739E+02 , 0.00000000E+00 , 0.00000000E+00 ,   316 , 0.30026798E+08 , 0.11048910E+03 , 0.00000000E+00 , 0.00000000E+00 , 
  577 , 0.791843E+09 ,    41 , 0.30101624E+08 , 0.80972594E+02 , 0.00000000E+00 , 0.00000000E+00 ,   316 , 0.30026804E+08 , 0.11046274E+03 , 0.00000000E+00 , 0.00000000E+00 , 
  578 , 0.793571E+09 ,    41 , 0.30101638E+08 , 0.80972450E+02 , 0.00000000E+00 , 0.00000000E+00 ,   316 , 0.30026810E+08 , 0.11043646E+03 , 0.00000000E+00 , 0.00000000E+00 , 
  579 , 0.795299E+09 ,    41 , 0.30101651E+08 , 0.80972305E+02 , 0.00000000E+00 , 0.00000000E+00 ,   316 , 0.30026816E+08 , 0.11041025E+03 , 0.00000000E+00 , 0.00000000E+00 , 
  580 , 0.797027E+09 ,    41 , 0.30101665E+08 , 0.80972162E+02 , 0.00000000E+00 , 0.00000000E+00 ,   316 , 0.30026822E+08 , 0.11038412E+03 , 0.00000000E+00 , 0.00000000E+00 , 
  581 , 0.798755E+09 ,    41 , 0.30101679E+08 , 0.80972019E+02 , 0.00000000E+00 , 0.00000000E+00 ,   316 , 0.30026828E+08 , 0.11035806E+03 , 0.00000000E+00 , 0.00000000E+00 , 
  582 , 0.800483E+09 ,    41 , 0.30101692E+08 , 0.80971876E+02 , 0.00000000E+00 , 0.00000000E+00 ,   316 , 0.30026834E+08 , 0.11033207E+03 , 0.00000000E+00 , 0.00000000E+00 , 
  583 , 0.802211E+09 ,    41 , 0.30101706E+08 , 0.80971734E+02 , 0.00000000E+00 , 0.00000000E+00 ,   316 , 0.30026840E+08 , 0.11030615E+03 , 0.00000000E+00 , 0.00000000E+00 , 
  584 , 0.803939E+09 ,    41 , 0.30101720E+08 , 0.80971592E+02 , 0.00000000E+00 , 0.00000000E+00 ,   316 , 0.30026846E+08 , 0.11028030E+03 , 0.00000000E+00 , 0.00000000E+00 , 
  585 , 0.805667E+09 ,    41 , 0.30101733E+08 , 0.80971451E+02 , 0.00000000E+00 , 0.00000000E+00 ,   316 , 0.30026852E+08 , 0.11025453E+03 , 0.00000000E+00 , 0.00000000E+00 , 
  586 , 0.807395E+09 ,    41 , 0.30101747E+08 , 0.80971310E+02 , 0.00000000E+00 , 0.00000000E+00 ,   316 , 0.30026858E+08 , 0.11022882E+03 , 0.00000000E+00 , 0.00000000E+00 , 
  587 , 0.809123E+09 ,    41 , 0.30101760E+08 , 0.80971169E+02 , 0.00000000E+00 , 0.00000000E+00 ,   316 , 0.30026864E+08 , 0.11020319E+03 , 0.00000000E+00 , 0.00000000E+00 , 
  588 , 0.810851E+09 ,    41 , 0.30101774E+08 , 0.80971029E+02 , 0.00000000E+00 , 0.00000000E+00 ,   316 , 0.30026870E+08 , 0.11017763E+03 , 0.00000000E+00 , 0.00000000E+00 , 
  589 , 0.812579E+09 ,    41 , 0.30101787E+08 , 0.80970890E+02 , 0.00000000E+00 , 0.00000000E+00 ,   316 , 0.30026875E+08 , 0.11015213E+03 , 0.00000000E+00 , 0.00000000E+00 , 
  590 , 0.814307E+09 ,    41 , 0.30101800E+08 , 0.80970751E+02 , 0.00000000E+00 , 0.00000000E+00 ,   316 , 0.30026881E+08 , 0.11012671E+03 , 0.00000000E+00 , 0.00000000E+00 , 
  591 , 0.816035E+09 ,    41 , 0.30101814E+08 , 0.80970612E+02 , 0.00000000E+00 , 0.00000000E+00 ,   316 , 0.30026887E+08 , 0.11010135E+03 , 0.00000000E+00 , 0.00000000E+00 , 
  592 , 0.817763E+09 ,    41 , 0.30101827E+08 , 0.80970474E+02 , 0.00000000E+00 , 0.00000000E+00 ,   316 , 0.30026893E+08 , 0.11007607E+03 , 0.00000000E+00 , 0.00000000E+00 , 
  593 , 0.819491E+09 ,    41 , 0.30101840E+08 , 0.80970336E+02 , 0.00000000E+00 , 0.00000000E+00 ,   316 , 0.30026899E+08 , 0.11005085E+03 , 0.00000000E+00 , 0.00000000E+00 , 
  594 , 0.821219E+09 ,    41 , 0.30101854E+08 , 0.80970199E+02 , 0.00000000E+00 , 0.00000000E+00 ,   316 , 0.30026905E+08 , 0.11002570E+03 , 0.00000000E+00 , 0.00000000E+00 , 
  595 , 0.822947E+09 ,    41 , 0.30101867E+08 , 0.80970062E+02 , 0.00000000E+00 , 0.00000000E+00 ,   316 , 0.30026910E+08 , 0.11000062E+03 , 0.00000000E+00 , 0.00000000E+00 , 
  596 , 0.824675E+09 ,    41 , 0.30101880E+08 , 0.80969925E+02 , 0.00000000E+00 , 0.00000000E+00 ,   316 , 0.30026916E+08 , 0.10997561E+03 , 0.00000000E+00 , 0.00000000E+00 , 
  597 , 0.826403E+09 ,    41 , 0.30101893E+08 , 0.80969789E+02 , 0.00000000E+00 , 0.00000000E+00 ,   316 , 0.30026922E+08 , 0.10995066E+03 , 0.00000000E+00 , 0.00000000E+00 , 
  598 , 0.828131E+09 ,    41 , 0.30101906E+08 , 0.80969654E+02 , 0.00000000E+00 , 0.00000000E+00 ,   316 , 0.30026928E+08 , 0.10992578E+03 , 0.00000000E+00 , 0.00000000E+00 , 
  599 , 0.829859E+09 ,    41 , 0.30101919E+08 , 0.80969518E+02 , 0.00000000E+00 , 0.00000000E+00 ,   316 , 0.30026934E+08 , 0.10990097E+03 , 0.00000000E+00 , 0.00000000E+00 , 
  600 , 0.831587E+09 ,    41 , 0.30101932E+08 , 0.80969384E+02 , 0.00000000E+00 , 0.00000000E+00 ,   316 , 0.30026939E+08 , 0.10987622E+03 , 0.00000000E+00 , 0.00000000E+00 , 
  601 , 0.833315E+09 ,    41 , 0.30101945E+08 , 0.80969249E+02 , 0.00000000E+00 , 0.00000000E+00 ,   316 , 0.30026945E+08 , 0.10985154E+03 , 0.00000000E+00 , 0.00000000E+00 , 
  602 , 0.835043E+09 ,    41 , 0.30101958E+08 , 0.80969115E+02 , 0.00000000E+00 , 0.00000000E+00 ,   316 , 0.30026951E+08 , 0.10982693E+03 , 0.00000000E+00 , 0.00000000E+00 , 
  603 , 0.836771E+09 ,    41 , 0.30101971E+08 , 0.80968982E+02 , 0.00000000E+00 , 0.00000000E+00 ,   316 , 0.30026956E+08 , 0.10980238E+03 , 0.00000000E+00 , 0.00000000E+00 , 
  604 , 0.838499E+09 ,    41 , 0.30101984E+08 , 0.80968849E+02 , 0.00000000E+00 , 0.00000000E+00 ,   316 , 0.30026962E+08 , 0.10977790E+03 , 0.00000000E+00 , 0.00000000E+00 , 
  605 , 0.840227E+09 ,    41 , 0.30101997E+08 , 0.80968716E+02 , 0.00000000E+00 , 0.00000000E+00 ,   316 , 0.30026968E+08 , 0.10975348E+03 , 0.00000000E+00 , 0.00000000E+00 , 
  606 , 0.841955E+09 ,    41 , 0.30102010E+08 , 0.80968584E+02 , 0.00000000E+00 , 0.00000000E+00 ,   316 , 0.30026973E+08 , 0.10972913E+03 , 0.00000000E+00 , 0.00000000E+00 , 
  607 , 0.843683E+09 ,    41 , 0.30102023E+08 , 0.80968452E+02 , 0.00000000E+00 , 0.00000000E+00 ,   316 , 0.30026979E+08 , 0.10970484E+03 , 0.00000000E+00 , 0.00000000E+00 , 
  608 , 0.845411E+09 ,    41 , 0.30102036E+08 , 0.80968320E+02 , 0.00000000E+00 , 0.00000000E+00 ,   316 , 0.30026985E+08 , 0.10968061E+03 , 0.00000000E+00 , 0.00000000E+00 , 
  609 , 0.847139E+09 ,    41 , 0.30102049E+08 , 0.80968189E+02 , 0.00000000E+00 , 0.00000000E+00 ,   316 , 0.30026990E+08 , 0.10965645E+03 , 0.00000000E+00 , 0.00000000E+00 , 
  610 , 0.848867E+09 ,    41 , 0.30102061E+08 , 0.80968059E+02 , 0.00000000E+00 , 0.00000000E+00 ,   316 , 0.30026996E+08 , 0.10963235E+03 , 0.00000000E+00 , 0.00000000E+00 , 
  611 , 0.850595E+09 ,    41 , 0.30102074E+08 , 0.80967928E+02 , 0.00000000E+00 , 0.00000000E+00 ,   316 , 0.30027002E+08 , 0.10960831E+03 , 0.00000000E+00 , 0.00000000E+00 , 
  612 , 0.852323E+09 ,    41 , 0.30102087E+08 , 0.80967798E+02 , 0.00000000E+00 , 0.00000000E+00 ,   316 , 0.30027007E+08 , 0.10958434E+03 , 0.00000000E+00 , 0.00000000E+00 , 
  613 , 0.854051E+09 ,    41 , 0.30102099E+08 , 0.80967669E+02 , 0.00000000E+00 , 0.00000000E+00 ,   316 , 0.30027013E+08 , 0.10956043E+03 , 0.00000000E+00 , 0.00000000E+00 , 
  614 , 0.855779E+09 ,    41 , 0.30102112E+08 , 0.80967540E+02 , 0.00000000E+00 , 0.00000000E+00 ,   316 , 0.30027018E+08 , 0.10953659E+03 , 0.00000000E+00 , 0.00000000E+00 , 
  615 , 0.857507E+09 ,    41 , 0.30102125E+08 , 0.80967411E+02 , 0.00000000E+00 , 0.00000000E+00 ,   316 , 0.30027024E+08 , 0.10951280E+03 , 0.00000000E+00 , 0.00000000E+00 , 
  616 , 0.859235E+09 ,    41 , 0.30102137E+08 , 0.80967283E+02 , 0.00000000E+00 , 0.00000000E+00 ,   316 , 0.30027029E+08 , 0.10948908E+03 , 0.00000000E+00 , 0.00000000E+00 , 
  617 , 0.860963E+09 ,    41 , 0.30102150E+08 , 0.80967155E+02 , 0.00000000E+00 , 0.00000000E+00 ,   316 , 0.30027035E+08 , 0.10946541E+03 , 0.00000000E+00 , 0.00000000E+00 , 
  618 , 0.862691E+09 ,    41 , 0.30102162E+08 , 0.80967027E+02 , 0.00000000E+00 , 0.00000000E+00 ,   316 , 0.30027040E+08 , 0.10944181E+03 , 0.00000000E+00 , 0.00000000E+00 , 
  619 , 0.864000E+09 ,    41 , 0.30102172E+08 , 0.80966931E+02 , 0.00000000E+00 , 0.00000000E+00 ,   316 , 0.30027045E+08 , 0.10942397E+03 , 0.00000000E+00 , 0.00000000E+00 , 
