INCON -- INITIAL CONDITIONS FOR  362 ELEMENTS AT TIME  0.864000E+09
000 1           0.10000000E+01 0.83300000E-07 0.83300000E-07 0.83300000E-07
 0.3007209895002E+08 0.1314645279449E+03
000 2           0.10000000E+01 0.83300000E-07 0.83300000E-07 0.83300000E-07
 0.3007268052647E+08 0.1148920226773E+03
000 3           0.10000000E+01 0.83300000E-07 0.83300000E-07 0.83300000E-07
 0.3007512618402E+08 0.1051138678711E+03
000 4           0.10000000E+01 0.83300000E-07 0.83300000E-07 0.83300000E-07
 0.3007812108651E+08 0.9955668567644E+02
000 5           0.10000000E+01 0.83300000E-07 0.83300000E-07 0.83300000E-07
 0.3007996998709E+08 0.1002951518321E+03
000 6           0.10000000E+01 0.83300000E-07 0.83300000E-07 0.83300000E-07
 0.3007889427458E+08 0.1038746507551E+03
000 7           0.10000000E+01 0.83300000E-07 0.83300000E-07 0.83300000E-07
 0.3007500951677E+08 0.1051777712551E+03
000 8           0.10000000E+01 0.83300000E-07 0.83300000E-07 0.83300000E-07
 0.3007241367489E+08 0.1161387850954E+03
000 9           0.10000000E+01 0.83300000E-07 0.83300000E-07 0.83300000E-07
 0.3007200307450E+08 0.1332617580429E+03
00010           0.10000000E+01 0.83300000E-07 0.83300000E-07 0.83300000E-07
 0.3007819279579E+08 0.9381660584686E+02
00011           0.10000000E+01 0.83300000E-07 0.83300000E-07 0.83300000E-07
 0.3007904195692E+08 0.9391072334341E+02
00012           0.10000000E+01 0.83300000E-07 0.83300000E-07 0.83300000E-07
 0.3008036178825E+08 0.9041301340396E+02
00013           0.10000000E+01 0.83300000E-07 0.83300000E-07 0.83300000E-07
 0.3007221001428E+08 0.1161829873848E+03
00014           0.10000000E+01 0.83300000E-07 0.83300000E-07 0.83300000E-07
 0.3007244377928E+08 0.1148536777856E+03
00015           0.10000000E+01 0.83300000E-07 0.83300000E-07 0.83300000E-07
 0.3007505090277E+08 0.9969990122055E+02
00016           0.10000000E+01 0.83300000E-07 0.83300000E-07 0.83300000E-07
 0.3007593019577E+08 0.9537868423051E+02
00017           0.10000000E+01 0.83300000E-07 0.83300000E-07 0.83300000E-07
 0.3007365546817E+08 0.1038014483832E+03
00018           0.10000000E+01 0.83300000E-07 0.83300000E-07 0.83300000E-07
 0.3008183498309E+08 0.8548420422240E+02
00019           0.10000000E+01 0.83300000E-07 0.83300000E-07 0.83300000E-07
 0.3007930655411E+08 0.8723307039726E+02
00020           0.10000000E+01 0.83300000E-07 0.83300000E-07 0.83300000E-07
 0.3008014308528E+08 0.8593390203251E+02
00021           0.10000000E+01 0.83300000E-07 0.83300000E-07 0.83300000E-07
 0.3007108980266E+08 0.1293743454254E+03
00022           0.10000000E+01 0.83300000E-07 0.83300000E-07 0.83300000E-07
 0.3007759276247E+08 0.8810437697038E+02
00023           0.10000000E+01 0.83300000E-07 0.83300000E-07 0.83300000E-07
 0.3007547413767E+08 0.9010452474200E+02
00024           0.10000000E+01 0.83300000E-07 0.83300000E-07 0.83300000E-07
 0.3007092007516E+08 0.1328153797776E+03
00025           0.10000000E+01 0.83300000E-07 0.83300000E-07 0.83300000E-07
 0.3008378760546E+08 0.8321201370566E+02
00026           0.10000000E+01 0.83300000E-07 0.83300000E-07 0.83300000E-07
 0.3007260648371E+08 0.9949014696971E+02
00027           0.10000000E+01 0.83300000E-07 0.83300000E-07 0.83300000E-07
 0.3007174544191E+08 0.1052705864276E+03
00028           0.10000000E+01 0.83300000E-07 0.83300000E-07 0.83300000E-07
 0.3007076021919E+08 0.1187104263113E+03
00029           0.10000000E+01 0.83300000E-07 0.83300000E-07 0.83300000E-07
 0.3007089644710E+08 0.1149334981962E+03
00030           0.10000000E+01 0.83300000E-07 0.83300000E-07 0.83300000E-07
 0.3008448031239E+08 0.8242895516201E+02
00031           0.10000000E+01 0.83300000E-07 0.83300000E-07 0.83300000E-07
 0.3007378862939E+08 0.9323421546556E+02
00032           0.10000000E+01 0.83300000E-07 0.83300000E-07 0.83300000E-07
 0.3008443478459E+08 0.8224150052765E+02
00033           0.10000000E+01 0.83300000E-07 0.83300000E-07 0.83300000E-07
 0.3007773962166E+08 0.8531852557010E+02
00034           0.10000000E+01 0.83300000E-07 0.83300000E-07 0.83300000E-07
 0.3007983825383E+08 0.8367626335706E+02
00035           0.10000000E+01 0.83300000E-07 0.83300000E-07 0.83300000E-07
 0.3008205586800E+08 0.8288757379809E+02
00036           0.10000000E+01 0.83300000E-07 0.83300000E-07 0.83300000E-07
 0.3007560185961E+08 0.8597347018386E+02
00037           0.10000000E+01 0.83300000E-07 0.83300000E-07 0.83300000E-07
 0.3006989179502E+08 0.1096194331130E+03
00038           0.10000000E+01 0.83300000E-07 0.83300000E-07 0.83300000E-07
 0.3007364705546E+08 0.8864541951312E+02
00039           0.10000000E+01 0.83300000E-07 0.83300000E-07 0.83300000E-07
 0.3006912774216E+08 0.1256284511757E+03
00040           0.10000000E+01 0.83300000E-07 0.83300000E-07 0.83300000E-07
 0.3008685493087E+08 0.8148808215005E+02
00041           0.10000000E+01 0.83300000E-07 0.83300000E-07 0.83300000E-07
 0.3010217187649E+08 0.8096693065083E+02
00042           0.10000000E+01 0.83300000E-07 0.83300000E-07 0.83300000E-07
 0.3008609790600E+08 0.8159250445450E+02
00043           0.10000000E+01 0.83300000E-07 0.83300000E-07 0.83300000E-07
 0.3007047078688E+08 0.9882489848147E+02
00044           0.10000000E+01 0.83300000E-07 0.83300000E-07 0.83300000E-07
 0.3007090974978E+08 0.9458511017044E+02
00045           0.10000000E+01 0.83300000E-07 0.83300000E-07 0.83300000E-07
 0.3006903609164E+08 0.1133214227181E+03
00046           0.10000000E+01 0.83300000E-07 0.83300000E-07 0.83300000E-07
 0.3007924649098E+08 0.8264851890914E+02
00047           0.10000000E+01 0.83300000E-07 0.83300000E-07 0.83300000E-07
 0.3006831955256E+08 0.1231772890093E+03
00048           0.10000000E+01 0.83300000E-07 0.83300000E-07 0.83300000E-07
 0.3007193728328E+08 0.8886639983868E+02
00049           0.10000000E+01 0.83300000E-07 0.83300000E-07 0.83300000E-07
 0.3008747324066E+08 0.8134000230005E+02
00050           0.10000000E+01 0.83300000E-07 0.83300000E-07 0.83300000E-07
 0.3007651797926E+08 0.8352625828911E+02
00051           0.10000000E+01 0.83300000E-07 0.83300000E-07 0.83300000E-07
 0.3007391504308E+08 0.8430355331176E+02
00052           0.10000000E+01 0.83300000E-07 0.83300000E-07 0.83300000E-07
 0.3006745209980E+08 0.1109783506785E+03
00053           0.10000000E+01 0.83300000E-07 0.83300000E-07 0.83300000E-07
 0.3006710326329E+08 0.1250192432299E+03
00054           0.10000000E+01 0.83300000E-07 0.83300000E-07 0.83300000E-07
 0.3006719215699E+08 0.1207692179810E+03
00055           0.10000000E+01 0.83300000E-07 0.83300000E-07 0.83300000E-07
 0.3006776072760E+08 0.1035383361945E+03
00056           0.10000000E+01 0.83300000E-07 0.83300000E-07 0.83300000E-07
 0.3007838031780E+08 0.8224805713064E+02
00057           0.10000000E+01 0.83300000E-07 0.83300000E-07 0.83300000E-07
 0.3007077552137E+08 0.8765613869039E+02
00058           0.10000000E+01 0.83300000E-07 0.83300000E-07 0.83300000E-07
 0.3006671685384E+08 0.1261557992477E+03
00059           0.10000000E+01 0.83300000E-07 0.83300000E-07 0.83300000E-07
 0.3007756938766E+08 0.8218778106849E+02
00060           0.10000000E+01 0.83300000E-07 0.83300000E-07 0.83300000E-07
 0.3006714720219E+08 0.1038015115143E+03
00061           0.10000000E+01 0.83300000E-07 0.83300000E-07 0.83300000E-07
 0.3006756496340E+08 0.9916813964129E+02
00062           0.10000000E+01 0.83300000E-07 0.83300000E-07 0.83300000E-07
 0.3006835800425E+08 0.9281863320172E+02
00063           0.10000000E+01 0.83300000E-07 0.83300000E-07 0.83300000E-07
 0.3007247028325E+08 0.8430275598639E+02
00064           0.10000000E+01 0.83300000E-07 0.83300000E-07 0.83300000E-07
 0.3006626913794E+08 0.1172290433271E+03
00065           0.10000000E+01 0.83300000E-07 0.83300000E-07 0.83300000E-07
 0.3006963024532E+08 0.8677060177683E+02
00066           0.10000000E+01 0.83300000E-07 0.83300000E-07 0.83300000E-07
 0.3006735748825E+08 0.9152287161152E+02
00067           0.10000000E+01 0.83300000E-07 0.83300000E-07 0.83300000E-07
 0.3007084691275E+08 0.8395316601402E+02
00068           0.10000000E+01 0.83300000E-07 0.83300000E-07 0.83300000E-07
 0.3007216512411E+08 0.8324412270404E+02
00069           0.10000000E+01 0.83300000E-07 0.83300000E-07 0.83300000E-07
 0.3006505321595E+08 0.1156566682591E+03
00070           0.10000000E+01 0.83300000E-07 0.83300000E-07 0.83300000E-07
 0.3007043578868E+08 0.8379172051071E+02
00071           0.10000000E+01 0.83300000E-07 0.83300000E-07 0.83300000E-07
 0.3006459015304E+08 0.1241408260408E+03
00072           0.10000000E+01 0.83300000E-07 0.83300000E-07 0.83300000E-07
 0.3006743887056E+08 0.8756231973866E+02
00073           0.10000000E+01 0.83300000E-07 0.83300000E-07 0.83300000E-07
 0.3006454770684E+08 0.1124501866618E+03
00074           0.10000000E+01 0.83300000E-07 0.83300000E-07 0.83300000E-07
 0.3006454712092E+08 0.1049218216069E+03
00075           0.10000000E+01 0.83300000E-07 0.83300000E-07 0.83300000E-07
 0.3006577328776E+08 0.9063638886613E+02
00076           0.10000000E+01 0.83300000E-07 0.83300000E-07 0.83300000E-07
 0.3006736722251E+08 0.8556059699973E+02
00077           0.10000000E+01 0.83300000E-07 0.83300000E-07 0.83300000E-07
 0.3006547643477E+08 0.9087046995201E+02
00078           0.10000000E+01 0.83300000E-07 0.83300000E-07 0.83300000E-07
 0.3006639173629E+08 0.8709327080820E+02
00079           0.10000000E+01 0.83300000E-07 0.83300000E-07 0.83300000E-07
 0.3006457941841E+08 0.9867513401594E+02
00080           0.10000000E+01 0.83300000E-07 0.83300000E-07 0.83300000E-07
 0.3006384624559E+08 0.1257550971385E+03
00081           0.10000000E+01 0.83300000E-07 0.83300000E-07 0.83300000E-07
 0.3006360556828E+08 0.1186285926262E+03
00082           0.10000000E+01 0.83300000E-07 0.83300000E-07 0.83300000E-07
 0.3006638963864E+08 0.8489499228331E+02
00083           0.10000000E+01 0.83300000E-07 0.83300000E-07 0.83300000E-07
 0.3006326214264E+08 0.1255395990643E+03
00084           0.10000000E+01 0.83300000E-07 0.83300000E-07 0.83300000E-07
 0.3006328559592E+08 0.1196023973805E+03
00085           0.10000000E+01 0.83300000E-07 0.83300000E-07 0.83300000E-07
 0.3006351227088E+08 0.1068826853688E+03
00086           0.10000000E+01 0.83300000E-07 0.83300000E-07 0.83300000E-07
 0.3006600309673E+08 0.8445359179159E+02
00087           0.10000000E+01 0.83300000E-07 0.83300000E-07 0.83300000E-07
 0.3006519330090E+08 0.8601181128367E+02
00088           0.10000000E+01 0.83300000E-07 0.83300000E-07 0.83300000E-07
 0.3006344106349E+08 0.9617989202160E+02
00089           0.10000000E+01 0.83300000E-07 0.83300000E-07 0.83300000E-07
 0.3006514424471E+08 0.8469594902621E+02
00090           0.10000000E+01 0.83300000E-07 0.83300000E-07 0.83300000E-07
 0.3006305547744E+08 0.9377465789887E+02
00091           0.10000000E+01 0.83300000E-07 0.83300000E-07 0.83300000E-07
 0.3006139291266E+08 0.1282305118406E+03
00092           0.10000000E+01 0.83300000E-07 0.83300000E-07 0.83300000E-07
 0.3006139665073E+08 0.1237949388839E+03
00093           0.10000000E+01 0.83300000E-07 0.83300000E-07 0.83300000E-07
 0.3006141803261E+08 0.1134460596104E+03
00094           0.10000000E+01 0.83300000E-07 0.83300000E-07 0.83300000E-07
 0.3006147270719E+08 0.1015185843916E+03
00095           0.10000000E+01 0.83300000E-07 0.83300000E-07 0.83300000E-07
 0.3006149338547E+08 0.9706895451977E+02
00096           0.10000000E+01 0.83300000E-07 0.83300000E-07 0.83300000E-07
 0.3006154596824E+08 0.9118018008331E+02
00097           0.10000000E+01 0.83300000E-07 0.83300000E-07 0.83300000E-07
 0.3006164211797E+08 0.8697488114309E+02
00098           0.10000000E+01 0.83300000E-07 0.83300000E-07 0.83300000E-07
 0.3006169293079E+08 0.8553432575077E+02
00099           0.10000000E+01 0.83300000E-07 0.83300000E-07 0.83300000E-07
 0.3006174704828E+08 0.8460726576976E+02
001 0           0.10000000E+01 0.83300000E-07 0.83300000E-07 0.83300000E-07
 0.3006176372477E+08 0.8465007385609E+02
001 1           0.10000000E+01 0.83300000E-07 0.83300000E-07 0.83300000E-07
 0.3006176187292E+08 0.8467382800177E+02
001 2           0.10000000E+01 0.83300000E-07 0.83300000E-07 0.83300000E-07
 0.3006171146818E+08 0.8585900321887E+02
001 3           0.10000000E+01 0.83300000E-07 0.83300000E-07 0.83300000E-07
 0.3006168281072E+08 0.8672800523876E+02
001 4           0.10000000E+01 0.83300000E-07 0.83300000E-07 0.83300000E-07
 0.3006158576649E+08 0.9159497878990E+02
001 5           0.10000000E+01 0.83300000E-07 0.83300000E-07 0.83300000E-07
 0.3006151642444E+08 0.9551176743248E+02
001 6           0.10000000E+01 0.83300000E-07 0.83300000E-07 0.83300000E-07
 0.3006145750648E+08 0.1078496879017E+03
001 7           0.10000000E+01 0.83300000E-07 0.83300000E-07 0.83300000E-07
 0.3006144334289E+08 0.1119171913780E+03
001 8           0.10000000E+01 0.83300000E-07 0.83300000E-07 0.83300000E-07
 0.3006141220958E+08 0.1226638456955E+03
001 9           0.10000000E+01 0.83300000E-07 0.83300000E-07 0.83300000E-07
 0.3006140163569E+08 0.1277124274727E+03
00110           0.10000000E+01 0.83300000E-07 0.83300000E-07 0.83300000E-07
 0.3006164295739E+08 0.1390160017953E+03
00111           0.10000000E+01 0.83300000E-07 0.83300000E-07 0.83300000E-07
 0.3006143716545E+08 0.1933901897950E+03
00112           0.10000000E+01 0.83300000E-07 0.83300000E-07 0.83300000E-07
 0.3006167107533E+08 0.1304072993430E+03
00113           0.10000000E+01 0.83300000E-07 0.83300000E-07 0.83300000E-07
 0.3006142679704E+08 0.1932668640689E+03
00114           0.10000000E+01 0.83300000E-07 0.83300000E-07 0.83300000E-07
 0.3006167964866E+08 0.1318278582470E+03
00115           0.10000000E+01 0.83300000E-07 0.83300000E-07 0.83300000E-07
 0.3006160187244E+08 0.1461163867048E+03
00116           0.10000000E+01 0.83300000E-07 0.83300000E-07 0.83300000E-07
 0.3006145760114E+08 0.1931444674536E+03
00117           0.10000000E+01 0.83300000E-07 0.83300000E-07 0.83300000E-07
 0.3006145469642E+08 0.1919700942564E+03
00118           0.10000000E+01 0.83300000E-07 0.83300000E-07 0.83300000E-07
 0.3006158702148E+08 0.1564313751503E+03
00119           0.10000000E+01 0.83300000E-07 0.83300000E-07 0.83300000E-07
 0.3006154104936E+08 0.1789630073044E+03
00120           0.10000000E+01 0.83300000E-07 0.83300000E-07 0.83300000E-07
 0.3006144641604E+08 0.1934966345765E+03
00121           0.10000000E+01 0.83300000E-07 0.83300000E-07 0.83300000E-07
 0.3006152172655E+08 0.1822963299616E+03
00122           0.10000000E+01 0.83300000E-07 0.83300000E-07 0.83300000E-07
 0.3006165109386E+08 0.1408098290689E+03
00123           0.10000000E+01 0.83300000E-07 0.83300000E-07 0.83300000E-07
 0.3006162662628E+08 0.1501306110027E+03
00124           0.10000000E+01 0.83300000E-07 0.83300000E-07 0.83300000E-07
 0.3006150501285E+08 0.1893058317517E+03
00125           0.10000000E+01 0.83300000E-07 0.83300000E-07 0.83300000E-07
 0.3006148554530E+08 0.1923465948912E+03
00126           0.10000000E+01 0.83300000E-07 0.83300000E-07 0.83300000E-07
 0.3006148767413E+08 0.1922687302612E+03
00127           0.10000000E+01 0.83300000E-07 0.83300000E-07 0.83300000E-07
 0.3006156390101E+08 0.1755079330328E+03
00128           0.10000000E+01 0.83300000E-07 0.83300000E-07 0.83300000E-07
 0.3006145406048E+08 0.1934989661725E+03
00129           0.10000000E+01 0.83300000E-07 0.83300000E-07 0.83300000E-07
 0.3006146451706E+08 0.1934931736449E+03
00130           0.10000000E+01 0.83300000E-07 0.83300000E-07 0.83300000E-07
 0.3006161940746E+08 0.1661288468763E+03
00131           0.10000000E+01 0.83300000E-07 0.83300000E-07 0.83300000E-07
 0.3006155141790E+08 0.1878107902775E+03
00132           0.10000000E+01 0.83300000E-07 0.83300000E-07 0.83300000E-07
 0.3006148022818E+08 0.1934747802862E+03
00133           0.10000000E+01 0.83300000E-07 0.83300000E-07 0.83300000E-07
 0.3006159808595E+08 0.1780370856707E+03
00134           0.10000000E+01 0.83300000E-07 0.83300000E-07 0.83300000E-07
 0.3006162027644E+08 0.1702205146216E+03
00135           0.10000000E+01 0.83300000E-07 0.83300000E-07 0.83300000E-07
 0.3006152027871E+08 0.1924838991966E+03
00136           0.10000000E+01 0.83300000E-07 0.83300000E-07 0.83300000E-07
 0.3006147743667E+08 0.1934988841506E+03
00137           0.10000000E+01 0.83300000E-07 0.83300000E-07 0.83300000E-07
 0.3006158718945E+08 0.1821219805149E+03
00138           0.10000000E+01 0.83300000E-07 0.83300000E-07 0.83300000E-07
 0.3006160352608E+08 0.1808616249705E+03
00139           0.10000000E+01 0.83300000E-07 0.83300000E-07 0.83300000E-07
 0.3006161192972E+08 0.1833140690977E+03
00140           0.10000000E+01 0.83300000E-07 0.83300000E-07 0.83300000E-07
 0.3006156954193E+08 0.1875558045841E+03
00141           0.10000000E+01 0.83300000E-07 0.83300000E-07 0.83300000E-07
 0.3006151923055E+08 0.1923088982757E+03
00142           0.10000000E+01 0.83300000E-07 0.83300000E-07 0.83300000E-07
 0.3006154682062E+08 0.1897884952187E+03
00143           0.10000000E+01 0.83300000E-07 0.83300000E-07 0.83300000E-07
 0.3006148873199E+08 0.1934636270052E+03
00144           0.10000000E+01 0.83300000E-07 0.83300000E-07 0.83300000E-07
 0.3006151309517E+08 0.1933449548195E+03
00145           0.10000000E+01 0.83300000E-07 0.83300000E-07 0.83300000E-07
 0.3006150179104E+08 0.1933155503255E+03
00146           0.10000000E+01 0.83300000E-07 0.83300000E-07 0.83300000E-07
 0.3006150206610E+08 0.1934768587591E+03
00147           0.10000000E+01 0.83300000E-07 0.83300000E-07 0.83300000E-07
 0.3006153233742E+08 0.1929704104256E+03
00148           0.10000000E+01 0.83300000E-07 0.83300000E-07 0.83300000E-07
 0.3006150178214E+08 0.1934999482902E+03
00149           0.10000000E+01 0.83300000E-07 0.83300000E-07 0.83300000E-07
 0.3006150578188E+08 0.1934990937682E+03
00150           0.10000000E+01 0.83300000E-07 0.83300000E-07 0.83300000E-07
 0.3006149614915E+08 0.1934997859679E+03
00151           0.10000000E+01 0.83300000E-07 0.83300000E-07 0.83300000E-07
 0.3006156234945E+08 0.1919416879579E+03
00152           0.10000000E+01 0.83300000E-07 0.83300000E-07 0.83300000E-07
 0.3006152477805E+08 0.1934453823746E+03
00153           0.10000000E+01 0.83300000E-07 0.83300000E-07 0.83300000E-07
 0.3006157958077E+08 0.1909395873070E+03
00154           0.10000000E+01 0.83300000E-07 0.83300000E-07 0.83300000E-07
 0.3006158336050E+08 0.1909632847579E+03
00155           0.10000000E+01 0.83300000E-07 0.83300000E-07 0.83300000E-07
 0.3006149825016E+08 0.1934999997355E+03
00156           0.10000000E+01 0.83300000E-07 0.83300000E-07 0.83300000E-07
 0.3006157485313E+08 0.1917871341796E+03
00157           0.10000000E+01 0.83300000E-07 0.83300000E-07 0.83300000E-07
 0.3006154725111E+08 0.1930273321051E+03
00158           0.10000000E+01 0.83300000E-07 0.83300000E-07 0.83300000E-07
 0.3006152545118E+08 0.1934676738294E+03
00159           0.10000000E+01 0.83300000E-07 0.83300000E-07 0.83300000E-07
 0.3006156269907E+08 0.1928062854119E+03
00160           0.10000000E+01 0.83300000E-07 0.83300000E-07 0.83300000E-07
 0.3006154554086E+08 0.1933249184110E+03
00161           0.10000000E+01 0.83300000E-07 0.83300000E-07 0.83300000E-07
 0.3006151678361E+08 0.1934968670859E+03
00162           0.10000000E+01 0.83300000E-07 0.83300000E-07 0.83300000E-07
 0.3006152417615E+08 0.1934993165188E+03
00163           0.10000000E+01 0.83300000E-07 0.83300000E-07 0.83300000E-07
 0.3006151918427E+08 0.1934999694263E+03
00164           0.10000000E+01 0.83300000E-07 0.83300000E-07 0.83300000E-07
 0.3006151764509E+08 0.1934999988593E+03
00165           0.10000000E+01 0.83300000E-07 0.83300000E-07 0.83300000E-07
 0.3006153444201E+08 0.1934726444175E+03
00166           0.10000000E+01 0.83300000E-07 0.83300000E-07 0.83300000E-07
 0.3006155815641E+08 0.1933566239573E+03
00167           0.10000000E+01 0.83300000E-07 0.83300000E-07 0.83300000E-07
 0.3006156892485E+08 0.1932186238443E+03
00168           0.10000000E+01 0.83300000E-07 0.83300000E-07 0.83300000E-07
 0.3006153630452E+08 0.1934938895551E+03
00169           0.10000000E+01 0.83300000E-07 0.83300000E-07 0.83300000E-07
 0.3006151681603E+08 0.1934999859546E+03
00170           0.10000000E+01 0.83300000E-07 0.83300000E-07 0.83300000E-07
 0.3006156027595E+08 0.1934058138248E+03
00171           0.10000000E+01 0.83300000E-07 0.83300000E-07 0.83300000E-07
 0.3006154695335E+08 0.1934905412120E+03
00172           0.10000000E+01 0.83300000E-07 0.83300000E-07 0.83300000E-07
 0.3006156249473E+08 0.1934028903798E+03
00173           0.10000000E+01 0.83300000E-07 0.83300000E-07 0.83300000E-07
 0.3006152491048E+08 0.1934999982605E+03
00174           0.10000000E+01 0.83300000E-07 0.83300000E-07 0.83300000E-07
 0.3006153023963E+08 0.1934998566722E+03
00175           0.10000000E+01 0.83300000E-07 0.83300000E-07 0.83300000E-07
 0.3006151839951E+08 0.1934999997022E+03
00176           0.10000000E+01 0.83300000E-07 0.83300000E-07 0.83300000E-07
 0.3006154671334E+08 0.1934819014859E+03
00177           0.10000000E+01 0.83300000E-07 0.83300000E-07 0.83300000E-07
 0.3006153147037E+08 0.1934992952978E+03
00178           0.10000000E+01 0.83300000E-07 0.83300000E-07 0.83300000E-07
 0.3006154141281E+08 0.1934997277689E+03
00179           0.10000000E+01 0.83300000E-07 0.83300000E-07 0.83300000E-07
 0.3006155908255E+08 0.1934909110490E+03
00180           0.10000000E+01 0.83300000E-07 0.83300000E-07 0.83300000E-07
 0.3006155129748E+08 0.1934965356466E+03
00181           0.10000000E+01 0.83300000E-07 0.83300000E-07 0.83300000E-07
 0.3006153217408E+08 0.1934999999050E+03
00182           0.10000000E+01 0.83300000E-07 0.83300000E-07 0.83300000E-07
 0.3006152572214E+08 0.1934999837111E+03
00183           0.10000000E+01 0.83300000E-07 0.83300000E-07 0.83300000E-07
 0.3006155307628E+08 0.1934974849618E+03
00184           0.10000000E+01 0.83300000E-07 0.83300000E-07 0.83300000E-07
 0.3006155525755E+08 0.1934979618324E+03
00185           0.10000000E+01 0.83300000E-07 0.83300000E-07 0.83300000E-07
 0.3006153722734E+08 0.1934999923404E+03
00186           0.10000000E+01 0.83300000E-07 0.83300000E-07 0.83300000E-07
 0.3006153958556E+08 0.1934996226748E+03
00187           0.10000000E+01 0.83300000E-07 0.83300000E-07 0.83300000E-07
 0.3006152548662E+08 0.1935000000091E+03
00188           0.10000000E+01 0.83300000E-07 0.83300000E-07 0.83300000E-07
 0.3006152765558E+08 0.1934999954590E+03
00189           0.10000000E+01 0.83300000E-07 0.83300000E-07 0.83300000E-07
 0.3006153962696E+08 0.1934999991720E+03
00190           0.10000000E+01 0.83300000E-07 0.83300000E-07 0.83300000E-07
 0.3006155169566E+08 0.1934999578049E+03
00191           0.10000000E+01 0.83300000E-07 0.83300000E-07 0.83300000E-07
 0.3006155562828E+08 0.1934998259488E+03
00192           0.10000000E+01 0.83300000E-07 0.83300000E-07 0.83300000E-07
 0.3006155432265E+08 0.1934999670727E+03
00193           0.10000000E+01 0.83300000E-07 0.83300000E-07 0.83300000E-07
 0.3006154476287E+08 0.1934999207548E+03
00194           0.10000000E+01 0.83300000E-07 0.83300000E-07 0.83300000E-07
 0.3006153751565E+08 0.1934999982748E+03
00195           0.10000000E+01 0.83300000E-07 0.83300000E-07 0.83300000E-07
 0.3006153273871E+08 0.1935000000597E+03
00196           0.10000000E+01 0.83300000E-07 0.83300000E-07 0.83300000E-07
 0.3006152432927E+08 0.1935000000239E+03
00197           0.10000000E+01 0.83300000E-07 0.83300000E-07 0.83300000E-07
 0.3006152786660E+08 0.1934999991895E+03
00198           0.10000000E+01 0.83300000E-07 0.83300000E-07 0.83300000E-07
 0.3006154900028E+08 0.1934999706096E+03
00199           0.10000000E+01 0.83300000E-07 0.83300000E-07 0.83300000E-07
 0.3006155581142E+08 0.1934999880146E+03
002 0           0.10000000E+01 0.83300000E-07 0.83300000E-07 0.83300000E-07
 0.3006155363690E+08 0.1934999640454E+03
002 1           0.10000000E+01 0.83300000E-07 0.83300000E-07 0.83300000E-07
 0.3006153517053E+08 0.1934999995605E+03
002 2           0.10000000E+01 0.83300000E-07 0.83300000E-07 0.83300000E-07
 0.3006153226926E+08 0.1935000000492E+03
002 3           0.10000000E+01 0.83300000E-07 0.83300000E-07 0.83300000E-07
 0.3006153722727E+08 0.1934999992965E+03
002 4           0.10000000E+01 0.83300000E-07 0.83300000E-07 0.83300000E-07
 0.3006154384377E+08 0.1934999993672E+03
002 5           0.10000000E+01 0.83300000E-07 0.83300000E-07 0.83300000E-07
 0.3006153712730E+08 0.1934999382126E+03
002 6           0.10000000E+01 0.83300000E-07 0.83300000E-07 0.83300000E-07
 0.3006154381606E+08 0.1934999585810E+03
002 7           0.10000000E+01 0.83300000E-07 0.83300000E-07 0.83300000E-07
 0.3006154993602E+08 0.1934978830878E+03
002 8           0.10000000E+01 0.83300000E-07 0.83300000E-07 0.83300000E-07
 0.3006155506335E+08 0.1934978445686E+03
002 9           0.10000000E+01 0.83300000E-07 0.83300000E-07 0.83300000E-07
 0.3006155737276E+08 0.1934991533285E+03
00210           0.10000000E+01 0.83300000E-07 0.83300000E-07 0.83300000E-07
 0.3006152536301E+08 0.1934999807600E+03
00211           0.10000000E+01 0.83300000E-07 0.83300000E-07 0.83300000E-07
 0.3006153246333E+08 0.1934999660805E+03
00212           0.10000000E+01 0.83300000E-07 0.83300000E-07 0.83300000E-07
 0.3006153873444E+08 0.1934974044050E+03
00213           0.10000000E+01 0.83300000E-07 0.83300000E-07 0.83300000E-07
 0.3006151878014E+08 0.1934999995869E+03
00214           0.10000000E+01 0.83300000E-07 0.83300000E-07 0.83300000E-07
 0.3006152721205E+08 0.1934999991463E+03
00215           0.10000000E+01 0.83300000E-07 0.83300000E-07 0.83300000E-07
 0.3006154351518E+08 0.1934980399788E+03
00216           0.10000000E+01 0.83300000E-07 0.83300000E-07 0.83300000E-07
 0.3006156229354E+08 0.1934773015204E+03
00217           0.10000000E+01 0.83300000E-07 0.83300000E-07 0.83300000E-07
 0.3006155613016E+08 0.1934233324305E+03
00218           0.10000000E+01 0.83300000E-07 0.83300000E-07 0.83300000E-07
 0.3006155443134E+08 0.1934623085217E+03
00219           0.10000000E+01 0.83300000E-07 0.83300000E-07 0.83300000E-07
 0.3006156425144E+08 0.1933916509833E+03
00220           0.10000000E+01 0.83300000E-07 0.83300000E-07 0.83300000E-07
 0.3006152548094E+08 0.1934966825343E+03
00221           0.10000000E+01 0.83300000E-07 0.83300000E-07 0.83300000E-07
 0.3006151287565E+08 0.1934998743293E+03
00222           0.10000000E+01 0.83300000E-07 0.83300000E-07 0.83300000E-07
 0.3006157071257E+08 0.1931225945867E+03
00223           0.10000000E+01 0.83300000E-07 0.83300000E-07 0.83300000E-07
 0.3006154149324E+08 0.1934019153971E+03
00224           0.10000000E+01 0.83300000E-07 0.83300000E-07 0.83300000E-07
 0.3006153002275E+08 0.1934934454636E+03
00225           0.10000000E+01 0.83300000E-07 0.83300000E-07 0.83300000E-07
 0.3006151839613E+08 0.1934996185497E+03
00226           0.10000000E+01 0.83300000E-07 0.83300000E-07 0.83300000E-07
 0.3006154502872E+08 0.1933777353064E+03
00227           0.10000000E+01 0.83300000E-07 0.83300000E-07 0.83300000E-07
 0.3006150359073E+08 0.1934999776615E+03
00228           0.10000000E+01 0.83300000E-07 0.83300000E-07 0.83300000E-07
 0.3006151370702E+08 0.1934999768171E+03
00229           0.10000000E+01 0.83300000E-07 0.83300000E-07 0.83300000E-07
 0.3006156569660E+08 0.1926437137753E+03
00230           0.10000000E+01 0.83300000E-07 0.83300000E-07 0.83300000E-07
 0.3006157939506E+08 0.1920032987194E+03
00231           0.10000000E+01 0.83300000E-07 0.83300000E-07 0.83300000E-07
 0.3006155712913E+08 0.1923733637287E+03
00232           0.10000000E+01 0.83300000E-07 0.83300000E-07 0.83300000E-07
 0.3006152372080E+08 0.1933291147885E+03
00233           0.10000000E+01 0.83300000E-07 0.83300000E-07 0.83300000E-07
 0.3006157494756E+08 0.1915376431064E+03
00234           0.10000000E+01 0.83300000E-07 0.83300000E-07 0.83300000E-07
 0.3006150734704E+08 0.1934825891473E+03
00235           0.10000000E+01 0.83300000E-07 0.83300000E-07 0.83300000E-07
 0.3006158854050E+08 0.1895879944898E+03
00236           0.10000000E+01 0.83300000E-07 0.83300000E-07 0.83300000E-07
 0.3006152588303E+08 0.1931617621020E+03
00237           0.10000000E+01 0.83300000E-07 0.83300000E-07 0.83300000E-07
 0.3006153598081E+08 0.1917217352693E+03
00238           0.10000000E+01 0.83300000E-07 0.83300000E-07 0.83300000E-07
 0.3006155462179E+08 0.1907808079622E+03
00239           0.10000000E+01 0.83300000E-07 0.83300000E-07 0.83300000E-07
 0.3006149840924E+08 0.1934606063950E+03
00240           0.10000000E+01 0.83300000E-07 0.83300000E-07 0.83300000E-07
 0.3006159756592E+08 0.1848782544972E+03
00241           0.10000000E+01 0.83300000E-07 0.83300000E-07 0.83300000E-07
 0.3006147411553E+08 0.1934973955748E+03
00242           0.10000000E+01 0.83300000E-07 0.83300000E-07 0.83300000E-07
 0.3006148502362E+08 0.1934976618794E+03
00243           0.10000000E+01 0.83300000E-07 0.83300000E-07 0.83300000E-07
 0.3006160967652E+08 0.1816734747303E+03
00244           0.10000000E+01 0.83300000E-07 0.83300000E-07 0.83300000E-07
 0.3006147970304E+08 0.1934540497394E+03
00245           0.10000000E+01 0.83300000E-07 0.83300000E-07 0.83300000E-07
 0.3006158130739E+08 0.1831611739418E+03
00246           0.10000000E+01 0.83300000E-07 0.83300000E-07 0.83300000E-07
 0.3006158337791E+08 0.1853708860565E+03
00247           0.10000000E+01 0.83300000E-07 0.83300000E-07 0.83300000E-07
 0.3006161827381E+08 0.1739634959333E+03
00248           0.10000000E+01 0.83300000E-07 0.83300000E-07 0.83300000E-07
 0.3006149648663E+08 0.1925922353136E+03
00249           0.10000000E+01 0.83300000E-07 0.83300000E-07 0.83300000E-07
 0.3006155798628E+08 0.1807041087639E+03
00250           0.10000000E+01 0.83300000E-07 0.83300000E-07 0.83300000E-07
 0.3006161633584E+08 0.1665511425220E+03
00251           0.10000000E+01 0.83300000E-07 0.83300000E-07 0.83300000E-07
 0.3006152724081E+08 0.1870056793796E+03
00252           0.10000000E+01 0.83300000E-07 0.83300000E-07 0.83300000E-07
 0.3006152098751E+08 0.1864012540738E+03
00253           0.10000000E+01 0.83300000E-07 0.83300000E-07 0.83300000E-07
 0.3006163280538E+08 0.1630192801895E+03
00254           0.10000000E+01 0.83300000E-07 0.83300000E-07 0.83300000E-07
 0.3006146463554E+08 0.1931979345606E+03
00255           0.10000000E+01 0.83300000E-07 0.83300000E-07 0.83300000E-07
 0.3006158485529E+08 0.1622341604374E+03
00256           0.10000000E+01 0.83300000E-07 0.83300000E-07 0.83300000E-07
 0.3006149315873E+08 0.1902383446734E+03
00257           0.10000000E+01 0.83300000E-07 0.83300000E-07 0.83300000E-07
 0.3006162099248E+08 0.1529189986268E+03
00258           0.10000000E+01 0.83300000E-07 0.83300000E-07 0.83300000E-07
 0.3006155013479E+08 0.1725591383394E+03
00259           0.10000000E+01 0.83300000E-07 0.83300000E-07 0.83300000E-07
 0.3006145659120E+08 0.1933163906755E+03
00260           0.10000000E+01 0.83300000E-07 0.83300000E-07 0.83300000E-07
 0.3006144277677E+08 0.1934687279833E+03
00261           0.10000000E+01 0.83300000E-07 0.83300000E-07 0.83300000E-07
 0.3006143468190E+08 0.1934921983931E+03
00262           0.10000000E+01 0.83300000E-07 0.83300000E-07 0.83300000E-07
 0.3006144591718E+08 0.1934486353073E+03
00263           0.10000000E+01 0.83300000E-07 0.83300000E-07 0.83300000E-07
 0.3006166814413E+08 0.1422622587195E+03
00264           0.10000000E+01 0.83300000E-07 0.83300000E-07 0.83300000E-07
 0.3006161134560E+08 0.1476741570989E+03
00265           0.10000000E+01 0.83300000E-07 0.83300000E-07 0.83300000E-07
 0.3006149165224E+08 0.1903839718369E+03
00266           0.10000000E+01 0.83300000E-07 0.83300000E-07 0.83300000E-07
 0.3006168874405E+08 0.1251170041583E+03
00267           0.10000000E+01 0.83300000E-07 0.83300000E-07 0.83300000E-07
 0.3006167868535E+08 0.1225846923683E+03
00268           0.10000000E+01 0.83300000E-07 0.83300000E-07 0.83300000E-07
 0.3006145225765E+08 0.1820628281556E+03
00269           0.10000000E+01 0.83300000E-07 0.83300000E-07 0.83300000E-07
 0.3006012136613E+08 0.1124652447041E+03
00270           0.10000000E+01 0.83300000E-07 0.83300000E-07 0.83300000E-07
 0.3005990539424E+08 0.1245395146142E+03
00271           0.10000000E+01 0.83300000E-07 0.83300000E-07 0.83300000E-07
 0.3005902604097E+08 0.9139870034524E+02
00272           0.10000000E+01 0.83300000E-07 0.83300000E-07 0.83300000E-07
 0.3005877969000E+08 0.9438866681275E+02
00273           0.10000000E+01 0.83300000E-07 0.83300000E-07 0.83300000E-07
 0.3005915263660E+08 0.1278906344137E+03
00274           0.10000000E+01 0.83300000E-07 0.83300000E-07 0.83300000E-07
 0.3005702358239E+08 0.8726974497318E+02
00275           0.10000000E+01 0.83300000E-07 0.83300000E-07 0.83300000E-07
 0.3005886665796E+08 0.1270021845939E+03
00276           0.10000000E+01 0.83300000E-07 0.83300000E-07 0.83300000E-07
 0.3005599945433E+08 0.8646923091147E+02
00277           0.10000000E+01 0.83300000E-07 0.83300000E-07 0.83300000E-07
 0.3005711572010E+08 0.9035793348863E+02
00278           0.10000000E+01 0.83300000E-07 0.83300000E-07 0.83300000E-07
 0.3005808275712E+08 0.1081660956384E+03
00279           0.10000000E+01 0.83300000E-07 0.83300000E-07 0.83300000E-07
 0.3005492709654E+08 0.8643650676521E+02
00280           0.10000000E+01 0.83300000E-07 0.83300000E-07 0.83300000E-07
 0.3005760192388E+08 0.9930814150993E+02
00281           0.10000000E+01 0.83300000E-07 0.83300000E-07 0.83300000E-07
 0.3005776860659E+08 0.1033690964182E+03
00282           0.10000000E+01 0.83300000E-07 0.83300000E-07 0.83300000E-07
 0.3005831938834E+08 0.1222459789484E+03
00283           0.10000000E+01 0.83300000E-07 0.83300000E-07 0.83300000E-07
 0.3005479175787E+08 0.8684334913674E+02
00284           0.10000000E+01 0.83300000E-07 0.83300000E-07 0.83300000E-07
 0.3005810786623E+08 0.1161959514382E+03
00285           0.10000000E+01 0.83300000E-07 0.83300000E-07 0.83300000E-07
 0.3005799859786E+08 0.1278651074771E+03
00286           0.10000000E+01 0.83300000E-07 0.83300000E-07 0.83300000E-07
 0.3005768553854E+08 0.1171193499455E+03
00287           0.10000000E+01 0.83300000E-07 0.83300000E-07 0.83300000E-07
 0.3005415724087E+08 0.9012194913465E+02
00288           0.10000000E+01 0.83300000E-07 0.83300000E-07 0.83300000E-07
 0.3005556885981E+08 0.9723756224226E+02
00289           0.10000000E+01 0.83300000E-07 0.83300000E-07 0.83300000E-07
 0.3005443685550E+08 0.9271155166363E+02
00290           0.10000000E+01 0.83300000E-07 0.83300000E-07 0.83300000E-07
 0.3005509335474E+08 0.1010765625607E+03
00291           0.10000000E+01 0.83300000E-07 0.83300000E-07 0.83300000E-07
 0.3005156311825E+08 0.9021894561135E+02
00292           0.10000000E+01 0.83300000E-07 0.83300000E-07 0.83300000E-07
 0.3004950395514E+08 0.8784490869414E+02
00293           0.10000000E+01 0.83300000E-07 0.83300000E-07 0.83300000E-07
 0.3005616200272E+08 0.1146234585986E+03
00294           0.10000000E+01 0.83300000E-07 0.83300000E-07 0.83300000E-07
 0.3005010117265E+08 0.8891835711237E+02
00295           0.10000000E+01 0.83300000E-07 0.83300000E-07 0.83300000E-07
 0.3005588880573E+08 0.1145608464097E+03
00296           0.10000000E+01 0.83300000E-07 0.83300000E-07 0.83300000E-07
 0.3005327209961E+08 0.9687504364807E+02
00297           0.10000000E+01 0.83300000E-07 0.83300000E-07 0.83300000E-07
 0.3005510924445E+08 0.1079823427972E+03
00298           0.10000000E+01 0.83300000E-07 0.83300000E-07 0.83300000E-07
 0.3005609851224E+08 0.1245423755702E+03
00299           0.10000000E+01 0.83300000E-07 0.83300000E-07 0.83300000E-07
 0.3005606644136E+08 0.1304097034631E+03
003 0           0.10000000E+01 0.83300000E-07 0.83300000E-07 0.83300000E-07
 0.3005593599845E+08 0.1295312676374E+03
003 1           0.10000000E+01 0.83300000E-07 0.83300000E-07 0.83300000E-07
 0.3005569701778E+08 0.1260667578934E+03
003 2           0.10000000E+01 0.83300000E-07 0.83300000E-07 0.83300000E-07
 0.3005260643960E+08 0.1014429390644E+03
003 3           0.10000000E+01 0.83300000E-07 0.83300000E-07 0.83300000E-07
 0.3005010827575E+08 0.9640081702340E+02
003 4           0.10000000E+01 0.83300000E-07 0.83300000E-07 0.83300000E-07
 0.3004249873714E+08 0.8990027478644E+02
003 5           0.10000000E+01 0.83300000E-07 0.83300000E-07 0.83300000E-07
 0.3004573190133E+08 0.9208820563126E+02
003 6           0.10000000E+01 0.83300000E-07 0.83300000E-07 0.83300000E-07
 0.3005022955583E+08 0.9997526168384E+02
003 7           0.10000000E+01 0.83300000E-07 0.83300000E-07 0.83300000E-07
 0.3005339312256E+08 0.1159148577403E+03
003 8           0.10000000E+01 0.83300000E-07 0.83300000E-07 0.83300000E-07
 0.3005395505799E+08 0.1212576481914E+03
003 9           0.10000000E+01 0.83300000E-07 0.83300000E-07 0.83300000E-07
 0.3004695199256E+08 0.9785096156587E+02
00310           0.10000000E+01 0.83300000E-07 0.83300000E-07 0.83300000E-07
 0.3004487115711E+08 0.9515840387828E+02
00311           0.10000000E+01 0.83300000E-07 0.83300000E-07 0.83300000E-07
 0.3005275863607E+08 0.1144845059693E+03
00312           0.10000000E+01 0.83300000E-07 0.83300000E-07 0.83300000E-07
 0.3005136500745E+08 0.1102990988415E+03
00313           0.10000000E+01 0.83300000E-07 0.83300000E-07 0.83300000E-07
 0.3005365509333E+08 0.1268733021206E+03
00314           0.10000000E+01 0.83300000E-07 0.83300000E-07 0.83300000E-07
 0.3004573781339E+08 0.1052565366186E+03
00315           0.10000000E+01 0.83300000E-07 0.83300000E-07 0.83300000E-07
 0.3003972885685E+08 0.1031012438874E+03
00316           0.10000000E+01 0.83300000E-07 0.83300000E-07 0.83300000E-07
 0.3002704461554E+08 0.1094239716608E+03
00317           0.10000000E+01 0.83300000E-07 0.83300000E-07 0.83300000E-07
 0.3004017169865E+08 0.1006733189379E+03
00318           0.10000000E+01 0.83300000E-07 0.83300000E-07 0.83300000E-07
 0.3005351760026E+08 0.1336794972082E+03
00319           0.10000000E+01 0.83300000E-07 0.83300000E-07 0.83300000E-07
 0.3005337348823E+08 0.1298410278857E+03
00320           0.10000000E+01 0.83300000E-07 0.83300000E-07 0.83300000E-07
 0.3005353808652E+08 0.1335748806260E+03
00321           0.10000000E+01 0.83300000E-07 0.83300000E-07 0.83300000E-07
 0.3004841255190E+08 0.1113971939599E+03
00322           0.10000000E+01 0.83300000E-07 0.83300000E-07 0.83300000E-07
 0.3005055719425E+08 0.1161543873533E+03
00323           0.10000000E+01 0.83300000E-07 0.83300000E-07 0.83300000E-07
 0.3004605341295E+08 0.1108137707466E+03
00324           0.10000000E+01 0.83300000E-07 0.83300000E-07 0.83300000E-07
 0.3005192402593E+08 0.1251677925614E+03
00325           0.10000000E+01 0.83300000E-07 0.83300000E-07 0.83300000E-07
 0.3003971610960E+08 0.1240350277948E+03
00326           0.10000000E+01 0.83300000E-07 0.83300000E-07 0.83300000E-07
 0.3004825640602E+08 0.1170671526578E+03
00327           0.10000000E+01 0.83300000E-07 0.83300000E-07 0.83300000E-07
 0.3005133142761E+08 0.1253916042001E+03
00328           0.10000000E+01 0.83300000E-07 0.83300000E-07 0.83300000E-07
 0.3003773465181E+08 0.1355674611057E+03
00329           0.10000000E+01 0.83300000E-07 0.83300000E-07 0.83300000E-07
 0.3004352397115E+08 0.1180614139367E+03
00330           0.10000000E+01 0.83300000E-07 0.83300000E-07 0.83300000E-07
 0.3004094368669E+08 0.1287548123606E+03
00331           0.10000000E+01 0.83300000E-07 0.83300000E-07 0.83300000E-07
 0.3004914712098E+08 0.1246257166102E+03
00332           0.10000000E+01 0.83300000E-07 0.83300000E-07 0.83300000E-07
 0.3005203122550E+08 0.1376900529303E+03
00333           0.10000000E+01 0.83300000E-07 0.83300000E-07 0.83300000E-07
 0.3004619567256E+08 0.1234393419980E+03
00334           0.10000000E+01 0.83300000E-07 0.83300000E-07 0.83300000E-07
 0.3005161149678E+08 0.1342947313098E+03
00335           0.10000000E+01 0.83300000E-07 0.83300000E-07 0.83300000E-07
 0.3004475497388E+08 0.1255273430291E+03
00336           0.10000000E+01 0.83300000E-07 0.83300000E-07 0.83300000E-07
 0.3005153267642E+08 0.1354100632967E+03
00337           0.10000000E+01 0.83300000E-07 0.83300000E-07 0.83300000E-07
 0.3005000808911E+08 0.1317303757179E+03
00338           0.10000000E+01 0.83300000E-07 0.83300000E-07 0.83300000E-07
 0.3004314877013E+08 0.1392562622002E+03
00339           0.10000000E+01 0.83300000E-07 0.83300000E-07 0.83300000E-07
 0.3005158579452E+08 0.1416949409636E+03
00340           0.10000000E+01 0.83300000E-07 0.83300000E-07 0.83300000E-07
 0.3004207611302E+08 0.1463986475264E+03
00341           0.10000000E+01 0.83300000E-07 0.83300000E-07 0.83300000E-07
 0.3004746767872E+08 0.1330542849750E+03
00342           0.10000000E+01 0.83300000E-07 0.83300000E-07 0.83300000E-07
 0.3004656761869E+08 0.1354711168764E+03
00343           0.10000000E+01 0.83300000E-07 0.83300000E-07 0.83300000E-07
 0.3004936887531E+08 0.1399009062231E+03
00344           0.10000000E+01 0.83300000E-07 0.83300000E-07 0.83300000E-07
 0.3004493831864E+08 0.1445762023566E+03
00345           0.10000000E+01 0.83300000E-07 0.83300000E-07 0.83300000E-07
 0.3004884949490E+08 0.1404725061596E+03
00346           0.10000000E+01 0.83300000E-07 0.83300000E-07 0.83300000E-07
 0.3004435269714E+08 0.1474600911108E+03
00347           0.10000000E+01 0.83300000E-07 0.83300000E-07 0.83300000E-07
 0.3005054712235E+08 0.1432395261059E+03
00348           0.10000000E+01 0.83300000E-07 0.83300000E-07 0.83300000E-07
 0.3005052744084E+08 0.1435152799139E+03
00349           0.10000000E+01 0.83300000E-07 0.83300000E-07 0.83300000E-07
 0.3004699302975E+08 0.1429785000107E+03
00350           0.10000000E+01 0.83300000E-07 0.83300000E-07 0.83300000E-07
 0.3004398318763E+08 0.1519317992495E+03
00351           0.10000000E+01 0.83300000E-07 0.83300000E-07 0.83300000E-07
 0.3004669188201E+08 0.1480294475059E+03
00352           0.10000000E+01 0.83300000E-07 0.83300000E-07 0.83300000E-07
 0.3005033025561E+08 0.1522493675457E+03
00353           0.10000000E+01 0.83300000E-07 0.83300000E-07 0.83300000E-07
 0.3004698156785E+08 0.1495113030568E+03
00354           0.10000000E+01 0.83300000E-07 0.83300000E-07 0.83300000E-07
 0.3005033054657E+08 0.1525635797290E+03
00355           0.10000000E+01 0.83300000E-07 0.83300000E-07 0.83300000E-07
 0.3005062588131E+08 0.1552003642233E+03
00356           0.10000000E+01 0.83300000E-07 0.83300000E-07 0.83300000E-07
 0.3004824000891E+08 0.1473076799466E+03
00357           0.10000000E+01 0.83300000E-07 0.83300000E-07 0.83300000E-07
 0.3004568016587E+08 0.1493326000523E+03
00358           0.10000000E+01 0.83300000E-07 0.83300000E-07 0.83300000E-07
 0.3004425864561E+08 0.1541518915614E+03
00359           0.10000000E+01 0.83300000E-07 0.83300000E-07 0.83300000E-07
 0.3004464817731E+08 0.1542797659947E+03
00360           0.10000000E+01 0.83300000E-07 0.83300000E-07 0.83300000E-07
 0.3004671290533E+08 0.1505542071265E+03
00361           0.10000000E+01 0.83300000E-07 0.83300000E-07 0.83300000E-07
 0.3004823690706E+08 0.1470824303708E+03
00362           0.10000000E+01 0.83300000E-07 0.83300000E-07 0.83300000E-07
 0.3005070691328E+08 0.1539644403838E+03
+++  
       619      1784    2 0.00000000E+00 0.86400000E+09
