
          ----Time evolution at specified elements----

   Unit: 
    - Aqueous species: Total concencentrations in mol/L     
    - Component in dry nodes in mol/L medium

ELEM    Time(day)      P(bar)        Sg         Sl      pH    I.STR         aH2O   Porosity  Perm(m^2)   t_tracer    chg.bal.(eq
00316 0.501157E-01  0.3002E+03 0.0000E+00 0.1000E+01   5.645  0.2219E-05  0.1000E+01  1.00000  0.8330E-07  0.4950E-02  0.1000E-06
00316 0.503472E-01  0.3002E+03 0.0000E+00 0.1000E+01   5.645  0.2219E-05  0.1000E+01  1.00000  0.8330E-07  0.4916E-02  0.1000E-06
00316 0.508102E-01  0.3002E+03 0.0000E+00 0.1000E+01   5.645  0.2219E-05  0.1000E+01  1.00000  0.8330E-07  0.4849E-02  0.1000E-06
00316 0.517361E-01  0.3002E+03 0.0000E+00 0.1000E+01   5.645  0.2219E-05  0.1000E+01  1.00000  0.8330E-07  0.4716E-02  0.9999E-07
00316 0.535880E-01  0.3002E+03 0.0000E+00 0.1000E+01   5.645  0.2219E-05  0.1000E+01  1.00000  0.8330E-07  0.4463E-02  0.9999E-07
00316 0.572917E-01  0.3002E+03 0.0000E+00 0.1000E+01   5.645  0.2219E-05  0.1000E+01  1.00000  0.8330E-07  0.4010E-02  0.9999E-07
00316 0.646991E-01  0.3002E+03 0.0000E+00 0.1000E+01   5.645  0.2219E-05  0.1000E+01  1.00000  0.8330E-07  0.3306E-02  0.9998E-07
00316 0.795139E-01  0.3002E+03 0.0000E+00 0.1000E+01   5.645  0.2219E-05  0.1000E+01  1.00000  0.8330E-07  0.2423E-02  0.9996E-07
00316 0.100000E+00  0.3002E+03 0.0000E+00 0.1000E+01   5.645  0.2219E-05  0.1000E+01  1.00000  0.8330E-07  0.1718E-02  0.9996E-07
00316 0.140972E+00  0.3002E+03 0.0000E+00 0.1000E+01   5.645  0.2219E-05  0.1000E+01  1.00000  0.8330E-07  0.1073E-02  0.9994E-07
00316 0.222917E+00  0.3002E+03 0.0000E+00 0.1000E+01   5.645  0.2219E-05  0.1000E+01  1.00000  0.8330E-07  0.6001E-03  0.9993E-07
00316 0.386806E+00  0.3002E+03 0.0000E+00 0.1000E+01   5.645  0.2219E-05  0.1000E+01  1.00000  0.8330E-07  0.2874E-03  0.9993E-07
00316 0.714583E+00  0.3002E+03 0.0000E+00 0.1000E+01   5.645  0.2219E-05  0.1000E+01  1.00000  0.8330E-07  0.9457E-04  0.9996E-07
00316 0.100000E+01  0.3002E+03 0.0000E+00 0.1000E+01   5.645  0.2219E-05  0.1000E+01  1.00000  0.8330E-07  0.3239E-04  0.9998E-07
00316 0.157083E+01  0.3002E+03 0.0000E+00 0.1000E+01   5.645  0.2219E-05  0.1000E+01  1.00000  0.8330E-07  0.6291E-05  0.9999E-07
00316 0.271250E+01  0.3002E+03 0.0000E+00 0.1000E+01   5.645  0.2219E-05  0.1000E+01  1.00000  0.8330E-07  0.7692E-06  0.1000E-06
00316 0.499583E+01  0.3002E+03 0.0000E+00 0.1000E+01   5.645  0.2219E-05  0.1000E+01  1.00000  0.8330E-07  0.1391E-06  0.1000E-06
00316 0.956250E+01  0.3002E+03 0.0000E+00 0.1000E+01   5.645  0.2219E-05  0.1000E+01  1.00000  0.8330E-07  0.5295E-07  0.1000E-06
00316 0.186958E+02  0.3002E+03 0.0000E+00 0.1000E+01   5.645  0.2219E-05  0.1000E+01  1.00000  0.8330E-07  0.1947E-07  0.1000E-06
00316 0.369625E+02  0.3002E+03 0.0000E+00 0.1000E+01   5.645  0.2219E-05  0.1000E+01  1.00000  0.8330E-07  0.5492E-08  0.1000E-06
00316 0.569625E+02  0.3002E+03 0.0000E+00 0.1000E+01   5.645  0.2219E-05  0.1000E+01  1.00000  0.8330E-07  0.1903E-08  0.1000E-06
00316 0.769625E+02  0.3002E+03 0.0000E+00 0.1000E+01   5.645  0.2219E-05  0.1000E+01  1.00000  0.8330E-07  0.1251E-08  0.1000E-06
00316 0.969625E+02  0.3002E+03 0.0000E+00 0.1000E+01   5.645  0.2219E-05  0.1000E+01  1.00000  0.8330E-07  0.1031E-08  0.1000E-06
00316 0.100000E+03  0.3002E+03 0.0000E+00 0.1000E+01   5.645  0.2219E-05  0.1000E+01  1.00000  0.8330E-07  0.1016E-08  0.1000E-06
00316 0.106075E+03  0.3002E+03 0.0000E+00 0.1000E+01   5.645  0.2219E-05  0.1000E+01  1.00000  0.8330E-07  0.1033E-08  0.1000E-06
00316 0.118225E+03  0.3002E+03 0.0000E+00 0.1000E+01   5.645  0.2219E-05  0.1000E+01  1.00000  0.8330E-07  0.1091E-08  0.1000E-06
00316 0.138225E+03  0.3002E+03 0.0000E+00 0.1000E+01   5.645  0.2219E-05  0.1000E+01  1.00000  0.8330E-07  0.1090E-08  0.1000E-06
00316 0.158225E+03  0.3002E+03 0.0000E+00 0.1000E+01   5.645  0.2219E-05  0.1000E+01  1.00000  0.8330E-07  0.9528E-09  0.1000E-06
00316 0.178225E+03  0.3002E+03 0.0000E+00 0.1000E+01   5.645  0.2219E-05  0.1000E+01  1.00000  0.8330E-07  0.7318E-09  0.1000E-06
00316 0.198225E+03  0.3002E+03 0.0000E+00 0.1000E+01   5.645  0.2219E-05  0.1000E+01  1.00000  0.8330E-07  0.5230E-09  0.1000E-06
00316 0.218225E+03  0.3002E+03 0.0000E+00 0.1000E+01   5.645  0.2219E-05  0.1000E+01  1.00000  0.8330E-07  0.3631E-09  0.1000E-06
00316 0.238225E+03  0.3002E+03 0.0000E+00 0.1000E+01   5.645  0.2219E-05  0.1000E+01  1.00000  0.8330E-07  0.2545E-09  0.1000E-06
00316 0.258225E+03  0.3002E+03 0.0000E+00 0.1000E+01   5.645  0.2219E-05  0.1000E+01  1.00000  0.8330E-07  0.1865E-09  0.1000E-06
00316 0.278225E+03  0.3002E+03 0.0000E+00 0.1000E+01   5.645  0.2219E-05  0.1000E+01  1.00000  0.8330E-07  0.1466E-09  0.1000E-06
00316 0.298225E+03  0.3002E+03 0.0000E+00 0.1000E+01   5.645  0.2219E-05  0.1000E+01  1.00000  0.8330E-07  0.1244E-09  0.1000E-06
00316 0.318225E+03  0.3002E+03 0.0000E+00 0.1000E+01   5.645  0.2219E-05  0.1000E+01  1.00000  0.8330E-07  0.1126E-09  0.1000E-06
00316 0.338225E+03  0.3002E+03 0.0000E+00 0.1000E+01   5.645  0.2219E-05  0.1000E+01  1.00000  0.8330E-07  0.1065E-09  0.1000E-06
00316 0.358225E+03  0.3002E+03 0.0000E+00 0.1000E+01   5.645  0.2219E-05  0.1000E+01  1.00000  0.8330E-07  0.1034E-09  0.1000E-06
00316 0.378225E+03  0.3002E+03 0.0000E+00 0.1000E+01   5.645  0.2219E-05  0.1000E+01  1.00000  0.8330E-07  0.1018E-09  0.1000E-06
00316 0.398225E+03  0.3002E+03 0.0000E+00 0.1000E+01   5.645  0.2219E-05  0.1000E+01  1.00000  0.8330E-07  0.1010E-09  0.1000E-06
00316 0.418225E+03  0.3002E+03 0.0000E+00 0.1000E+01   5.645  0.2219E-05  0.1000E+01  1.00000  0.8330E-07  0.1006E-09  0.1000E-06
00316 0.438225E+03  0.3002E+03 0.0000E+00 0.1000E+01   5.645  0.2219E-05  0.1000E+01  1.00000  0.8330E-07  0.1004E-09  0.1000E-06
00316 0.458225E+03  0.3002E+03 0.0000E+00 0.1000E+01   5.645  0.2219E-05  0.1000E+01  1.00000  0.8330E-07  0.1002E-09  0.1000E-06
00316 0.478225E+03  0.3002E+03 0.0000E+00 0.1000E+01   5.645  0.2219E-05  0.1000E+01  1.00000  0.8330E-07  0.1001E-09  0.1000E-06
00316 0.498225E+03  0.3002E+03 0.0000E+00 0.1000E+01   5.645  0.2219E-05  0.1000E+01  1.00000  0.8330E-07  0.1001E-09  0.1000E-06
00316 0.518225E+03  0.3002E+03 0.0000E+00 0.1000E+01   5.645  0.2219E-05  0.1000E+01  1.00000  0.8330E-07  0.1001E-09  0.1000E-06
00316 0.538225E+03  0.3002E+03 0.0000E+00 0.1000E+01   5.645  0.2219E-05  0.1000E+01  1.00000  0.8330E-07  0.1000E-09  0.1000E-06
00316 0.558225E+03  0.3002E+03 0.0000E+00 0.1000E+01   5.645  0.2219E-05  0.1000E+01  1.00000  0.8330E-07  0.1000E-09  0.1000E-06
00316 0.578225E+03  0.3002E+03 0.0000E+00 0.1000E+01   5.645  0.2219E-05  0.1000E+01  1.00000  0.8330E-07  0.1000E-09  0.1000E-06
00316 0.598225E+03  0.3002E+03 0.0000E+00 0.1000E+01   5.645  0.2219E-05  0.1000E+01  1.00000  0.8330E-07  0.1000E-09  0.1000E-06
00316 0.618225E+03  0.3002E+03 0.0000E+00 0.1000E+01   5.645  0.2219E-05  0.1000E+01  1.00000  0.8330E-07  0.1000E-09  0.1000E-06
00316 0.638225E+03  0.3002E+03 0.0000E+00 0.1000E+01   5.645  0.2219E-05  0.1000E+01  1.00000  0.8330E-07  0.1000E-09  0.1000E-06
00316 0.658225E+03  0.3002E+03 0.0000E+00 0.1000E+01   5.645  0.2219E-05  0.1000E+01  1.00000  0.8330E-07  0.1000E-09  0.1000E-06
00316 0.678225E+03  0.3002E+03 0.0000E+00 0.1000E+01   5.645  0.2219E-05  0.1000E+01  1.00000  0.8330E-07  0.1000E-09  0.1000E-06
00316 0.698225E+03  0.3002E+03 0.0000E+00 0.1000E+01   5.645  0.2219E-05  0.1000E+01  1.00000  0.8330E-07  0.1000E-09  0.1000E-06
00316 0.718225E+03  0.3002E+03 0.0000E+00 0.1000E+01   5.645  0.2219E-05  0.1000E+01  1.00000  0.8330E-07  0.1000E-09  0.1000E-06
00316 0.738225E+03  0.3002E+03 0.0000E+00 0.1000E+01   5.645  0.2219E-05  0.1000E+01  1.00000  0.8330E-07  0.1000E-09  0.1000E-06
00316 0.758225E+03  0.3002E+03 0.0000E+00 0.1000E+01   5.645  0.2219E-05  0.1000E+01  1.00000  0.8330E-07  0.1000E-09  0.1000E-06
00316 0.778225E+03  0.3002E+03 0.0000E+00 0.1000E+01   5.645  0.2219E-05  0.1000E+01  1.00000  0.8330E-07  0.1000E-09  0.1000E-06
00316 0.798225E+03  0.3002E+03 0.0000E+00 0.1000E+01   5.645  0.2219E-05  0.1000E+01  1.00000  0.8330E-07  0.1000E-09  0.1000E-06
00316 0.818225E+03  0.3002E+03 0.0000E+00 0.1000E+01   5.645  0.2219E-05  0.1000E+01  1.00000  0.8330E-07  0.1000E-09  0.1000E-06
00316 0.838225E+03  0.3002E+03 0.0000E+00 0.1000E+01   5.645  0.2219E-05  0.1000E+01  1.00000  0.8330E-07  0.1000E-09  0.1000E-06
00316 0.858225E+03  0.3002E+03 0.0000E+00 0.1000E+01   5.645  0.2219E-05  0.1000E+01  1.00000  0.8330E-07  0.1000E-09  0.1000E-06
00316 0.878225E+03  0.3002E+03 0.0000E+00 0.1000E+01   5.645  0.2219E-05  0.1000E+01  1.00000  0.8330E-07  0.1000E-09  0.1000E-06
00316 0.898225E+03  0.3002E+03 0.0000E+00 0.1000E+01   5.645  0.2219E-05  0.1000E+01  1.00000  0.8330E-07  0.1000E-09  0.1000E-06
00316 0.918225E+03  0.3002E+03 0.0000E+00 0.1000E+01   5.645  0.2219E-05  0.1000E+01  1.00000  0.8330E-07  0.1000E-09  0.1000E-06
00316 0.938225E+03  0.3002E+03 0.0000E+00 0.1000E+01   5.645  0.2219E-05  0.1000E+01  1.00000  0.8330E-07  0.1000E-09  0.1000E-06
00316 0.958225E+03  0.3002E+03 0.0000E+00 0.1000E+01   5.645  0.2219E-05  0.1000E+01  1.00000  0.8330E-07  0.1000E-09  0.1000E-06
00316 0.978225E+03  0.3002E+03 0.0000E+00 0.1000E+01   5.645  0.2219E-05  0.1000E+01  1.00000  0.8330E-07  0.1000E-09  0.1000E-06
00316 0.998225E+03  0.3002E+03 0.0000E+00 0.1000E+01   5.645  0.2219E-05  0.1000E+01  1.00000  0.8330E-07  0.1000E-09  0.1000E-06
00316 0.100000E+04  0.3002E+03 0.0000E+00 0.1000E+01   5.645  0.2219E-05  0.1000E+01  1.00000  0.8330E-07  0.1000E-09  0.1000E-06
00316 0.100355E+04  0.3002E+03 0.0000E+00 0.1000E+01   5.645  0.2219E-05  0.1000E+01  1.00000  0.8330E-07  0.1000E-09  0.1000E-06
00316 0.101065E+04  0.3002E+03 0.0000E+00 0.1000E+01   5.645  0.2219E-05  0.1000E+01  1.00000  0.8330E-07  0.1000E-09  0.1000E-06
00316 0.102485E+04  0.3002E+03 0.0000E+00 0.1000E+01   5.645  0.2219E-05  0.1000E+01  1.00000  0.8330E-07  0.1000E-09  0.1000E-06
00316 0.104485E+04  0.3002E+03 0.0000E+00 0.1000E+01   5.645  0.2219E-05  0.1000E+01  1.00000  0.8330E-07  0.1000E-09  0.1000E-06
00316 0.106485E+04  0.3002E+03 0.0000E+00 0.1000E+01   5.645  0.2219E-05  0.1000E+01  1.00000  0.8330E-07  0.1000E-09  0.1000E-06
00316 0.108485E+04  0.3002E+03 0.0000E+00 0.1000E+01   5.645  0.2219E-05  0.1000E+01  1.00000  0.8330E-07  0.1000E-09  0.1000E-06
00316 0.110485E+04  0.3002E+03 0.0000E+00 0.1000E+01   5.645  0.2219E-05  0.1000E+01  1.00000  0.8330E-07  0.1000E-09  0.1000E-06
00316 0.112485E+04  0.3002E+03 0.0000E+00 0.1000E+01   5.645  0.2219E-05  0.1000E+01  1.00000  0.8330E-07  0.1000E-09  0.1000E-06
00316 0.114485E+04  0.3002E+03 0.0000E+00 0.1000E+01   5.645  0.2219E-05  0.1000E+01  1.00000  0.8330E-07  0.1000E-09  0.1000E-06
00316 0.116485E+04  0.3002E+03 0.0000E+00 0.1000E+01   5.645  0.2219E-05  0.1000E+01  1.00000  0.8330E-07  0.1000E-09  0.1000E-06
00316 0.118485E+04  0.3002E+03 0.0000E+00 0.1000E+01   5.645  0.2219E-05  0.1000E+01  1.00000  0.8330E-07  0.1000E-09  0.1000E-06
00316 0.120485E+04  0.3002E+03 0.0000E+00 0.1000E+01   5.645  0.2219E-05  0.1000E+01  1.00000  0.8330E-07  0.1000E-09  0.1000E-06
00316 0.122485E+04  0.3002E+03 0.0000E+00 0.1000E+01   5.645  0.2219E-05  0.1000E+01  1.00000  0.8330E-07  0.1000E-09  0.1000E-06
00316 0.124485E+04  0.3002E+03 0.0000E+00 0.1000E+01   5.645  0.2219E-05  0.1000E+01  1.00000  0.8330E-07  0.1000E-09  0.1000E-06
00316 0.126485E+04  0.3002E+03 0.0000E+00 0.1000E+01   5.645  0.2219E-05  0.1000E+01  1.00000  0.8330E-07  0.1000E-09  0.1000E-06
00316 0.128485E+04  0.3002E+03 0.0000E+00 0.1000E+01   5.645  0.2219E-05  0.1000E+01  1.00000  0.8330E-07  0.1000E-09  0.1000E-06
00316 0.130485E+04  0.3002E+03 0.0000E+00 0.1000E+01   5.645  0.2219E-05  0.1000E+01  1.00000  0.8330E-07  0.1000E-09  0.1000E-06
00316 0.132485E+04  0.3002E+03 0.0000E+00 0.1000E+01   5.645  0.2219E-05  0.1000E+01  1.00000  0.8330E-07  0.1000E-09  0.1000E-06
00316 0.134485E+04  0.3002E+03 0.0000E+00 0.1000E+01   5.645  0.2219E-05  0.1000E+01  1.00000  0.8330E-07  0.1000E-09  0.1000E-06
00316 0.136485E+04  0.3002E+03 0.0000E+00 0.1000E+01   5.645  0.2219E-05  0.1000E+01  1.00000  0.8330E-07  0.1000E-09  0.1000E-06
00316 0.138485E+04  0.3002E+03 0.0000E+00 0.1000E+01   5.645  0.2219E-05  0.1000E+01  1.00000  0.8330E-07  0.1000E-09  0.1000E-06
00316 0.140485E+04  0.3002E+03 0.0000E+00 0.1000E+01   5.645  0.2219E-05  0.1000E+01  1.00000  0.8330E-07  0.1000E-09  0.1000E-06
00316 0.142485E+04  0.3002E+03 0.0000E+00 0.1000E+01   5.645  0.2219E-05  0.1000E+01  1.00000  0.8330E-07  0.1000E-09  0.1000E-06
00316 0.144485E+04  0.3002E+03 0.0000E+00 0.1000E+01   5.645  0.2219E-05  0.1000E+01  1.00000  0.8330E-07  0.1000E-09  0.1000E-06
00316 0.146485E+04  0.3002E+03 0.0000E+00 0.1000E+01   5.645  0.2219E-05  0.1000E+01  1.00000  0.8330E-07  0.1000E-09  0.1000E-06
00316 0.148485E+04  0.3002E+03 0.0000E+00 0.1000E+01   5.645  0.2219E-05  0.1000E+01  1.00000  0.8330E-07  0.1000E-09  0.1000E-06
00316 0.150485E+04  0.3002E+03 0.0000E+00 0.1000E+01   5.645  0.2219E-05  0.1000E+01  1.00000  0.8330E-07  0.1000E-09  0.1000E-06
00316 0.152485E+04  0.3002E+03 0.0000E+00 0.1000E+01   5.645  0.2219E-05  0.1000E+01  1.00000  0.8330E-07  0.1000E-09  0.1000E-06
00316 0.154485E+04  0.3002E+03 0.0000E+00 0.1000E+01   5.645  0.2219E-05  0.1000E+01  1.00000  0.8330E-07  0.1000E-09  0.1000E-06
00316 0.156485E+04  0.3002E+03 0.0000E+00 0.1000E+01   5.645  0.2219E-05  0.1000E+01  1.00000  0.8330E-07  0.1000E-09  0.1000E-06
00316 0.158485E+04  0.3002E+03 0.0000E+00 0.1000E+01   5.645  0.2219E-05  0.1000E+01  1.00000  0.8330E-07  0.1000E-09  0.1000E-06
00316 0.160485E+04  0.3002E+03 0.0000E+00 0.1000E+01   5.645  0.2219E-05  0.1000E+01  1.00000  0.8330E-07  0.1000E-09  0.1000E-06
00316 0.162485E+04  0.3002E+03 0.0000E+00 0.1000E+01   5.645  0.2219E-05  0.1000E+01  1.00000  0.8330E-07  0.1000E-09  0.1000E-06
00316 0.164485E+04  0.3002E+03 0.0000E+00 0.1000E+01   5.645  0.2219E-05  0.1000E+01  1.00000  0.8330E-07  0.1000E-09  0.1000E-06
00316 0.166485E+04  0.3002E+03 0.0000E+00 0.1000E+01   5.645  0.2219E-05  0.1000E+01  1.00000  0.8330E-07  0.1000E-09  0.1000E-06
00316 0.168485E+04  0.3002E+03 0.0000E+00 0.1000E+01   5.645  0.2219E-05  0.1000E+01  1.00000  0.8330E-07  0.1000E-09  0.1000E-06
00316 0.170485E+04  0.3002E+03 0.0000E+00 0.1000E+01   5.645  0.2219E-05  0.1000E+01  1.00000  0.8330E-07  0.1000E-09  0.1000E-06
00316 0.172485E+04  0.3002E+03 0.0000E+00 0.1000E+01   5.645  0.2219E-05  0.1000E+01  1.00000  0.8330E-07  0.1000E-09  0.1000E-06
00316 0.174485E+04  0.3002E+03 0.0000E+00 0.1000E+01   5.645  0.2219E-05  0.1000E+01  1.00000  0.8330E-07  0.1000E-09  0.1000E-06
00316 0.176485E+04  0.3002E+03 0.0000E+00 0.1000E+01   5.645  0.2219E-05  0.1000E+01  1.00000  0.8330E-07  0.1000E-09  0.1000E-06
00316 0.178485E+04  0.3002E+03 0.0000E+00 0.1000E+01   5.645  0.2219E-05  0.1000E+01  1.00000  0.8330E-07  0.1000E-09  0.1000E-06
00316 0.180485E+04  0.3002E+03 0.0000E+00 0.1000E+01   5.645  0.2219E-05  0.1000E+01  1.00000  0.8330E-07  0.1000E-09  0.1000E-06
00316 0.182485E+04  0.3002E+03 0.0000E+00 0.1000E+01   5.645  0.2219E-05  0.1000E+01  1.00000  0.8330E-07  0.1000E-09  0.1000E-06
00316 0.184485E+04  0.3002E+03 0.0000E+00 0.1000E+01   5.645  0.2219E-05  0.1000E+01  1.00000  0.8330E-07  0.1000E-09  0.1000E-06
00316 0.186485E+04  0.3002E+03 0.0000E+00 0.1000E+01   5.645  0.2219E-05  0.1000E+01  1.00000  0.8330E-07  0.1000E-09  0.1000E-06
00316 0.188485E+04  0.3002E+03 0.0000E+00 0.1000E+01   5.645  0.2219E-05  0.1000E+01  1.00000  0.8330E-07  0.1000E-09  0.1000E-06
00316 0.190485E+04  0.3002E+03 0.0000E+00 0.1000E+01   5.645  0.2219E-05  0.1000E+01  1.00000  0.8330E-07  0.1000E-09  0.1000E-06
00316 0.192485E+04  0.3002E+03 0.0000E+00 0.1000E+01   5.645  0.2219E-05  0.1000E+01  1.00000  0.8330E-07  0.1000E-09  0.1000E-06
00316 0.194485E+04  0.3002E+03 0.0000E+00 0.1000E+01   5.645  0.2219E-05  0.1000E+01  1.00000  0.8330E-07  0.1000E-09  0.1000E-06
00316 0.196485E+04  0.3002E+03 0.0000E+00 0.1000E+01   5.645  0.2219E-05  0.1000E+01  1.00000  0.8330E-07  0.1000E-09  0.1000E-06
00316 0.198485E+04  0.3002E+03 0.0000E+00 0.1000E+01   5.645  0.2219E-05  0.1000E+01  1.00000  0.8330E-07  0.1000E-09  0.1000E-06
00316 0.200485E+04  0.3002E+03 0.0000E+00 0.1000E+01   5.645  0.2219E-05  0.1000E+01  1.00000  0.8330E-07  0.1000E-09  0.1000E-06
00316 0.202485E+04  0.3002E+03 0.0000E+00 0.1000E+01   5.645  0.2219E-05  0.1000E+01  1.00000  0.8330E-07  0.1000E-09  0.1000E-06
00316 0.204485E+04  0.3002E+03 0.0000E+00 0.1000E+01   5.645  0.2219E-05  0.1000E+01  1.00000  0.8330E-07  0.1000E-09  0.1000E-06
00316 0.206485E+04  0.3002E+03 0.0000E+00 0.1000E+01   5.645  0.2219E-05  0.1000E+01  1.00000  0.8330E-07  0.1000E-09  0.1000E-06
00316 0.208485E+04  0.3002E+03 0.0000E+00 0.1000E+01   5.645  0.2219E-05  0.1000E+01  1.00000  0.8330E-07  0.1000E-09  0.1000E-06
00316 0.210485E+04  0.3002E+03 0.0000E+00 0.1000E+01   5.645  0.2219E-05  0.1000E+01  1.00000  0.8330E-07  0.1000E-09  0.1000E-06
00316 0.212485E+04  0.3002E+03 0.0000E+00 0.1000E+01   5.645  0.2219E-05  0.1000E+01  1.00000  0.8330E-07  0.1000E-09  0.1000E-06
00316 0.214485E+04  0.3002E+03 0.0000E+00 0.1000E+01   5.645  0.2219E-05  0.1000E+01  1.00000  0.8330E-07  0.1000E-09  0.1000E-06
00316 0.216485E+04  0.3002E+03 0.0000E+00 0.1000E+01   5.645  0.2219E-05  0.1000E+01  1.00000  0.8330E-07  0.1000E-09  0.1000E-06
00316 0.218485E+04  0.3002E+03 0.0000E+00 0.1000E+01   5.645  0.2219E-05  0.1000E+01  1.00000  0.8330E-07  0.1000E-09  0.1000E-06
00316 0.220485E+04  0.3002E+03 0.0000E+00 0.1000E+01   5.645  0.2219E-05  0.1000E+01  1.00000  0.8330E-07  0.1000E-09  0.1000E-06
00316 0.222485E+04  0.3002E+03 0.0000E+00 0.1000E+01   5.645  0.2219E-05  0.1000E+01  1.00000  0.8330E-07  0.1000E-09  0.1000E-06
00316 0.224485E+04  0.3002E+03 0.0000E+00 0.1000E+01   5.645  0.2219E-05  0.1000E+01  1.00000  0.8330E-07  0.1000E-09  0.1000E-06
00316 0.226485E+04  0.3002E+03 0.0000E+00 0.1000E+01   5.645  0.2219E-05  0.1000E+01  1.00000  0.8330E-07  0.1000E-09  0.1000E-06
00316 0.228485E+04  0.3002E+03 0.0000E+00 0.1000E+01   5.645  0.2219E-05  0.1000E+01  1.00000  0.8330E-07  0.1000E-09  0.1000E-06
00316 0.230485E+04  0.3002E+03 0.0000E+00 0.1000E+01   5.645  0.2219E-05  0.1000E+01  1.00000  0.8330E-07  0.1000E-09  0.1000E-06
00316 0.232485E+04  0.3002E+03 0.0000E+00 0.1000E+01   5.645  0.2219E-05  0.1000E+01  1.00000  0.8330E-07  0.1000E-09  0.1000E-06
00316 0.234485E+04  0.3002E+03 0.0000E+00 0.1000E+01   5.645  0.2219E-05  0.1000E+01  1.00000  0.8330E-07  0.1000E-09  0.1000E-06
00316 0.236485E+04  0.3002E+03 0.0000E+00 0.1000E+01   5.645  0.2219E-05  0.1000E+01  1.00000  0.8330E-07  0.1000E-09  0.1000E-06
00316 0.238485E+04  0.3002E+03 0.0000E+00 0.1000E+01   5.645  0.2219E-05  0.1000E+01  1.00000  0.8330E-07  0.1000E-09  0.1000E-06
00316 0.240485E+04  0.3002E+03 0.0000E+00 0.1000E+01   5.645  0.2219E-05  0.1000E+01  1.00000  0.8330E-07  0.1000E-09  0.1000E-06
00316 0.242485E+04  0.3002E+03 0.0000E+00 0.1000E+01   5.645  0.2219E-05  0.1000E+01  1.00000  0.8330E-07  0.1000E-09  0.1000E-06
00316 0.244485E+04  0.3002E+03 0.0000E+00 0.1000E+01   5.645  0.2219E-05  0.1000E+01  1.00000  0.8330E-07  0.1000E-09  0.1000E-06
00316 0.246485E+04  0.3002E+03 0.0000E+00 0.1000E+01   5.645  0.2219E-05  0.1000E+01  1.00000  0.8330E-07  0.1000E-09  0.1000E-06
00316 0.248485E+04  0.3002E+03 0.0000E+00 0.1000E+01   5.645  0.2219E-05  0.1000E+01  1.00000  0.8330E-07  0.1000E-09  0.1000E-06
00316 0.250485E+04  0.3002E+03 0.0000E+00 0.1000E+01   5.645  0.2219E-05  0.1000E+01  1.00000  0.8330E-07  0.1000E-09  0.1000E-06
00316 0.252485E+04  0.3002E+03 0.0000E+00 0.1000E+01   5.645  0.2219E-05  0.1000E+01  1.00000  0.8330E-07  0.1000E-09  0.1000E-06
00316 0.254485E+04  0.3002E+03 0.0000E+00 0.1000E+01   5.645  0.2219E-05  0.1000E+01  1.00000  0.8330E-07  0.1000E-09  0.1000E-06
00316 0.256485E+04  0.3002E+03 0.0000E+00 0.1000E+01   5.645  0.2219E-05  0.1000E+01  1.00000  0.8330E-07  0.1000E-09  0.1000E-06
00316 0.258485E+04  0.3002E+03 0.0000E+00 0.1000E+01   5.645  0.2219E-05  0.1000E+01  1.00000  0.8330E-07  0.1000E-09  0.1000E-06
00316 0.260485E+04  0.3002E+03 0.0000E+00 0.1000E+01   5.645  0.2219E-05  0.1000E+01  1.00000  0.8330E-07  0.1000E-09  0.1000E-06
00316 0.262485E+04  0.3002E+03 0.0000E+00 0.1000E+01   5.645  0.2219E-05  0.1000E+01  1.00000  0.8330E-07  0.1000E-09  0.1000E-06
00316 0.264485E+04  0.3002E+03 0.0000E+00 0.1000E+01   5.645  0.2219E-05  0.1000E+01  1.00000  0.8330E-07  0.1000E-09  0.1000E-06
00316 0.266485E+04  0.3002E+03 0.0000E+00 0.1000E+01   5.645  0.2219E-05  0.1000E+01  1.00000  0.8330E-07  0.1000E-09  0.1000E-06
00316 0.268485E+04  0.3002E+03 0.0000E+00 0.1000E+01   5.645  0.2219E-05  0.1000E+01  1.00000  0.8330E-07  0.1000E-09  0.1000E-06
00316 0.270485E+04  0.3002E+03 0.0000E+00 0.1000E+01   5.645  0.2219E-05  0.1000E+01  1.00000  0.8330E-07  0.1000E-09  0.1000E-06
00316 0.272485E+04  0.3002E+03 0.0000E+00 0.1000E+01   5.645  0.2219E-05  0.1000E+01  1.00000  0.8330E-07  0.1000E-09  0.1000E-06
00316 0.274485E+04  0.3002E+03 0.0000E+00 0.1000E+01   5.645  0.2219E-05  0.1000E+01  1.00000  0.8330E-07  0.1000E-09  0.1000E-06
00316 0.276485E+04  0.3002E+03 0.0000E+00 0.1000E+01   5.645  0.2219E-05  0.1000E+01  1.00000  0.8330E-07  0.1000E-09  0.1000E-06
00316 0.278485E+04  0.3002E+03 0.0000E+00 0.1000E+01   5.645  0.2219E-05  0.1000E+01  1.00000  0.8330E-07  0.1000E-09  0.1000E-06
00316 0.280485E+04  0.3002E+03 0.0000E+00 0.1000E+01   5.645  0.2219E-05  0.1000E+01  1.00000  0.8330E-07  0.1000E-09  0.1000E-06
00316 0.282485E+04  0.3002E+03 0.0000E+00 0.1000E+01   5.645  0.2219E-05  0.1000E+01  1.00000  0.8330E-07  0.1000E-09  0.1000E-06
00316 0.284485E+04  0.3002E+03 0.0000E+00 0.1000E+01   5.645  0.2219E-05  0.1000E+01  1.00000  0.8330E-07  0.1000E-09  0.1000E-06
00316 0.286485E+04  0.3002E+03 0.0000E+00 0.1000E+01   5.645  0.2219E-05  0.1000E+01  1.00000  0.8330E-07  0.1000E-09  0.1000E-06
00316 0.288485E+04  0.3002E+03 0.0000E+00 0.1000E+01   5.645  0.2219E-05  0.1000E+01  1.00000  0.8330E-07  0.1000E-09  0.1000E-06
00316 0.290485E+04  0.3002E+03 0.0000E+00 0.1000E+01   5.645  0.2219E-05  0.1000E+01  1.00000  0.8330E-07  0.1000E-09  0.1000E-06
00316 0.292485E+04  0.3002E+03 0.0000E+00 0.1000E+01   5.645  0.2219E-05  0.1000E+01  1.00000  0.8330E-07  0.1000E-09  0.1000E-06
00316 0.294485E+04  0.3002E+03 0.0000E+00 0.1000E+01   5.645  0.2219E-05  0.1000E+01  1.00000  0.8330E-07  0.1000E-09  0.1000E-06
00316 0.296485E+04  0.3002E+03 0.0000E+00 0.1000E+01   5.645  0.2219E-05  0.1000E+01  1.00000  0.8330E-07  0.1000E-09  0.1000E-06
00316 0.298485E+04  0.3002E+03 0.0000E+00 0.1000E+01   5.645  0.2219E-05  0.1000E+01  1.00000  0.8330E-07  0.1000E-09  0.1000E-06
00316 0.300485E+04  0.3002E+03 0.0000E+00 0.1000E+01   5.645  0.2219E-05  0.1000E+01  1.00000  0.8330E-07  0.1000E-09  0.1000E-06
00316 0.302485E+04  0.3002E+03 0.0000E+00 0.1000E+01   5.645  0.2219E-05  0.1000E+01  1.00000  0.8330E-07  0.1000E-09  0.1000E-06
00316 0.304485E+04  0.3002E+03 0.0000E+00 0.1000E+01   5.645  0.2219E-05  0.1000E+01  1.00000  0.8330E-07  0.1000E-09  0.1000E-06
00316 0.306485E+04  0.3002E+03 0.0000E+00 0.1000E+01   5.645  0.2219E-05  0.1000E+01  1.00000  0.8330E-07  0.1000E-09  0.1000E-06
00316 0.308485E+04  0.3002E+03 0.0000E+00 0.1000E+01   5.645  0.2219E-05  0.1000E+01  1.00000  0.8330E-07  0.1000E-09  0.1000E-06
00316 0.310485E+04  0.3002E+03 0.0000E+00 0.1000E+01   5.645  0.2219E-05  0.1000E+01  1.00000  0.8330E-07  0.1000E-09  0.1000E-06
00316 0.312485E+04  0.3002E+03 0.0000E+00 0.1000E+01   5.645  0.2219E-05  0.1000E+01  1.00000  0.8330E-07  0.1000E-09  0.1000E-06
00316 0.314485E+04  0.3002E+03 0.0000E+00 0.1000E+01   5.645  0.2219E-05  0.1000E+01  1.00000  0.8330E-07  0.1000E-09  0.1000E-06
00316 0.316485E+04  0.3002E+03 0.0000E+00 0.1000E+01   5.645  0.2219E-05  0.1000E+01  1.00000  0.8330E-07  0.1000E-09  0.1000E-06
00316 0.318485E+04  0.3002E+03 0.0000E+00 0.1000E+01   5.645  0.2219E-05  0.1000E+01  1.00000  0.8330E-07  0.1000E-09  0.1000E-06
00316 0.320485E+04  0.3002E+03 0.0000E+00 0.1000E+01   5.645  0.2219E-05  0.1000E+01  1.00000  0.8330E-07  0.1000E-09  0.1000E-06
00316 0.322485E+04  0.3002E+03 0.0000E+00 0.1000E+01   5.645  0.2219E-05  0.1000E+01  1.00000  0.8330E-07  0.1000E-09  0.1000E-06
00316 0.324485E+04  0.3002E+03 0.0000E+00 0.1000E+01   5.645  0.2219E-05  0.1000E+01  1.00000  0.8330E-07  0.1000E-09  0.1000E-06
00316 0.326485E+04  0.3002E+03 0.0000E+00 0.1000E+01   5.645  0.2219E-05  0.1000E+01  1.00000  0.8330E-07  0.1000E-09  0.1000E-06
00316 0.328485E+04  0.3002E+03 0.0000E+00 0.1000E+01   5.645  0.2219E-05  0.1000E+01  1.00000  0.8330E-07  0.1000E-09  0.1000E-06
00316 0.330485E+04  0.3002E+03 0.0000E+00 0.1000E+01   5.645  0.2219E-05  0.1000E+01  1.00000  0.8330E-07  0.1000E-09  0.1000E-06
00316 0.332485E+04  0.3002E+03 0.0000E+00 0.1000E+01   5.645  0.2219E-05  0.1000E+01  1.00000  0.8330E-07  0.1000E-09  0.1000E-06
00316 0.334485E+04  0.3002E+03 0.0000E+00 0.1000E+01   5.645  0.2219E-05  0.1000E+01  1.00000  0.8330E-07  0.1000E-09  0.1000E-06
00316 0.336485E+04  0.3002E+03 0.0000E+00 0.1000E+01   5.645  0.2219E-05  0.1000E+01  1.00000  0.8330E-07  0.1000E-09  0.1000E-06
00316 0.338485E+04  0.3002E+03 0.0000E+00 0.1000E+01   5.645  0.2219E-05  0.1000E+01  1.00000  0.8330E-07  0.1000E-09  0.1000E-06
00316 0.340485E+04  0.3002E+03 0.0000E+00 0.1000E+01   5.645  0.2219E-05  0.1000E+01  1.00000  0.8330E-07  0.1000E-09  0.1000E-06
00316 0.342485E+04  0.3002E+03 0.0000E+00 0.1000E+01   5.645  0.2219E-05  0.1000E+01  1.00000  0.8330E-07  0.1000E-09  0.1000E-06
00316 0.344485E+04  0.3002E+03 0.0000E+00 0.1000E+01   5.645  0.2219E-05  0.1000E+01  1.00000  0.8330E-07  0.1000E-09  0.1000E-06
00316 0.346485E+04  0.3002E+03 0.0000E+00 0.1000E+01   5.645  0.2219E-05  0.1000E+01  1.00000  0.8330E-07  0.1000E-09  0.1000E-06
00316 0.348485E+04  0.3002E+03 0.0000E+00 0.1000E+01   5.645  0.2219E-05  0.1000E+01  1.00000  0.8330E-07  0.1000E-09  0.1000E-06
00316 0.350485E+04  0.3002E+03 0.0000E+00 0.1000E+01   5.645  0.2219E-05  0.1000E+01  1.00000  0.8330E-07  0.1000E-09  0.1000E-06
00316 0.352485E+04  0.3002E+03 0.0000E+00 0.1000E+01   5.645  0.2219E-05  0.1000E+01  1.00000  0.8330E-07  0.1000E-09  0.1000E-06
00316 0.354485E+04  0.3002E+03 0.0000E+00 0.1000E+01   5.645  0.2219E-05  0.1000E+01  1.00000  0.8330E-07  0.1000E-09  0.1000E-06
00316 0.356485E+04  0.3002E+03 0.0000E+00 0.1000E+01   5.645  0.2219E-05  0.1000E+01  1.00000  0.8330E-07  0.1000E-09  0.1000E-06
00316 0.358485E+04  0.3002E+03 0.0000E+00 0.1000E+01   5.645  0.2219E-05  0.1000E+01  1.00000  0.8330E-07  0.1000E-09  0.1000E-06
00316 0.360485E+04  0.3002E+03 0.0000E+00 0.1000E+01   5.645  0.2219E-05  0.1000E+01  1.00000  0.8330E-07  0.1000E-09  0.1000E-06
00316 0.362485E+04  0.3002E+03 0.0000E+00 0.1000E+01   5.645  0.2219E-05  0.1000E+01  1.00000  0.8330E-07  0.1000E-09  0.1000E-06
00316 0.364485E+04  0.3002E+03 0.0000E+00 0.1000E+01   5.645  0.2219E-05  0.1000E+01  1.00000  0.8330E-07  0.1000E-09  0.1000E-06
00316 0.366485E+04  0.3002E+03 0.0000E+00 0.1000E+01   5.645  0.2219E-05  0.1000E+01  1.00000  0.8330E-07  0.1000E-09  0.1000E-06
00316 0.368485E+04  0.3002E+03 0.0000E+00 0.1000E+01   5.645  0.2219E-05  0.1000E+01  1.00000  0.8330E-07  0.1000E-09  0.1000E-06
00316 0.370485E+04  0.3002E+03 0.0000E+00 0.1000E+01   5.645  0.2219E-05  0.1000E+01  1.00000  0.8330E-07  0.1000E-09  0.1000E-06
00316 0.372485E+04  0.3002E+03 0.0000E+00 0.1000E+01   5.645  0.2219E-05  0.1000E+01  1.00000  0.8330E-07  0.1000E-09  0.1000E-06
00316 0.374485E+04  0.3002E+03 0.0000E+00 0.1000E+01   5.645  0.2219E-05  0.1000E+01  1.00000  0.8330E-07  0.1000E-09  0.1000E-06
00316 0.376485E+04  0.3002E+03 0.0000E+00 0.1000E+01   5.645  0.2219E-05  0.1000E+01  1.00000  0.8330E-07  0.1000E-09  0.1000E-06
00316 0.378485E+04  0.3002E+03 0.0000E+00 0.1000E+01   5.645  0.2219E-05  0.1000E+01  1.00000  0.8330E-07  0.1000E-09  0.1000E-06
00316 0.380485E+04  0.3002E+03 0.0000E+00 0.1000E+01   5.645  0.2219E-05  0.1000E+01  1.00000  0.8330E-07  0.1000E-09  0.1000E-06
00316 0.382485E+04  0.3002E+03 0.0000E+00 0.1000E+01   5.645  0.2219E-05  0.1000E+01  1.00000  0.8330E-07  0.1000E-09  0.1000E-06
00316 0.384485E+04  0.3002E+03 0.0000E+00 0.1000E+01   5.645  0.2219E-05  0.1000E+01  1.00000  0.8330E-07  0.1000E-09  0.1000E-06
00316 0.386485E+04  0.3002E+03 0.0000E+00 0.1000E+01   5.645  0.2219E-05  0.1000E+01  1.00000  0.8330E-07  0.1000E-09  0.1000E-06
00316 0.388485E+04  0.3002E+03 0.0000E+00 0.1000E+01   5.645  0.2219E-05  0.1000E+01  1.00000  0.8330E-07  0.1000E-09  0.1000E-06
00316 0.390485E+04  0.3002E+03 0.0000E+00 0.1000E+01   5.645  0.2219E-05  0.1000E+01  1.00000  0.8330E-07  0.1000E-09  0.1000E-06
00316 0.392485E+04  0.3002E+03 0.0000E+00 0.1000E+01   5.645  0.2219E-05  0.1000E+01  1.00000  0.8330E-07  0.1000E-09  0.1000E-06
00316 0.394485E+04  0.3002E+03 0.0000E+00 0.1000E+01   5.645  0.2219E-05  0.1000E+01  1.00000  0.8330E-07  0.1000E-09  0.1000E-06
00316 0.396485E+04  0.3002E+03 0.0000E+00 0.1000E+01   5.645  0.2219E-05  0.1000E+01  1.00000  0.8330E-07  0.1000E-09  0.1000E-06
00316 0.398485E+04  0.3002E+03 0.0000E+00 0.1000E+01   5.645  0.2219E-05  0.1000E+01  1.00000  0.8330E-07  0.1000E-09  0.1000E-06
00316 0.400485E+04  0.3002E+03 0.0000E+00 0.1000E+01   5.645  0.2219E-05  0.1000E+01  1.00000  0.8330E-07  0.1000E-09  0.1000E-06
00316 0.402485E+04  0.3002E+03 0.0000E+00 0.1000E+01   5.645  0.2219E-05  0.1000E+01  1.00000  0.8330E-07  0.1000E-09  0.1000E-06
00316 0.404485E+04  0.3002E+03 0.0000E+00 0.1000E+01   5.645  0.2219E-05  0.1000E+01  1.00000  0.8330E-07  0.1000E-09  0.1000E-06
00316 0.406485E+04  0.3002E+03 0.0000E+00 0.1000E+01   5.645  0.2219E-05  0.1000E+01  1.00000  0.8330E-07  0.1000E-09  0.1000E-06
00316 0.408485E+04  0.3002E+03 0.0000E+00 0.1000E+01   5.645  0.2219E-05  0.1000E+01  1.00000  0.8330E-07  0.1000E-09  0.1000E-06
00316 0.410485E+04  0.3002E+03 0.0000E+00 0.1000E+01   5.645  0.2219E-05  0.1000E+01  1.00000  0.8330E-07  0.1000E-09  0.1000E-06
00316 0.412485E+04  0.3002E+03 0.0000E+00 0.1000E+01   5.645  0.2219E-05  0.1000E+01  1.00000  0.8330E-07  0.1000E-09  0.1000E-06
00316 0.414485E+04  0.3002E+03 0.0000E+00 0.1000E+01   5.645  0.2219E-05  0.1000E+01  1.00000  0.8330E-07  0.1000E-09  0.1000E-06
00316 0.416485E+04  0.3002E+03 0.0000E+00 0.1000E+01   5.645  0.2219E-05  0.1000E+01  1.00000  0.8330E-07  0.1000E-09  0.1000E-06
00316 0.418485E+04  0.3002E+03 0.0000E+00 0.1000E+01   5.645  0.2219E-05  0.1000E+01  1.00000  0.8330E-07  0.1000E-09  0.1000E-06
00316 0.420485E+04  0.3002E+03 0.0000E+00 0.1000E+01   5.645  0.2219E-05  0.1000E+01  1.00000  0.8330E-07  0.1000E-09  0.1000E-06
00316 0.422485E+04  0.3002E+03 0.0000E+00 0.1000E+01   5.645  0.2219E-05  0.1000E+01  1.00000  0.8330E-07  0.1000E-09  0.1000E-06
00316 0.424485E+04  0.3002E+03 0.0000E+00 0.1000E+01   5.645  0.2219E-05  0.1000E+01  1.00000  0.8330E-07  0.1000E-09  0.1000E-06
00316 0.426485E+04  0.3002E+03 0.0000E+00 0.1000E+01   5.645  0.2219E-05  0.1000E+01  1.00000  0.8330E-07  0.1000E-09  0.1000E-06
00316 0.428485E+04  0.3002E+03 0.0000E+00 0.1000E+01   5.645  0.2219E-05  0.1000E+01  1.00000  0.8330E-07  0.1000E-09  0.1000E-06
00316 0.430485E+04  0.3002E+03 0.0000E+00 0.1000E+01   5.645  0.2219E-05  0.1000E+01  1.00000  0.8330E-07  0.1000E-09  0.1000E-06
00316 0.432485E+04  0.3002E+03 0.0000E+00 0.1000E+01   5.645  0.2219E-05  0.1000E+01  1.00000  0.8330E-07  0.1000E-09  0.1000E-06
00316 0.434485E+04  0.3002E+03 0.0000E+00 0.1000E+01   5.645  0.2219E-05  0.1000E+01  1.00000  0.8330E-07  0.1000E-09  0.1000E-06
00316 0.436485E+04  0.3002E+03 0.0000E+00 0.1000E+01   5.645  0.2219E-05  0.1000E+01  1.00000  0.8330E-07  0.1000E-09  0.1000E-06
00316 0.438485E+04  0.3002E+03 0.0000E+00 0.1000E+01   5.645  0.2219E-05  0.1000E+01  1.00000  0.8330E-07  0.1000E-09  0.1000E-06
00316 0.440485E+04  0.3002E+03 0.0000E+00 0.1000E+01   5.645  0.2219E-05  0.1000E+01  1.00000  0.8330E-07  0.1000E-09  0.1000E-06
00316 0.442485E+04  0.3002E+03 0.0000E+00 0.1000E+01   5.645  0.2219E-05  0.1000E+01  1.00000  0.8330E-07  0.1000E-09  0.1000E-06
00316 0.444485E+04  0.3002E+03 0.0000E+00 0.1000E+01   5.645  0.2219E-05  0.1000E+01  1.00000  0.8330E-07  0.1000E-09  0.1000E-06
00316 0.446485E+04  0.3002E+03 0.0000E+00 0.1000E+01   5.645  0.2219E-05  0.1000E+01  1.00000  0.8330E-07  0.1000E-09  0.1000E-06
00316 0.448485E+04  0.3002E+03 0.0000E+00 0.1000E+01   5.645  0.2219E-05  0.1000E+01  1.00000  0.8330E-07  0.1000E-09  0.1000E-06
00316 0.450485E+04  0.3002E+03 0.0000E+00 0.1000E+01   5.645  0.2219E-05  0.1000E+01  1.00000  0.8330E-07  0.1000E-09  0.1000E-06
00316 0.452485E+04  0.3002E+03 0.0000E+00 0.1000E+01   5.645  0.2219E-05  0.1000E+01  1.00000  0.8330E-07  0.1000E-09  0.1000E-06
00316 0.454485E+04  0.3002E+03 0.0000E+00 0.1000E+01   5.645  0.2219E-05  0.1000E+01  1.00000  0.8330E-07  0.1000E-09  0.1000E-06
00316 0.456485E+04  0.3002E+03 0.0000E+00 0.1000E+01   5.645  0.2219E-05  0.1000E+01  1.00000  0.8330E-07  0.1000E-09  0.1000E-06
00316 0.458485E+04  0.3002E+03 0.0000E+00 0.1000E+01   5.645  0.2219E-05  0.1000E+01  1.00000  0.8330E-07  0.1000E-09  0.1000E-06
00316 0.460485E+04  0.3002E+03 0.0000E+00 0.1000E+01   5.645  0.2219E-05  0.1000E+01  1.00000  0.8330E-07  0.1000E-09  0.1000E-06
00316 0.462485E+04  0.3002E+03 0.0000E+00 0.1000E+01   5.645  0.2219E-05  0.1000E+01  1.00000  0.8330E-07  0.1000E-09  0.1000E-06
00316 0.464485E+04  0.3002E+03 0.0000E+00 0.1000E+01   5.645  0.2219E-05  0.1000E+01  1.00000  0.8330E-07  0.1000E-09  0.1000E-06
00316 0.466485E+04  0.3002E+03 0.0000E+00 0.1000E+01   5.645  0.2219E-05  0.1000E+01  1.00000  0.8330E-07  0.1000E-09  0.1000E-06
00316 0.468485E+04  0.3002E+03 0.0000E+00 0.1000E+01   5.645  0.2219E-05  0.1000E+01  1.00000  0.8330E-07  0.1000E-09  0.1000E-06
00316 0.470485E+04  0.3002E+03 0.0000E+00 0.1000E+01   5.645  0.2219E-05  0.1000E+01  1.00000  0.8330E-07  0.1000E-09  0.1000E-06
00316 0.472485E+04  0.3002E+03 0.0000E+00 0.1000E+01   5.645  0.2219E-05  0.1000E+01  1.00000  0.8330E-07  0.1000E-09  0.1000E-06
00316 0.474485E+04  0.3002E+03 0.0000E+00 0.1000E+01   5.645  0.2219E-05  0.1000E+01  1.00000  0.8330E-07  0.1000E-09  0.1000E-06
00316 0.476485E+04  0.3002E+03 0.0000E+00 0.1000E+01   5.645  0.2219E-05  0.1000E+01  1.00000  0.8330E-07  0.1000E-09  0.1000E-06
00316 0.478485E+04  0.3002E+03 0.0000E+00 0.1000E+01   5.645  0.2219E-05  0.1000E+01  1.00000  0.8330E-07  0.1000E-09  0.1000E-06
00316 0.480485E+04  0.3003E+03 0.0000E+00 0.1000E+01   5.645  0.2219E-05  0.1000E+01  1.00000  0.8330E-07  0.1000E-09  0.1000E-06
00316 0.482485E+04  0.3003E+03 0.0000E+00 0.1000E+01   5.645  0.2219E-05  0.1000E+01  1.00000  0.8330E-07  0.1000E-09  0.1000E-06
00316 0.484485E+04  0.3003E+03 0.0000E+00 0.1000E+01   5.645  0.2219E-05  0.1000E+01  1.00000  0.8330E-07  0.1000E-09  0.1000E-06
00316 0.486485E+04  0.3003E+03 0.0000E+00 0.1000E+01   5.645  0.2219E-05  0.1000E+01  1.00000  0.8330E-07  0.1000E-09  0.1000E-06
00316 0.488485E+04  0.3003E+03 0.0000E+00 0.1000E+01   5.645  0.2219E-05  0.1000E+01  1.00000  0.8330E-07  0.1000E-09  0.1000E-06
00316 0.490485E+04  0.3003E+03 0.0000E+00 0.1000E+01   5.645  0.2219E-05  0.1000E+01  1.00000  0.8330E-07  0.1000E-09  0.1000E-06
00316 0.492485E+04  0.3003E+03 0.0000E+00 0.1000E+01   5.645  0.2219E-05  0.1000E+01  1.00000  0.8330E-07  0.1000E-09  0.1000E-06
00316 0.494485E+04  0.3003E+03 0.0000E+00 0.1000E+01   5.645  0.2219E-05  0.1000E+01  1.00000  0.8330E-07  0.1000E-09  0.1000E-06
00316 0.496485E+04  0.3003E+03 0.0000E+00 0.1000E+01   5.645  0.2219E-05  0.1000E+01  1.00000  0.8330E-07  0.1000E-09  0.1000E-06
00316 0.498485E+04  0.3003E+03 0.0000E+00 0.1000E+01   5.645  0.2219E-05  0.1000E+01  1.00000  0.8330E-07  0.1000E-09  0.1000E-06
00316 0.500485E+04  0.3003E+03 0.0000E+00 0.1000E+01   5.645  0.2219E-05  0.1000E+01  1.00000  0.8330E-07  0.1000E-09  0.1000E-06
00316 0.502485E+04  0.3003E+03 0.0000E+00 0.1000E+01   5.645  0.2219E-05  0.1000E+01  1.00000  0.8330E-07  0.1000E-09  0.1000E-06
00316 0.504485E+04  0.3003E+03 0.0000E+00 0.1000E+01   5.645  0.2219E-05  0.1000E+01  1.00000  0.8330E-07  0.1000E-09  0.1000E-06
00316 0.506485E+04  0.3003E+03 0.0000E+00 0.1000E+01   5.645  0.2219E-05  0.1000E+01  1.00000  0.8330E-07  0.1000E-09  0.1000E-06
00316 0.508485E+04  0.3003E+03 0.0000E+00 0.1000E+01   5.645  0.2219E-05  0.1000E+01  1.00000  0.8330E-07  0.1000E-09  0.1000E-06
00316 0.510485E+04  0.3003E+03 0.0000E+00 0.1000E+01   5.645  0.2219E-05  0.1000E+01  1.00000  0.8330E-07  0.1000E-09  0.1000E-06
00316 0.512485E+04  0.3003E+03 0.0000E+00 0.1000E+01   5.645  0.2219E-05  0.1000E+01  1.00000  0.8330E-07  0.1000E-09  0.1000E-06
00316 0.514485E+04  0.3003E+03 0.0000E+00 0.1000E+01   5.645  0.2219E-05  0.1000E+01  1.00000  0.8330E-07  0.1000E-09  0.1000E-06
00316 0.516485E+04  0.3003E+03 0.0000E+00 0.1000E+01   5.645  0.2219E-05  0.1000E+01  1.00000  0.8330E-07  0.1000E-09  0.1000E-06
00316 0.518485E+04  0.3003E+03 0.0000E+00 0.1000E+01   5.645  0.2219E-05  0.1000E+01  1.00000  0.8330E-07  0.1000E-09  0.1000E-06
00316 0.520485E+04  0.3003E+03 0.0000E+00 0.1000E+01   5.645  0.2219E-05  0.1000E+01  1.00000  0.8330E-07  0.1000E-09  0.1000E-06
00316 0.522485E+04  0.3003E+03 0.0000E+00 0.1000E+01   5.645  0.2219E-05  0.1000E+01  1.00000  0.8330E-07  0.1000E-09  0.1000E-06
00316 0.524485E+04  0.3003E+03 0.0000E+00 0.1000E+01   5.645  0.2219E-05  0.1000E+01  1.00000  0.8330E-07  0.1000E-09  0.1000E-06
00316 0.526485E+04  0.3003E+03 0.0000E+00 0.1000E+01   5.645  0.2219E-05  0.1000E+01  1.00000  0.8330E-07  0.1000E-09  0.1000E-06
00316 0.528485E+04  0.3003E+03 0.0000E+00 0.1000E+01   5.645  0.2219E-05  0.1000E+01  1.00000  0.8330E-07  0.1000E-09  0.1000E-06
00316 0.530485E+04  0.3003E+03 0.0000E+00 0.1000E+01   5.645  0.2219E-05  0.1000E+01  1.00000  0.8330E-07  0.1000E-09  0.1000E-06
00316 0.532485E+04  0.3003E+03 0.0000E+00 0.1000E+01   5.645  0.2219E-05  0.1000E+01  1.00000  0.8330E-07  0.1000E-09  0.1000E-06
00316 0.534485E+04  0.3003E+03 0.0000E+00 0.1000E+01   5.645  0.2219E-05  0.1000E+01  1.00000  0.8330E-07  0.1000E-09  0.1000E-06
00316 0.536485E+04  0.3003E+03 0.0000E+00 0.1000E+01   5.645  0.2219E-05  0.1000E+01  1.00000  0.8330E-07  0.1000E-09  0.1000E-06
00316 0.538485E+04  0.3003E+03 0.0000E+00 0.1000E+01   5.645  0.2219E-05  0.1000E+01  1.00000  0.8330E-07  0.1000E-09  0.1000E-06
00316 0.540485E+04  0.3003E+03 0.0000E+00 0.1000E+01   5.645  0.2219E-05  0.1000E+01  1.00000  0.8330E-07  0.1000E-09  0.1000E-06
00316 0.542485E+04  0.3003E+03 0.0000E+00 0.1000E+01   5.645  0.2219E-05  0.1000E+01  1.00000  0.8330E-07  0.1000E-09  0.1000E-06
00316 0.544485E+04  0.3003E+03 0.0000E+00 0.1000E+01   5.645  0.2219E-05  0.1000E+01  1.00000  0.8330E-07  0.1000E-09  0.1000E-06
00316 0.546485E+04  0.3003E+03 0.0000E+00 0.1000E+01   5.645  0.2219E-05  0.1000E+01  1.00000  0.8330E-07  0.1000E-09  0.1000E-06
00316 0.548485E+04  0.3003E+03 0.0000E+00 0.1000E+01   5.645  0.2219E-05  0.1000E+01  1.00000  0.8330E-07  0.1000E-09  0.1000E-06
00316 0.550485E+04  0.3003E+03 0.0000E+00 0.1000E+01   5.645  0.2219E-05  0.1000E+01  1.00000  0.8330E-07  0.1000E-09  0.1000E-06
00316 0.552485E+04  0.3003E+03 0.0000E+00 0.1000E+01   5.645  0.2219E-05  0.1000E+01  1.00000  0.8330E-07  0.1000E-09  0.1000E-06
00316 0.554485E+04  0.3003E+03 0.0000E+00 0.1000E+01   5.645  0.2219E-05  0.1000E+01  1.00000  0.8330E-07  0.1000E-09  0.1000E-06
00316 0.556485E+04  0.3003E+03 0.0000E+00 0.1000E+01   5.645  0.2219E-05  0.1000E+01  1.00000  0.8330E-07  0.1000E-09  0.1000E-06
00316 0.558485E+04  0.3003E+03 0.0000E+00 0.1000E+01   5.645  0.2219E-05  0.1000E+01  1.00000  0.8330E-07  0.1000E-09  0.1000E-06
00316 0.560485E+04  0.3003E+03 0.0000E+00 0.1000E+01   5.645  0.2219E-05  0.1000E+01  1.00000  0.8330E-07  0.1000E-09  0.1000E-06
00316 0.562485E+04  0.3003E+03 0.0000E+00 0.1000E+01   5.645  0.2219E-05  0.1000E+01  1.00000  0.8330E-07  0.1000E-09  0.1000E-06
00316 0.564485E+04  0.3003E+03 0.0000E+00 0.1000E+01   5.645  0.2219E-05  0.1000E+01  1.00000  0.8330E-07  0.1000E-09  0.1000E-06
00316 0.566485E+04  0.3003E+03 0.0000E+00 0.1000E+01   5.645  0.2219E-05  0.1000E+01  1.00000  0.8330E-07  0.1000E-09  0.1000E-06
00316 0.568485E+04  0.3003E+03 0.0000E+00 0.1000E+01   5.645  0.2219E-05  0.1000E+01  1.00000  0.8330E-07  0.1000E-09  0.1000E-06
00316 0.570485E+04  0.3003E+03 0.0000E+00 0.1000E+01   5.645  0.2219E-05  0.1000E+01  1.00000  0.8330E-07  0.1000E-09  0.1000E-06
00316 0.572485E+04  0.3003E+03 0.0000E+00 0.1000E+01   5.645  0.2219E-05  0.1000E+01  1.00000  0.8330E-07  0.1000E-09  0.1000E-06
00316 0.574485E+04  0.3003E+03 0.0000E+00 0.1000E+01   5.645  0.2219E-05  0.1000E+01  1.00000  0.8330E-07  0.1000E-09  0.1000E-06
00316 0.576485E+04  0.3003E+03 0.0000E+00 0.1000E+01   5.645  0.2219E-05  0.1000E+01  1.00000  0.8330E-07  0.1000E-09  0.1000E-06
00316 0.578485E+04  0.3003E+03 0.0000E+00 0.1000E+01   5.645  0.2219E-05  0.1000E+01  1.00000  0.8330E-07  0.1000E-09  0.1000E-06
00316 0.580485E+04  0.3003E+03 0.0000E+00 0.1000E+01   5.645  0.2219E-05  0.1000E+01  1.00000  0.8330E-07  0.1000E-09  0.1000E-06
00316 0.582485E+04  0.3003E+03 0.0000E+00 0.1000E+01   5.645  0.2219E-05  0.1000E+01  1.00000  0.8330E-07  0.1000E-09  0.1000E-06
00316 0.584485E+04  0.3003E+03 0.0000E+00 0.1000E+01   5.645  0.2219E-05  0.1000E+01  1.00000  0.8330E-07  0.1000E-09  0.1000E-06
00316 0.586485E+04  0.3003E+03 0.0000E+00 0.1000E+01   5.645  0.2219E-05  0.1000E+01  1.00000  0.8330E-07  0.1000E-09  0.1000E-06
00316 0.588485E+04  0.3003E+03 0.0000E+00 0.1000E+01   5.645  0.2219E-05  0.1000E+01  1.00000  0.8330E-07  0.1000E-09  0.1000E-06
00316 0.590485E+04  0.3003E+03 0.0000E+00 0.1000E+01   5.645  0.2219E-05  0.1000E+01  1.00000  0.8330E-07  0.1000E-09  0.1000E-06
00316 0.592485E+04  0.3003E+03 0.0000E+00 0.1000E+01   5.645  0.2219E-05  0.1000E+01  1.00000  0.8330E-07  0.1000E-09  0.1000E-06
00316 0.594485E+04  0.3003E+03 0.0000E+00 0.1000E+01   5.645  0.2219E-05  0.1000E+01  1.00000  0.8330E-07  0.1000E-09  0.1000E-06
00316 0.596485E+04  0.3003E+03 0.0000E+00 0.1000E+01   5.645  0.2219E-05  0.1000E+01  1.00000  0.8330E-07  0.1000E-09  0.1000E-06
00316 0.598485E+04  0.3003E+03 0.0000E+00 0.1000E+01   5.645  0.2219E-05  0.1000E+01  1.00000  0.8330E-07  0.1000E-09  0.1000E-06
00316 0.600485E+04  0.3003E+03 0.0000E+00 0.1000E+01   5.645  0.2219E-05  0.1000E+01  1.00000  0.8330E-07  0.1000E-09  0.1000E-06
00316 0.602485E+04  0.3003E+03 0.0000E+00 0.1000E+01   5.645  0.2219E-05  0.1000E+01  1.00000  0.8330E-07  0.1000E-09  0.1000E-06
00316 0.604485E+04  0.3003E+03 0.0000E+00 0.1000E+01   5.645  0.2219E-05  0.1000E+01  1.00000  0.8330E-07  0.1000E-09  0.1000E-06
00316 0.606485E+04  0.3003E+03 0.0000E+00 0.1000E+01   5.645  0.2219E-05  0.1000E+01  1.00000  0.8330E-07  0.1000E-09  0.1000E-06
00316 0.608485E+04  0.3003E+03 0.0000E+00 0.1000E+01   5.645  0.2219E-05  0.1000E+01  1.00000  0.8330E-07  0.1000E-09  0.1000E-06
00316 0.610485E+04  0.3003E+03 0.0000E+00 0.1000E+01   5.645  0.2219E-05  0.1000E+01  1.00000  0.8330E-07  0.1000E-09  0.1000E-06
00316 0.612485E+04  0.3003E+03 0.0000E+00 0.1000E+01   5.645  0.2219E-05  0.1000E+01  1.00000  0.8330E-07  0.1000E-09  0.1000E-06
00316 0.614485E+04  0.3003E+03 0.0000E+00 0.1000E+01   5.645  0.2219E-05  0.1000E+01  1.00000  0.8330E-07  0.1000E-09  0.1000E-06
00316 0.616485E+04  0.3003E+03 0.0000E+00 0.1000E+01   5.645  0.2219E-05  0.1000E+01  1.00000  0.8330E-07  0.1000E-09  0.1000E-06
00316 0.618485E+04  0.3003E+03 0.0000E+00 0.1000E+01   5.645  0.2219E-05  0.1000E+01  1.00000  0.8330E-07  0.1000E-09  0.1000E-06
00316 0.620485E+04  0.3003E+03 0.0000E+00 0.1000E+01   5.645  0.2219E-05  0.1000E+01  1.00000  0.8330E-07  0.1000E-09  0.1000E-06
00316 0.622485E+04  0.3003E+03 0.0000E+00 0.1000E+01   5.645  0.2219E-05  0.1000E+01  1.00000  0.8330E-07  0.1000E-09  0.1000E-06
00316 0.624485E+04  0.3003E+03 0.0000E+00 0.1000E+01   5.645  0.2219E-05  0.1000E+01  1.00000  0.8330E-07  0.1000E-09  0.1000E-06
00316 0.626485E+04  0.3003E+03 0.0000E+00 0.1000E+01   5.645  0.2219E-05  0.1000E+01  1.00000  0.8330E-07  0.1000E-09  0.1000E-06
00316 0.628485E+04  0.3003E+03 0.0000E+00 0.1000E+01   5.645  0.2219E-05  0.1000E+01  1.00000  0.8330E-07  0.1000E-09  0.1000E-06
00316 0.630485E+04  0.3003E+03 0.0000E+00 0.1000E+01   5.645  0.2219E-05  0.1000E+01  1.00000  0.8330E-07  0.1000E-09  0.1000E-06
00316 0.632485E+04  0.3003E+03 0.0000E+00 0.1000E+01   5.645  0.2219E-05  0.1000E+01  1.00000  0.8330E-07  0.1000E-09  0.1000E-06
00316 0.634485E+04  0.3003E+03 0.0000E+00 0.1000E+01   5.645  0.2219E-05  0.1000E+01  1.00000  0.8330E-07  0.1000E-09  0.1000E-06
00316 0.636485E+04  0.3003E+03 0.0000E+00 0.1000E+01   5.645  0.2219E-05  0.1000E+01  1.00000  0.8330E-07  0.1000E-09  0.1000E-06
00316 0.638485E+04  0.3003E+03 0.0000E+00 0.1000E+01   5.645  0.2219E-05  0.1000E+01  1.00000  0.8330E-07  0.1000E-09  0.1000E-06
00316 0.640485E+04  0.3003E+03 0.0000E+00 0.1000E+01   5.645  0.2219E-05  0.1000E+01  1.00000  0.8330E-07  0.1000E-09  0.1000E-06
00316 0.642485E+04  0.3003E+03 0.0000E+00 0.1000E+01   5.645  0.2219E-05  0.1000E+01  1.00000  0.8330E-07  0.1000E-09  0.1000E-06
00316 0.644485E+04  0.3003E+03 0.0000E+00 0.1000E+01   5.645  0.2219E-05  0.1000E+01  1.00000  0.8330E-07  0.1000E-09  0.1000E-06
00316 0.646485E+04  0.3003E+03 0.0000E+00 0.1000E+01   5.645  0.2219E-05  0.1000E+01  1.00000  0.8330E-07  0.1000E-09  0.1000E-06
00316 0.648485E+04  0.3003E+03 0.0000E+00 0.1000E+01   5.645  0.2219E-05  0.1000E+01  1.00000  0.8330E-07  0.1000E-09  0.1000E-06
00316 0.650485E+04  0.3003E+03 0.0000E+00 0.1000E+01   5.645  0.2219E-05  0.1000E+01  1.00000  0.8330E-07  0.1000E-09  0.1000E-06
00316 0.652485E+04  0.3003E+03 0.0000E+00 0.1000E+01   5.645  0.2219E-05  0.1000E+01  1.00000  0.8330E-07  0.1000E-09  0.1000E-06
00316 0.654485E+04  0.3003E+03 0.0000E+00 0.1000E+01   5.645  0.2219E-05  0.1000E+01  1.00000  0.8330E-07  0.1000E-09  0.1000E-06
00316 0.656485E+04  0.3003E+03 0.0000E+00 0.1000E+01   5.645  0.2219E-05  0.1000E+01  1.00000  0.8330E-07  0.1000E-09  0.1000E-06
00316 0.658485E+04  0.3003E+03 0.0000E+00 0.1000E+01   5.645  0.2219E-05  0.1000E+01  1.00000  0.8330E-07  0.1000E-09  0.1000E-06
00316 0.660485E+04  0.3003E+03 0.0000E+00 0.1000E+01   5.645  0.2219E-05  0.1000E+01  1.00000  0.8330E-07  0.1000E-09  0.1000E-06
00316 0.662485E+04  0.3003E+03 0.0000E+00 0.1000E+01   5.645  0.2219E-05  0.1000E+01  1.00000  0.8330E-07  0.1000E-09  0.1000E-06
00316 0.664485E+04  0.3003E+03 0.0000E+00 0.1000E+01   5.645  0.2219E-05  0.1000E+01  1.00000  0.8330E-07  0.1000E-09  0.1000E-06
00316 0.666485E+04  0.3003E+03 0.0000E+00 0.1000E+01   5.645  0.2219E-05  0.1000E+01  1.00000  0.8330E-07  0.1000E-09  0.1000E-06
00316 0.668485E+04  0.3003E+03 0.0000E+00 0.1000E+01   5.645  0.2219E-05  0.1000E+01  1.00000  0.8330E-07  0.1000E-09  0.1000E-06
00316 0.670485E+04  0.3003E+03 0.0000E+00 0.1000E+01   5.645  0.2219E-05  0.1000E+01  1.00000  0.8330E-07  0.1000E-09  0.1000E-06
00316 0.672485E+04  0.3003E+03 0.0000E+00 0.1000E+01   5.645  0.2219E-05  0.1000E+01  1.00000  0.8330E-07  0.1000E-09  0.1000E-06
00316 0.674485E+04  0.3003E+03 0.0000E+00 0.1000E+01   5.645  0.2219E-05  0.1000E+01  1.00000  0.8330E-07  0.1000E-09  0.1000E-06
00316 0.676485E+04  0.3003E+03 0.0000E+00 0.1000E+01   5.645  0.2219E-05  0.1000E+01  1.00000  0.8330E-07  0.1000E-09  0.1000E-06
00316 0.678485E+04  0.3003E+03 0.0000E+00 0.1000E+01   5.645  0.2219E-05  0.1000E+01  1.00000  0.8330E-07  0.1000E-09  0.1000E-06
00316 0.680485E+04  0.3003E+03 0.0000E+00 0.1000E+01   5.645  0.2219E-05  0.1000E+01  1.00000  0.8330E-07  0.1000E-09  0.1000E-06
00316 0.682485E+04  0.3003E+03 0.0000E+00 0.1000E+01   5.645  0.2219E-05  0.1000E+01  1.00000  0.8330E-07  0.1000E-09  0.1000E-06
00316 0.684485E+04  0.3003E+03 0.0000E+00 0.1000E+01   5.645  0.2219E-05  0.1000E+01  1.00000  0.8330E-07  0.1000E-09  0.1000E-06
00316 0.686485E+04  0.3003E+03 0.0000E+00 0.1000E+01   5.645  0.2219E-05  0.1000E+01  1.00000  0.8330E-07  0.1000E-09  0.1000E-06
00316 0.688485E+04  0.3003E+03 0.0000E+00 0.1000E+01   5.645  0.2219E-05  0.1000E+01  1.00000  0.8330E-07  0.1000E-09  0.1000E-06
00316 0.690485E+04  0.3003E+03 0.0000E+00 0.1000E+01   5.645  0.2219E-05  0.1000E+01  1.00000  0.8330E-07  0.1000E-09  0.1000E-06
00316 0.692485E+04  0.3003E+03 0.0000E+00 0.1000E+01   5.645  0.2219E-05  0.1000E+01  1.00000  0.8330E-07  0.1000E-09  0.1000E-06
00316 0.694485E+04  0.3003E+03 0.0000E+00 0.1000E+01   5.645  0.2219E-05  0.1000E+01  1.00000  0.8330E-07  0.1000E-09  0.1000E-06
00316 0.696485E+04  0.3003E+03 0.0000E+00 0.1000E+01   5.645  0.2219E-05  0.1000E+01  1.00000  0.8330E-07  0.1000E-09  0.1000E-06
00316 0.698485E+04  0.3003E+03 0.0000E+00 0.1000E+01   5.645  0.2219E-05  0.1000E+01  1.00000  0.8330E-07  0.1000E-09  0.1000E-06
00316 0.700485E+04  0.3003E+03 0.0000E+00 0.1000E+01   5.645  0.2219E-05  0.1000E+01  1.00000  0.8330E-07  0.1000E-09  0.1000E-06
00316 0.702485E+04  0.3003E+03 0.0000E+00 0.1000E+01   5.645  0.2219E-05  0.1000E+01  1.00000  0.8330E-07  0.1000E-09  0.1000E-06
00316 0.704485E+04  0.3003E+03 0.0000E+00 0.1000E+01   5.645  0.2219E-05  0.1000E+01  1.00000  0.8330E-07  0.1000E-09  0.1000E-06
00316 0.706485E+04  0.3003E+03 0.0000E+00 0.1000E+01   5.645  0.2219E-05  0.1000E+01  1.00000  0.8330E-07  0.1000E-09  0.1000E-06
00316 0.708485E+04  0.3003E+03 0.0000E+00 0.1000E+01   5.645  0.2219E-05  0.1000E+01  1.00000  0.8330E-07  0.1000E-09  0.1000E-06
00316 0.710485E+04  0.3003E+03 0.0000E+00 0.1000E+01   5.645  0.2219E-05  0.1000E+01  1.00000  0.8330E-07  0.1000E-09  0.1000E-06
00316 0.712485E+04  0.3003E+03 0.0000E+00 0.1000E+01   5.645  0.2219E-05  0.1000E+01  1.00000  0.8330E-07  0.1000E-09  0.1000E-06
00316 0.714485E+04  0.3003E+03 0.0000E+00 0.1000E+01   5.645  0.2219E-05  0.1000E+01  1.00000  0.8330E-07  0.1000E-09  0.1000E-06
00316 0.716485E+04  0.3003E+03 0.0000E+00 0.1000E+01   5.645  0.2219E-05  0.1000E+01  1.00000  0.8330E-07  0.1000E-09  0.1000E-06
00316 0.718485E+04  0.3003E+03 0.0000E+00 0.1000E+01   5.645  0.2219E-05  0.1000E+01  1.00000  0.8330E-07  0.1000E-09  0.1000E-06
00316 0.720485E+04  0.3003E+03 0.0000E+00 0.1000E+01   5.645  0.2219E-05  0.1000E+01  1.00000  0.8330E-07  0.1000E-09  0.1000E-06
00316 0.722485E+04  0.3003E+03 0.0000E+00 0.1000E+01   5.645  0.2219E-05  0.1000E+01  1.00000  0.8330E-07  0.1000E-09  0.1000E-06
00316 0.724485E+04  0.3003E+03 0.0000E+00 0.1000E+01   5.645  0.2219E-05  0.1000E+01  1.00000  0.8330E-07  0.1000E-09  0.1000E-06
00316 0.726485E+04  0.3003E+03 0.0000E+00 0.1000E+01   5.645  0.2219E-05  0.1000E+01  1.00000  0.8330E-07  0.1000E-09  0.1000E-06
00316 0.728485E+04  0.3003E+03 0.0000E+00 0.1000E+01   5.645  0.2219E-05  0.1000E+01  1.00000  0.8330E-07  0.1000E-09  0.1000E-06
00316 0.730485E+04  0.3003E+03 0.0000E+00 0.1000E+01   5.645  0.2219E-05  0.1000E+01  1.00000  0.8330E-07  0.1000E-09  0.1000E-06
00316 0.732485E+04  0.3003E+03 0.0000E+00 0.1000E+01   5.645  0.2219E-05  0.1000E+01  1.00000  0.8330E-07  0.1000E-09  0.1000E-06
00316 0.734485E+04  0.3003E+03 0.0000E+00 0.1000E+01   5.645  0.2219E-05  0.1000E+01  1.00000  0.8330E-07  0.1000E-09  0.1000E-06
00316 0.736485E+04  0.3003E+03 0.0000E+00 0.1000E+01   5.645  0.2219E-05  0.1000E+01  1.00000  0.8330E-07  0.1000E-09  0.1000E-06
00316 0.738485E+04  0.3003E+03 0.0000E+00 0.1000E+01   5.645  0.2219E-05  0.1000E+01  1.00000  0.8330E-07  0.1000E-09  0.1000E-06
00316 0.740485E+04  0.3003E+03 0.0000E+00 0.1000E+01   5.645  0.2219E-05  0.1000E+01  1.00000  0.8330E-07  0.1000E-09  0.1000E-06
00316 0.742485E+04  0.3003E+03 0.0000E+00 0.1000E+01   5.645  0.2219E-05  0.1000E+01  1.00000  0.8330E-07  0.1000E-09  0.1000E-06
00316 0.744485E+04  0.3003E+03 0.0000E+00 0.1000E+01   5.645  0.2219E-05  0.1000E+01  1.00000  0.8330E-07  0.1000E-09  0.1000E-06
00316 0.746485E+04  0.3003E+03 0.0000E+00 0.1000E+01   5.645  0.2219E-05  0.1000E+01  1.00000  0.8330E-07  0.1000E-09  0.1000E-06
00316 0.748485E+04  0.3003E+03 0.0000E+00 0.1000E+01   5.645  0.2219E-05  0.1000E+01  1.00000  0.8330E-07  0.1000E-09  0.1000E-06
00316 0.750485E+04  0.3003E+03 0.0000E+00 0.1000E+01   5.645  0.2219E-05  0.1000E+01  1.00000  0.8330E-07  0.1000E-09  0.1000E-06
00316 0.752485E+04  0.3003E+03 0.0000E+00 0.1000E+01   5.645  0.2219E-05  0.1000E+01  1.00000  0.8330E-07  0.1000E-09  0.1000E-06
00316 0.754485E+04  0.3003E+03 0.0000E+00 0.1000E+01   5.645  0.2219E-05  0.1000E+01  1.00000  0.8330E-07  0.1000E-09  0.1000E-06
00316 0.756485E+04  0.3003E+03 0.0000E+00 0.1000E+01   5.645  0.2219E-05  0.1000E+01  1.00000  0.8330E-07  0.1000E-09  0.1000E-06
00316 0.758485E+04  0.3003E+03 0.0000E+00 0.1000E+01   5.645  0.2219E-05  0.1000E+01  1.00000  0.8330E-07  0.1000E-09  0.1000E-06
00316 0.760485E+04  0.3003E+03 0.0000E+00 0.1000E+01   5.645  0.2219E-05  0.1000E+01  1.00000  0.8330E-07  0.1000E-09  0.1000E-06
00316 0.762485E+04  0.3003E+03 0.0000E+00 0.1000E+01   5.645  0.2219E-05  0.1000E+01  1.00000  0.8330E-07  0.1000E-09  0.1000E-06
00316 0.764485E+04  0.3003E+03 0.0000E+00 0.1000E+01   5.645  0.2219E-05  0.1000E+01  1.00000  0.8330E-07  0.1000E-09  0.1000E-06
00316 0.766485E+04  0.3003E+03 0.0000E+00 0.1000E+01   5.645  0.2219E-05  0.1000E+01  1.00000  0.8330E-07  0.1000E-09  0.1000E-06
00316 0.768485E+04  0.3003E+03 0.0000E+00 0.1000E+01   5.645  0.2219E-05  0.1000E+01  1.00000  0.8330E-07  0.1000E-09  0.1000E-06
00316 0.770485E+04  0.3003E+03 0.0000E+00 0.1000E+01   5.645  0.2219E-05  0.1000E+01  1.00000  0.8330E-07  0.1000E-09  0.1000E-06
00316 0.772485E+04  0.3003E+03 0.0000E+00 0.1000E+01   5.645  0.2219E-05  0.1000E+01  1.00000  0.8330E-07  0.1000E-09  0.1000E-06
00316 0.774485E+04  0.3003E+03 0.0000E+00 0.1000E+01   5.645  0.2219E-05  0.1000E+01  1.00000  0.8330E-07  0.1000E-09  0.1000E-06
00316 0.776485E+04  0.3003E+03 0.0000E+00 0.1000E+01   5.645  0.2219E-05  0.1000E+01  1.00000  0.8330E-07  0.1000E-09  0.1000E-06
00316 0.778485E+04  0.3003E+03 0.0000E+00 0.1000E+01   5.645  0.2219E-05  0.1000E+01  1.00000  0.8330E-07  0.1000E-09  0.1000E-06
00316 0.780485E+04  0.3003E+03 0.0000E+00 0.1000E+01   5.645  0.2219E-05  0.1000E+01  1.00000  0.8330E-07  0.1000E-09  0.1000E-06
00316 0.782485E+04  0.3003E+03 0.0000E+00 0.1000E+01   5.645  0.2219E-05  0.1000E+01  1.00000  0.8330E-07  0.1000E-09  0.1000E-06
00316 0.784485E+04  0.3003E+03 0.0000E+00 0.1000E+01   5.645  0.2219E-05  0.1000E+01  1.00000  0.8330E-07  0.1000E-09  0.1000E-06
00316 0.786485E+04  0.3003E+03 0.0000E+00 0.1000E+01   5.645  0.2219E-05  0.1000E+01  1.00000  0.8330E-07  0.1000E-09  0.1000E-06
00316 0.788485E+04  0.3003E+03 0.0000E+00 0.1000E+01   5.645  0.2219E-05  0.1000E+01  1.00000  0.8330E-07  0.1000E-09  0.1000E-06
00316 0.790485E+04  0.3003E+03 0.0000E+00 0.1000E+01   5.645  0.2219E-05  0.1000E+01  1.00000  0.8330E-07  0.1000E-09  0.1000E-06
00316 0.792485E+04  0.3003E+03 0.0000E+00 0.1000E+01   5.645  0.2219E-05  0.1000E+01  1.00000  0.8330E-07  0.1000E-09  0.1000E-06
00316 0.794485E+04  0.3003E+03 0.0000E+00 0.1000E+01   5.645  0.2219E-05  0.1000E+01  1.00000  0.8330E-07  0.1000E-09  0.1000E-06
00316 0.796485E+04  0.3003E+03 0.0000E+00 0.1000E+01   5.645  0.2219E-05  0.1000E+01  1.00000  0.8330E-07  0.1000E-09  0.1000E-06
00316 0.798485E+04  0.3003E+03 0.0000E+00 0.1000E+01   5.645  0.2219E-05  0.1000E+01  1.00000  0.8330E-07  0.1000E-09  0.1000E-06
00316 0.800485E+04  0.3003E+03 0.0000E+00 0.1000E+01   5.645  0.2219E-05  0.1000E+01  1.00000  0.8330E-07  0.1000E-09  0.1000E-06
00316 0.802485E+04  0.3003E+03 0.0000E+00 0.1000E+01   5.645  0.2219E-05  0.1000E+01  1.00000  0.8330E-07  0.1000E-09  0.1000E-06
00316 0.804485E+04  0.3003E+03 0.0000E+00 0.1000E+01   5.645  0.2219E-05  0.1000E+01  1.00000  0.8330E-07  0.1000E-09  0.1000E-06
00316 0.806485E+04  0.3003E+03 0.0000E+00 0.1000E+01   5.645  0.2219E-05  0.1000E+01  1.00000  0.8330E-07  0.1000E-09  0.1000E-06
00316 0.808485E+04  0.3003E+03 0.0000E+00 0.1000E+01   5.645  0.2219E-05  0.1000E+01  1.00000  0.8330E-07  0.1000E-09  0.1000E-06
00316 0.810485E+04  0.3003E+03 0.0000E+00 0.1000E+01   5.645  0.2219E-05  0.1000E+01  1.00000  0.8330E-07  0.1000E-09  0.1000E-06
00316 0.812485E+04  0.3003E+03 0.0000E+00 0.1000E+01   5.645  0.2219E-05  0.1000E+01  1.00000  0.8330E-07  0.1000E-09  0.1000E-06
00316 0.814485E+04  0.3003E+03 0.0000E+00 0.1000E+01   5.645  0.2219E-05  0.1000E+01  1.00000  0.8330E-07  0.1000E-09  0.1000E-06
00316 0.816485E+04  0.3003E+03 0.0000E+00 0.1000E+01   5.645  0.2219E-05  0.1000E+01  1.00000  0.8330E-07  0.1000E-09  0.1000E-06
00316 0.818485E+04  0.3003E+03 0.0000E+00 0.1000E+01   5.645  0.2219E-05  0.1000E+01  1.00000  0.8330E-07  0.1000E-09  0.1000E-06
00316 0.820485E+04  0.3003E+03 0.0000E+00 0.1000E+01   5.645  0.2219E-05  0.1000E+01  1.00000  0.8330E-07  0.1000E-09  0.1000E-06
00316 0.822485E+04  0.3003E+03 0.0000E+00 0.1000E+01   5.645  0.2219E-05  0.1000E+01  1.00000  0.8330E-07  0.1000E-09  0.1000E-06
00316 0.824485E+04  0.3003E+03 0.0000E+00 0.1000E+01   5.645  0.2219E-05  0.1000E+01  1.00000  0.8330E-07  0.1000E-09  0.1000E-06
00316 0.826485E+04  0.3003E+03 0.0000E+00 0.1000E+01   5.645  0.2219E-05  0.1000E+01  1.00000  0.8330E-07  0.1000E-09  0.1000E-06
00316 0.828485E+04  0.3003E+03 0.0000E+00 0.1000E+01   5.645  0.2219E-05  0.1000E+01  1.00000  0.8330E-07  0.1000E-09  0.1000E-06
00316 0.830485E+04  0.3003E+03 0.0000E+00 0.1000E+01   5.645  0.2219E-05  0.1000E+01  1.00000  0.8330E-07  0.1000E-09  0.1000E-06
00316 0.832485E+04  0.3003E+03 0.0000E+00 0.1000E+01   5.645  0.2219E-05  0.1000E+01  1.00000  0.8330E-07  0.1000E-09  0.1000E-06
00316 0.834485E+04  0.3003E+03 0.0000E+00 0.1000E+01   5.645  0.2219E-05  0.1000E+01  1.00000  0.8330E-07  0.1000E-09  0.1000E-06
00316 0.836485E+04  0.3003E+03 0.0000E+00 0.1000E+01   5.645  0.2219E-05  0.1000E+01  1.00000  0.8330E-07  0.1000E-09  0.1000E-06
00316 0.838485E+04  0.3003E+03 0.0000E+00 0.1000E+01   5.645  0.2219E-05  0.1000E+01  1.00000  0.8330E-07  0.1000E-09  0.1000E-06
00316 0.840485E+04  0.3003E+03 0.0000E+00 0.1000E+01   5.645  0.2219E-05  0.1000E+01  1.00000  0.8330E-07  0.1000E-09  0.1000E-06
00316 0.842485E+04  0.3003E+03 0.0000E+00 0.1000E+01   5.645  0.2219E-05  0.1000E+01  1.00000  0.8330E-07  0.1000E-09  0.1000E-06
00316 0.844485E+04  0.3003E+03 0.0000E+00 0.1000E+01   5.645  0.2219E-05  0.1000E+01  1.00000  0.8330E-07  0.1000E-09  0.1000E-06
00316 0.846485E+04  0.3003E+03 0.0000E+00 0.1000E+01   5.645  0.2219E-05  0.1000E+01  1.00000  0.8330E-07  0.1000E-09  0.1000E-06
00316 0.848485E+04  0.3003E+03 0.0000E+00 0.1000E+01   5.645  0.2219E-05  0.1000E+01  1.00000  0.8330E-07  0.1000E-09  0.1000E-06
00316 0.850485E+04  0.3003E+03 0.0000E+00 0.1000E+01   5.645  0.2219E-05  0.1000E+01  1.00000  0.8330E-07  0.1000E-09  0.1000E-06
00316 0.852485E+04  0.3003E+03 0.0000E+00 0.1000E+01   5.645  0.2219E-05  0.1000E+01  1.00000  0.8330E-07  0.1000E-09  0.1000E-06
00316 0.854485E+04  0.3003E+03 0.0000E+00 0.1000E+01   5.645  0.2219E-05  0.1000E+01  1.00000  0.8330E-07  0.1000E-09  0.1000E-06
00316 0.856485E+04  0.3003E+03 0.0000E+00 0.1000E+01   5.645  0.2219E-05  0.1000E+01  1.00000  0.8330E-07  0.1000E-09  0.1000E-06
00316 0.858485E+04  0.3003E+03 0.0000E+00 0.1000E+01   5.645  0.2219E-05  0.1000E+01  1.00000  0.8330E-07  0.1000E-09  0.1000E-06
00316 0.860485E+04  0.3003E+03 0.0000E+00 0.1000E+01   5.645  0.2219E-05  0.1000E+01  1.00000  0.8330E-07  0.1000E-09  0.1000E-06
00316 0.862485E+04  0.3003E+03 0.0000E+00 0.1000E+01   5.645  0.2219E-05  0.1000E+01  1.00000  0.8330E-07  0.1000E-09  0.1000E-06
00316 0.864485E+04  0.3003E+03 0.0000E+00 0.1000E+01   5.645  0.2219E-05  0.1000E+01  1.00000  0.8330E-07  0.1000E-09  0.1000E-06
00316 0.866485E+04  0.3003E+03 0.0000E+00 0.1000E+01   5.645  0.2219E-05  0.1000E+01  1.00000  0.8330E-07  0.1000E-09  0.1000E-06
00316 0.868485E+04  0.3003E+03 0.0000E+00 0.1000E+01   5.645  0.2219E-05  0.1000E+01  1.00000  0.8330E-07  0.1000E-09  0.1000E-06
00316 0.870485E+04  0.3003E+03 0.0000E+00 0.1000E+01   5.645  0.2219E-05  0.1000E+01  1.00000  0.8330E-07  0.1000E-09  0.1000E-06
00316 0.872485E+04  0.3003E+03 0.0000E+00 0.1000E+01   5.645  0.2219E-05  0.1000E+01  1.00000  0.8330E-07  0.1000E-09  0.1000E-06
00316 0.874485E+04  0.3003E+03 0.0000E+00 0.1000E+01   5.645  0.2219E-05  0.1000E+01  1.00000  0.8330E-07  0.1000E-09  0.1000E-06
00316 0.876485E+04  0.3003E+03 0.0000E+00 0.1000E+01   5.645  0.2219E-05  0.1000E+01  1.00000  0.8330E-07  0.1000E-09  0.1000E-06
00316 0.878485E+04  0.3003E+03 0.0000E+00 0.1000E+01   5.645  0.2219E-05  0.1000E+01  1.00000  0.8330E-07  0.1000E-09  0.1000E-06
00316 0.880485E+04  0.3003E+03 0.0000E+00 0.1000E+01   5.645  0.2219E-05  0.1000E+01  1.00000  0.8330E-07  0.1000E-09  0.1000E-06
00316 0.882485E+04  0.3003E+03 0.0000E+00 0.1000E+01   5.645  0.2219E-05  0.1000E+01  1.00000  0.8330E-07  0.1000E-09  0.1000E-06
00316 0.884485E+04  0.3003E+03 0.0000E+00 0.1000E+01   5.645  0.2219E-05  0.1000E+01  1.00000  0.8330E-07  0.1000E-09  0.1000E-06
00316 0.886485E+04  0.3003E+03 0.0000E+00 0.1000E+01   5.645  0.2219E-05  0.1000E+01  1.00000  0.8330E-07  0.1000E-09  0.1000E-06
00316 0.888485E+04  0.3003E+03 0.0000E+00 0.1000E+01   5.645  0.2219E-05  0.1000E+01  1.00000  0.8330E-07  0.1000E-09  0.1000E-06
00316 0.890485E+04  0.3003E+03 0.0000E+00 0.1000E+01   5.645  0.2219E-05  0.1000E+01  1.00000  0.8330E-07  0.1000E-09  0.1000E-06
00316 0.892485E+04  0.3003E+03 0.0000E+00 0.1000E+01   5.645  0.2219E-05  0.1000E+01  1.00000  0.8330E-07  0.1000E-09  0.1000E-06
00316 0.894485E+04  0.3003E+03 0.0000E+00 0.1000E+01   5.645  0.2219E-05  0.1000E+01  1.00000  0.8330E-07  0.1000E-09  0.1000E-06
00316 0.896485E+04  0.3003E+03 0.0000E+00 0.1000E+01   5.645  0.2219E-05  0.1000E+01  1.00000  0.8330E-07  0.1000E-09  0.1000E-06
00316 0.898485E+04  0.3003E+03 0.0000E+00 0.1000E+01   5.645  0.2219E-05  0.1000E+01  1.00000  0.8330E-07  0.1000E-09  0.1000E-06
00316 0.900485E+04  0.3003E+03 0.0000E+00 0.1000E+01   5.645  0.2219E-05  0.1000E+01  1.00000  0.8330E-07  0.1000E-09  0.1000E-06
00316 0.902485E+04  0.3003E+03 0.0000E+00 0.1000E+01   5.645  0.2219E-05  0.1000E+01  1.00000  0.8330E-07  0.1000E-09  0.1000E-06
00316 0.904485E+04  0.3003E+03 0.0000E+00 0.1000E+01   5.645  0.2219E-05  0.1000E+01  1.00000  0.8330E-07  0.1000E-09  0.1000E-06
00316 0.906485E+04  0.3003E+03 0.0000E+00 0.1000E+01   5.645  0.2219E-05  0.1000E+01  1.00000  0.8330E-07  0.1000E-09  0.1000E-06
00316 0.908485E+04  0.3003E+03 0.0000E+00 0.1000E+01   5.645  0.2219E-05  0.1000E+01  1.00000  0.8330E-07  0.1000E-09  0.1000E-06
00316 0.910485E+04  0.3003E+03 0.0000E+00 0.1000E+01   5.645  0.2219E-05  0.1000E+01  1.00000  0.8330E-07  0.1000E-09  0.1000E-06
00316 0.912485E+04  0.3003E+03 0.0000E+00 0.1000E+01   5.645  0.2219E-05  0.1000E+01  1.00000  0.8330E-07  0.1000E-09  0.1000E-06
00316 0.914485E+04  0.3003E+03 0.0000E+00 0.1000E+01   5.645  0.2219E-05  0.1000E+01  1.00000  0.8330E-07  0.1000E-09  0.1000E-06
00316 0.916485E+04  0.3003E+03 0.0000E+00 0.1000E+01   5.645  0.2219E-05  0.1000E+01  1.00000  0.8330E-07  0.1000E-09  0.1000E-06
00316 0.918485E+04  0.3003E+03 0.0000E+00 0.1000E+01   5.645  0.2219E-05  0.1000E+01  1.00000  0.8330E-07  0.1000E-09  0.1000E-06
00316 0.920485E+04  0.3003E+03 0.0000E+00 0.1000E+01   5.645  0.2219E-05  0.1000E+01  1.00000  0.8330E-07  0.1000E-09  0.1000E-06
00316 0.922485E+04  0.3003E+03 0.0000E+00 0.1000E+01   5.645  0.2219E-05  0.1000E+01  1.00000  0.8330E-07  0.1000E-09  0.1000E-06
00316 0.924485E+04  0.3003E+03 0.0000E+00 0.1000E+01   5.645  0.2219E-05  0.1000E+01  1.00000  0.8330E-07  0.1000E-09  0.1000E-06
00316 0.926485E+04  0.3003E+03 0.0000E+00 0.1000E+01   5.645  0.2219E-05  0.1000E+01  1.00000  0.8330E-07  0.1000E-09  0.1000E-06
00316 0.928485E+04  0.3003E+03 0.0000E+00 0.1000E+01   5.645  0.2219E-05  0.1000E+01  1.00000  0.8330E-07  0.1000E-09  0.1000E-06
00316 0.930485E+04  0.3003E+03 0.0000E+00 0.1000E+01   5.645  0.2219E-05  0.1000E+01  1.00000  0.8330E-07  0.1000E-09  0.1000E-06
00316 0.932485E+04  0.3003E+03 0.0000E+00 0.1000E+01   5.645  0.2219E-05  0.1000E+01  1.00000  0.8330E-07  0.1000E-09  0.1000E-06
00316 0.934485E+04  0.3003E+03 0.0000E+00 0.1000E+01   5.645  0.2219E-05  0.1000E+01  1.00000  0.8330E-07  0.1000E-09  0.1000E-06
00316 0.936485E+04  0.3003E+03 0.0000E+00 0.1000E+01   5.645  0.2219E-05  0.1000E+01  1.00000  0.8330E-07  0.1000E-09  0.1000E-06
00316 0.938485E+04  0.3003E+03 0.0000E+00 0.1000E+01   5.645  0.2219E-05  0.1000E+01  1.00000  0.8330E-07  0.1000E-09  0.1000E-06
00316 0.940485E+04  0.3003E+03 0.0000E+00 0.1000E+01   5.645  0.2219E-05  0.1000E+01  1.00000  0.8330E-07  0.1000E-09  0.1000E-06
00316 0.942485E+04  0.3003E+03 0.0000E+00 0.1000E+01   5.645  0.2219E-05  0.1000E+01  1.00000  0.8330E-07  0.1000E-09  0.1000E-06
00316 0.944485E+04  0.3003E+03 0.0000E+00 0.1000E+01   5.645  0.2219E-05  0.1000E+01  1.00000  0.8330E-07  0.1000E-09  0.1000E-06
00316 0.946485E+04  0.3003E+03 0.0000E+00 0.1000E+01   5.645  0.2219E-05  0.1000E+01  1.00000  0.8330E-07  0.1000E-09  0.1000E-06
00316 0.948485E+04  0.3003E+03 0.0000E+00 0.1000E+01   5.645  0.2219E-05  0.1000E+01  1.00000  0.8330E-07  0.1000E-09  0.1000E-06
00316 0.950485E+04  0.3003E+03 0.0000E+00 0.1000E+01   5.645  0.2219E-05  0.1000E+01  1.00000  0.8330E-07  0.1000E-09  0.1000E-06
00316 0.952485E+04  0.3003E+03 0.0000E+00 0.1000E+01   5.645  0.2219E-05  0.1000E+01  1.00000  0.8330E-07  0.1000E-09  0.1000E-06
00316 0.954485E+04  0.3003E+03 0.0000E+00 0.1000E+01   5.645  0.2219E-05  0.1000E+01  1.00000  0.8330E-07  0.1000E-09  0.1000E-06
00316 0.956485E+04  0.3003E+03 0.0000E+00 0.1000E+01   5.645  0.2219E-05  0.1000E+01  1.00000  0.8330E-07  0.1000E-09  0.1000E-06
00316 0.958485E+04  0.3003E+03 0.0000E+00 0.1000E+01   5.645  0.2219E-05  0.1000E+01  1.00000  0.8330E-07  0.1000E-09  0.1000E-06
00316 0.960485E+04  0.3003E+03 0.0000E+00 0.1000E+01   5.645  0.2219E-05  0.1000E+01  1.00000  0.8330E-07  0.1000E-09  0.1000E-06
00316 0.962485E+04  0.3003E+03 0.0000E+00 0.1000E+01   5.645  0.2219E-05  0.1000E+01  1.00000  0.8330E-07  0.1000E-09  0.1000E-06
00316 0.964485E+04  0.3003E+03 0.0000E+00 0.1000E+01   5.645  0.2219E-05  0.1000E+01  1.00000  0.8330E-07  0.1000E-09  0.1000E-06
00316 0.966485E+04  0.3003E+03 0.0000E+00 0.1000E+01   5.645  0.2219E-05  0.1000E+01  1.00000  0.8330E-07  0.1000E-09  0.1000E-06
00316 0.968485E+04  0.3003E+03 0.0000E+00 0.1000E+01   5.645  0.2219E-05  0.1000E+01  1.00000  0.8330E-07  0.1000E-09  0.1000E-06
00316 0.970485E+04  0.3003E+03 0.0000E+00 0.1000E+01   5.645  0.2219E-05  0.1000E+01  1.00000  0.8330E-07  0.1000E-09  0.1000E-06
00316 0.972485E+04  0.3003E+03 0.0000E+00 0.1000E+01   5.645  0.2219E-05  0.1000E+01  1.00000  0.8330E-07  0.1000E-09  0.1000E-06
00316 0.974485E+04  0.3003E+03 0.0000E+00 0.1000E+01   5.645  0.2219E-05  0.1000E+01  1.00000  0.8330E-07  0.1000E-09  0.1000E-06
00316 0.976485E+04  0.3003E+03 0.0000E+00 0.1000E+01   5.645  0.2219E-05  0.1000E+01  1.00000  0.8330E-07  0.1000E-09  0.1000E-06
00316 0.978485E+04  0.3003E+03 0.0000E+00 0.1000E+01   5.645  0.2219E-05  0.1000E+01  1.00000  0.8330E-07  0.1000E-09  0.1000E-06
00316 0.980485E+04  0.3003E+03 0.0000E+00 0.1000E+01   5.645  0.2219E-05  0.1000E+01  1.00000  0.8330E-07  0.1000E-09  0.1000E-06
00316 0.982485E+04  0.3003E+03 0.0000E+00 0.1000E+01   5.645  0.2219E-05  0.1000E+01  1.00000  0.8330E-07  0.1000E-09  0.1000E-06
00316 0.984485E+04  0.3003E+03 0.0000E+00 0.1000E+01   5.645  0.2219E-05  0.1000E+01  1.00000  0.8330E-07  0.1000E-09  0.1000E-06
00316 0.986485E+04  0.3003E+03 0.0000E+00 0.1000E+01   5.645  0.2219E-05  0.1000E+01  1.00000  0.8330E-07  0.1000E-09  0.1000E-06
00316 0.988485E+04  0.3003E+03 0.0000E+00 0.1000E+01   5.645  0.2219E-05  0.1000E+01  1.00000  0.8330E-07  0.1000E-09  0.1000E-06
00316 0.990485E+04  0.3003E+03 0.0000E+00 0.1000E+01   5.645  0.2219E-05  0.1000E+01  1.00000  0.8330E-07  0.1000E-09  0.1000E-06
00316 0.992485E+04  0.3003E+03 0.0000E+00 0.1000E+01   5.645  0.2219E-05  0.1000E+01  1.00000  0.8330E-07  0.1000E-09  0.1000E-06
00316 0.994485E+04  0.3003E+03 0.0000E+00 0.1000E+01   5.645  0.2219E-05  0.1000E+01  1.00000  0.8330E-07  0.1000E-09  0.1000E-06
00316 0.996485E+04  0.3003E+03 0.0000E+00 0.1000E+01   5.645  0.2219E-05  0.1000E+01  1.00000  0.8330E-07  0.1000E-09  0.1000E-06
00316 0.998485E+04  0.3003E+03 0.0000E+00 0.1000E+01   5.645  0.2219E-05  0.1000E+01  1.00000  0.8330E-07  0.1000E-09  0.1000E-06
00316 0.100000E+05  0.3003E+03 0.0000E+00 0.1000E+01   5.645  0.2219E-05  0.1000E+01  1.00000  0.8330E-07  0.1000E-09  0.1000E-06
