    Geochemical state variables at restart time (s):
0.86400000E+09
     Concentration of primary species mol/kgw :
 0.55508680E+02 0.22694663E-05 0.10000000E-09
 0.55508680E+02 0.22694663E-05 0.10000000E-09
 0.55508680E+02 0.22694663E-05 0.10000000E-09
 0.55508680E+02 0.22694663E-05 0.10000000E-09
 0.55508680E+02 0.22694663E-05 0.10000000E-09
 0.55508680E+02 0.22694663E-05 0.10000000E-09
 0.55508680E+02 0.22694663E-05 0.10000000E-09
 0.55508680E+02 0.22694663E-05 0.10000000E-09
 0.55508680E+02 0.22694663E-05 0.10000000E-09
 0.55508680E+02 0.22694663E-05 0.10000000E-09
 0.55508680E+02 0.22694663E-05 0.10000000E-09
 0.55508680E+02 0.22694663E-05 0.10000000E-09
 0.55508680E+02 0.22694663E-05 0.10000000E-09
 0.55508680E+02 0.22694663E-05 0.10000000E-09
 0.55508680E+02 0.22694663E-05 0.10000000E-09
 0.55508680E+02 0.22694663E-05 0.10000000E-09
 0.55508680E+02 0.22694663E-05 0.10000000E-09
 0.55508680E+02 0.22694663E-05 0.10000000E-09
 0.55508680E+02 0.22694663E-05 0.10000000E-09
 0.55508680E+02 0.22694663E-05 0.10000000E-09
 0.55508680E+02 0.22694663E-05 0.10000000E-09
 0.55508680E+02 0.22694663E-05 0.10000000E-09
 0.55508680E+02 0.22694663E-05 0.10000000E-09
 0.55508680E+02 0.22694663E-05 0.10000000E-09
 0.55508680E+02 0.22694663E-05 0.10000000E-09
 0.55508680E+02 0.22694663E-05 0.10000000E-09
 0.55508680E+02 0.22694663E-05 0.10000000E-09
 0.55508680E+02 0.22694663E-05 0.10000000E-09
 0.55508680E+02 0.22694663E-05 0.10000000E-09
 0.55508680E+02 0.22694663E-05 0.10000000E-09
 0.55508680E+02 0.22694663E-05 0.10000000E-09
 0.55508680E+02 0.22694663E-05 0.10000000E-09
 0.55508680E+02 0.22694663E-05 0.10000000E-09
 0.55508680E+02 0.22694663E-05 0.10000000E-09
 0.55508680E+02 0.22694663E-05 0.10000000E-09
 0.55508680E+02 0.22694663E-05 0.10000000E-09
 0.55508680E+02 0.22694663E-05 0.10000000E-09
 0.55508680E+02 0.22694663E-05 0.10000000E-09
 0.55508680E+02 0.22694663E-05 0.10000000E-09
 0.55508680E+02 0.22694663E-05 0.10000000E-09
 0.55508680E+02 0.22694663E-05 0.10000000E-09
 0.55508680E+02 0.22694663E-05 0.10000000E-09
 0.55508680E+02 0.22694663E-05 0.10000000E-09
 0.55508680E+02 0.22694663E-05 0.10000000E-09
 0.55508680E+02 0.22694663E-05 0.10000000E-09
 0.55508680E+02 0.22694663E-05 0.10000000E-09
 0.55508680E+02 0.22694663E-05 0.10000000E-09
 0.55508680E+02 0.22694663E-05 0.10000000E-09
 0.55508680E+02 0.22694663E-05 0.10000000E-09
 0.55508680E+02 0.22694663E-05 0.10000000E-09
 0.55508680E+02 0.22694663E-05 0.10000000E-09
 0.55508680E+02 0.22694663E-05 0.10000000E-09
 0.55508680E+02 0.22694663E-05 0.10000000E-09
 0.55508680E+02 0.22694663E-05 0.10000000E-09
 0.55508680E+02 0.22694663E-05 0.10000000E-09
 0.55508680E+02 0.22694663E-05 0.10000000E-09
 0.55508680E+02 0.22694663E-05 0.10000000E-09
 0.55508680E+02 0.22694663E-05 0.10000000E-09
 0.55508680E+02 0.22694663E-05 0.10000000E-09
 0.55508680E+02 0.22694663E-05 0.10000000E-09
 0.55508680E+02 0.22694663E-05 0.10000000E-09
 0.55508680E+02 0.22694663E-05 0.10000000E-09
 0.55508680E+02 0.22694663E-05 0.10000000E-09
 0.55508680E+02 0.22694663E-05 0.10000000E-09
 0.55508680E+02 0.22694663E-05 0.10000000E-09
 0.55508680E+02 0.22694663E-05 0.10000000E-09
 0.55508680E+02 0.22694663E-05 0.10000000E-09
 0.55508680E+02 0.22694663E-05 0.10000000E-09
 0.55508680E+02 0.22694663E-05 0.10000000E-09
 0.55508680E+02 0.22694663E-05 0.10000000E-09
 0.55508680E+02 0.22694663E-05 0.10000000E-09
 0.55508680E+02 0.22694663E-05 0.10000000E-09
 0.55508680E+02 0.22694663E-05 0.10000000E-09
 0.55508680E+02 0.22694663E-05 0.10000000E-09
 0.55508680E+02 0.22694663E-05 0.10000000E-09
 0.55508680E+02 0.22694663E-05 0.10000000E-09
 0.55508680E+02 0.22694663E-05 0.10000000E-09
 0.55508680E+02 0.22694663E-05 0.10000000E-09
 0.55508680E+02 0.22694663E-05 0.10000000E-09
 0.55508680E+02 0.22694663E-05 0.10000000E-09
 0.55508680E+02 0.22694663E-05 0.10000000E-09
 0.55508680E+02 0.22694663E-05 0.10000000E-09
 0.55508680E+02 0.22694663E-05 0.10000000E-09
 0.55508680E+02 0.22694663E-05 0.10000000E-09
 0.55508680E+02 0.22694663E-05 0.10000000E-09
 0.55508680E+02 0.22694663E-05 0.10000000E-09
 0.55508680E+02 0.22694663E-05 0.10000000E-09
 0.55508680E+02 0.22694663E-05 0.10000000E-09
 0.55508680E+02 0.22694663E-05 0.10000000E-09
 0.55508680E+02 0.22694663E-05 0.10000000E-09
 0.55508680E+02 0.22694663E-05 0.10000000E-09
 0.55508680E+02 0.22694663E-05 0.10000000E-09
 0.55508680E+02 0.22694663E-05 0.10000000E-09
 0.55508680E+02 0.22694663E-05 0.10000000E-09
 0.55508680E+02 0.22694663E-05 0.10000000E-09
 0.55508680E+02 0.22694663E-05 0.10000000E-09
 0.55508680E+02 0.22694663E-05 0.10000000E-09
 0.55508680E+02 0.22694663E-05 0.10000000E-09
 0.55508680E+02 0.22694663E-05 0.10000000E-09
 0.55508680E+02 0.22694663E-05 0.10000000E-09
 0.55508680E+02 0.22694663E-05 0.10000000E-09
 0.55508680E+02 0.22694663E-05 0.10000000E-09
 0.55508680E+02 0.22694663E-05 0.10000000E-09
 0.55508680E+02 0.22694663E-05 0.10000000E-09
 0.55508680E+02 0.22694663E-05 0.10000000E-09
 0.55508680E+02 0.22694663E-05 0.10000000E-09
 0.55508680E+02 0.22694663E-05 0.10000000E-09
 0.55508680E+02 0.22694663E-05 0.10000000E-09
 0.55508680E+02 0.22694663E-05 0.10000000E-09
 0.55508680E+02 0.22694663E-05 0.10000000E-09
 0.55508680E+02 0.22694663E-05 0.10000000E-09
 0.55508680E+02 0.22694663E-05 0.10000000E-09
 0.55508680E+02 0.22694663E-05 0.10000000E-09
 0.55508680E+02 0.22694663E-05 0.10000000E-09
 0.55508680E+02 0.22694663E-05 0.10000000E-09
 0.55508680E+02 0.22694663E-05 0.10000000E-09
 0.55508680E+02 0.22694663E-05 0.10000000E-09
 0.55508680E+02 0.22694663E-05 0.10000000E-09
 0.55508680E+02 0.22694663E-05 0.10000000E-09
 0.55508680E+02 0.22694663E-05 0.10000000E-09
 0.55508680E+02 0.22694663E-05 0.10000000E-09
 0.55508680E+02 0.22694663E-05 0.10000000E-09
 0.55508680E+02 0.22694663E-05 0.10000000E-09
 0.55508680E+02 0.22694663E-05 0.10000000E-09
 0.55508680E+02 0.22694663E-05 0.10000000E-09
 0.55508680E+02 0.22694663E-05 0.10000000E-09
 0.55508680E+02 0.22694663E-05 0.10000000E-09
 0.55508680E+02 0.22694663E-05 0.10000000E-09
 0.55508680E+02 0.22694663E-05 0.10000000E-09
 0.55508680E+02 0.22694663E-05 0.10000000E-09
 0.55508680E+02 0.22694663E-05 0.10000000E-09
 0.55508680E+02 0.22694663E-05 0.10000000E-09
 0.55508680E+02 0.22694663E-05 0.10000000E-09
 0.55508680E+02 0.22694663E-05 0.10000000E-09
 0.55508680E+02 0.22694663E-05 0.10000000E-09
 0.55508680E+02 0.22694663E-05 0.10000000E-09
 0.55508680E+02 0.22694663E-05 0.10000000E-09
 0.55508680E+02 0.22694663E-05 0.10000000E-09
 0.55508680E+02 0.22694663E-05 0.10000000E-09
 0.55508680E+02 0.22694663E-05 0.10000000E-09
 0.55508680E+02 0.22694663E-05 0.10000000E-09
 0.55508680E+02 0.22694663E-05 0.10000000E-09
 0.55508680E+02 0.22694663E-05 0.10000000E-09
 0.55508680E+02 0.22694663E-05 0.10000000E-09
 0.55508680E+02 0.22694663E-05 0.10000000E-09
 0.55508680E+02 0.22694663E-05 0.10000000E-09
 0.55508680E+02 0.22694663E-05 0.10000000E-09
 0.55508680E+02 0.22694663E-05 0.10000000E-09
 0.55508680E+02 0.22694663E-05 0.10000000E-09
 0.55508680E+02 0.22694663E-05 0.10000000E-09
 0.55508680E+02 0.22694663E-05 0.10000000E-09
 0.55508680E+02 0.22694663E-05 0.10000000E-09
 0.55508680E+02 0.22694663E-05 0.10000000E-09
 0.55508680E+02 0.22694663E-05 0.10000000E-09
 0.55508680E+02 0.22694663E-05 0.10000000E-09
 0.55508680E+02 0.22694663E-05 0.10000000E-09
 0.55508680E+02 0.22694663E-05 0.10000000E-09
 0.55508680E+02 0.22694663E-05 0.10000000E-09
 0.55508680E+02 0.22694663E-05 0.10000000E-09
 0.55508680E+02 0.22694663E-05 0.10000000E-09
 0.55508680E+02 0.22694663E-05 0.10000000E-09
 0.55508680E+02 0.22694663E-05 0.10000000E-09
 0.55508680E+02 0.22694663E-05 0.10000000E-09
 0.55508680E+02 0.22694663E-05 0.10000000E-09
 0.55508680E+02 0.22694663E-05 0.10000000E-09
 0.55508680E+02 0.22694663E-05 0.10000000E-09
 0.55508680E+02 0.22694663E-05 0.10000000E-09
 0.55508680E+02 0.22694663E-05 0.10000000E-09
 0.55508680E+02 0.22694663E-05 0.10000000E-09
 0.55508680E+02 0.22694663E-05 0.10000000E-09
 0.55508680E+02 0.22694663E-05 0.10000000E-09
 0.55508680E+02 0.22694663E-05 0.10000000E-09
 0.55508680E+02 0.22694663E-05 0.10000000E-09
 0.55508680E+02 0.22694663E-05 0.10000000E-09
 0.55508680E+02 0.22694663E-05 0.10000000E-09
 0.55508680E+02 0.22694663E-05 0.10000000E-09
 0.55508680E+02 0.22694663E-05 0.10000000E-09
 0.55508680E+02 0.22694663E-05 0.10000000E-09
 0.55508680E+02 0.22694663E-05 0.10000000E-09
 0.55508680E+02 0.22694663E-05 0.10000000E-09
 0.55508680E+02 0.22694663E-05 0.10000000E-09
 0.55508680E+02 0.22694663E-05 0.10000000E-09
 0.55508680E+02 0.22694663E-05 0.10000000E-09
 0.55508680E+02 0.22694663E-05 0.10000000E-09
 0.55508680E+02 0.22694663E-05 0.10000000E-09
 0.55508680E+02 0.22694663E-05 0.10000000E-09
 0.55508680E+02 0.22694663E-05 0.10000000E-09
 0.55508680E+02 0.22694663E-05 0.10000000E-09
 0.55508680E+02 0.22694663E-05 0.10000000E-09
 0.55508680E+02 0.22694663E-05 0.10000000E-09
 0.55508680E+02 0.22694663E-05 0.10000000E-09
 0.55508680E+02 0.22694663E-05 0.10000000E-09
 0.55508680E+02 0.22694663E-05 0.10000000E-09
 0.55508680E+02 0.22694663E-05 0.10000000E-09
 0.55508680E+02 0.22694663E-05 0.10000000E-09
 0.55508680E+02 0.22694663E-05 0.10000000E-09
 0.55508680E+02 0.22694663E-05 0.10000000E-09
 0.55508680E+02 0.22694663E-05 0.10000000E-09
 0.55508680E+02 0.22694663E-05 0.10000000E-09
 0.55508680E+02 0.22694663E-05 0.10000000E-09
 0.55508680E+02 0.22694663E-05 0.10000000E-09
 0.55508680E+02 0.22694663E-05 0.10000000E-09
 0.55508680E+02 0.22694663E-05 0.10000000E-09
 0.55508680E+02 0.22694663E-05 0.10000000E-09
 0.55508680E+02 0.22694663E-05 0.10000000E-09
 0.55508680E+02 0.22694663E-05 0.10000000E-09
 0.55508680E+02 0.22694663E-05 0.10000000E-09
 0.55508680E+02 0.22694663E-05 0.10000000E-09
 0.55508680E+02 0.22694663E-05 0.10000000E-09
 0.55508680E+02 0.22694663E-05 0.10000000E-09
 0.55508680E+02 0.22694663E-05 0.10000000E-09
 0.55508680E+02 0.22694663E-05 0.10000000E-09
 0.55508680E+02 0.22694663E-05 0.10000000E-09
 0.55508680E+02 0.22694663E-05 0.10000000E-09
 0.55508680E+02 0.22694663E-05 0.10000000E-09
 0.55508680E+02 0.22694663E-05 0.10000000E-09
 0.55508680E+02 0.22694663E-05 0.10000000E-09
 0.55508680E+02 0.22694663E-05 0.10000000E-09
 0.55508680E+02 0.22694663E-05 0.10000000E-09
 0.55508680E+02 0.22694663E-05 0.10000000E-09
 0.55508680E+02 0.22694663E-05 0.10000000E-09
 0.55508680E+02 0.22694663E-05 0.10000000E-09
 0.55508680E+02 0.22694663E-05 0.10000000E-09
 0.55508680E+02 0.22694663E-05 0.10000000E-09
 0.55508680E+02 0.22694663E-05 0.10000000E-09
 0.55508680E+02 0.22694663E-05 0.10000000E-09
 0.55508680E+02 0.22694663E-05 0.10000000E-09
 0.55508680E+02 0.22694663E-05 0.10000000E-09
 0.55508680E+02 0.22694663E-05 0.10000000E-09
 0.55508680E+02 0.22694663E-05 0.10000000E-09
 0.55508680E+02 0.22694663E-05 0.10000000E-09
 0.55508680E+02 0.22694663E-05 0.10000000E-09
 0.55508680E+02 0.22694663E-05 0.10000000E-09
 0.55508680E+02 0.22694663E-05 0.10000000E-09
 0.55508680E+02 0.22694663E-05 0.10000000E-09
 0.55508680E+02 0.22694663E-05 0.10000000E-09
 0.55508680E+02 0.22694663E-05 0.10000000E-09
 0.55508680E+02 0.22694663E-05 0.10000000E-09
 0.55508680E+02 0.22694663E-05 0.10000000E-09
 0.55508680E+02 0.22694663E-05 0.10000000E-09
 0.55508680E+02 0.22694663E-05 0.10000000E-09
 0.55508680E+02 0.22694663E-05 0.10000000E-09
 0.55508680E+02 0.22694663E-05 0.10000000E-09
 0.55508680E+02 0.22694663E-05 0.10000000E-09
 0.55508680E+02 0.22694663E-05 0.10000000E-09
 0.55508680E+02 0.22694663E-05 0.10000000E-09
 0.55508680E+02 0.22694663E-05 0.10000000E-09
 0.55508680E+02 0.22694663E-05 0.10000000E-09
 0.55508680E+02 0.22694663E-05 0.10000000E-09
 0.55508680E+02 0.22694663E-05 0.10000000E-09
 0.55508680E+02 0.22694663E-05 0.10000000E-09
 0.55508680E+02 0.22694663E-05 0.10000000E-09
 0.55508680E+02 0.22694663E-05 0.10000000E-09
 0.55508680E+02 0.22694663E-05 0.10000000E-09
 0.55508680E+02 0.22694663E-05 0.10000000E-09
 0.55508680E+02 0.22694663E-05 0.10000000E-09
 0.55508680E+02 0.22694663E-05 0.10000000E-09
 0.55508680E+02 0.22694663E-05 0.10000000E-09
 0.55508680E+02 0.22694663E-05 0.10000000E-09
 0.55508680E+02 0.22694663E-05 0.10000000E-09
 0.55508680E+02 0.22694663E-05 0.10000000E-09
 0.55508680E+02 0.22694663E-05 0.10000000E-09
 0.55508680E+02 0.22694663E-05 0.10000000E-09
 0.55508680E+02 0.22694663E-05 0.10000000E-09
 0.55508680E+02 0.22694663E-05 0.10000000E-09
 0.55508680E+02 0.22694663E-05 0.10000000E-09
 0.55508680E+02 0.22694663E-05 0.10000000E-09
 0.55508680E+02 0.22694663E-05 0.10000000E-09
 0.55508680E+02 0.22694663E-05 0.10000000E-09
 0.55508680E+02 0.22694663E-05 0.10000000E-09
 0.55508680E+02 0.22694663E-05 0.10000000E-09
 0.55508680E+02 0.22694663E-05 0.10000000E-09
 0.55508680E+02 0.22694663E-05 0.10000000E-09
 0.55508680E+02 0.22694663E-05 0.10000000E-09
 0.55508680E+02 0.22694663E-05 0.10000000E-09
 0.55508680E+02 0.22694663E-05 0.10000000E-09
 0.55508680E+02 0.22694663E-05 0.10000000E-09
 0.55508680E+02 0.22694663E-05 0.10000000E-09
 0.55508680E+02 0.22694663E-05 0.10000000E-09
 0.55508680E+02 0.22694663E-05 0.10000000E-09
 0.55508680E+02 0.22694663E-05 0.10000000E-09
 0.55508680E+02 0.22694663E-05 0.10000000E-09
 0.55508680E+02 0.22694663E-05 0.10000000E-09
 0.55508680E+02 0.22694663E-05 0.10000000E-09
 0.55508680E+02 0.22694663E-05 0.10000000E-09
 0.55508680E+02 0.22694663E-05 0.10000000E-09
 0.55508680E+02 0.22694663E-05 0.10000000E-09
 0.55508680E+02 0.22694663E-05 0.10000000E-09
 0.55508680E+02 0.22694663E-05 0.10000000E-09
 0.55508680E+02 0.22694663E-05 0.10000000E-09
 0.55508680E+02 0.22694663E-05 0.10000000E-09
 0.55508680E+02 0.22694663E-05 0.10000000E-09
 0.55508680E+02 0.22694663E-05 0.10000000E-09
 0.55508680E+02 0.22694663E-05 0.10000000E-09
 0.55508680E+02 0.22694663E-05 0.10000000E-09
 0.55508680E+02 0.22694663E-05 0.10000000E-09
 0.55508680E+02 0.22694663E-05 0.10000000E-09
 0.55508680E+02 0.22694663E-05 0.10000000E-09
 0.55508680E+02 0.22694663E-05 0.10000000E-09
 0.55508680E+02 0.22694663E-05 0.10000000E-09
 0.55508680E+02 0.22694663E-05 0.10000000E-09
 0.55508680E+02 0.22694663E-05 0.10000000E-09
 0.55508680E+02 0.22694663E-05 0.10000000E-09
 0.55508680E+02 0.22694663E-05 0.10000000E-09
 0.55508680E+02 0.22694663E-05 0.10000000E-09
 0.55508680E+02 0.22694663E-05 0.10000000E-09
 0.55508680E+02 0.22694663E-05 0.10000000E-09
 0.55508680E+02 0.22694663E-05 0.10000000E-09
 0.55508680E+02 0.22694663E-05 0.10000000E-09
 0.55508680E+02 0.22694663E-05 0.10000000E-09
 0.55508680E+02 0.22694663E-05 0.10000000E-09
 0.55508680E+02 0.22694663E-05 0.10000000E-09
 0.55508680E+02 0.22694663E-05 0.10000000E-09
 0.55508680E+02 0.22694663E-05 0.10000000E-09
 0.55508680E+02 0.22694663E-05 0.10000000E-09
 0.55508680E+02 0.22694663E-05 0.10000000E-09
 0.55508680E+02 0.22694663E-05 0.10000000E-09
 0.55508680E+02 0.22694663E-05 0.10000000E-09
 0.55508680E+02 0.22694663E-05 0.10000000E-09
 0.55508680E+02 0.22694663E-05 0.10000000E-09
 0.55508680E+02 0.22694663E-05 0.10000000E-09
 0.55508680E+02 0.22694663E-05 0.10000000E-09
 0.55508680E+02 0.22694663E-05 0.10000000E-09
 0.55508680E+02 0.22694663E-05 0.10000000E-09
 0.55508680E+02 0.22694663E-05 0.10000000E-09
 0.55508680E+02 0.22694663E-05 0.10000000E-09
 0.55508680E+02 0.22694663E-05 0.10000000E-09
 0.55508680E+02 0.22694663E-05 0.10000000E-09
 0.55508680E+02 0.22694663E-05 0.10000000E-09
 0.55508680E+02 0.22694663E-05 0.10000000E-09
 0.55508680E+02 0.22694663E-05 0.10000000E-09
 0.55508680E+02 0.22694663E-05 0.10000000E-09
 0.55508680E+02 0.22694663E-05 0.10000000E-09
 0.55508680E+02 0.22694663E-05 0.10000000E-09
 0.55508680E+02 0.22694663E-05 0.10000000E-09
 0.55508680E+02 0.22694663E-05 0.10000000E-09
 0.55508680E+02 0.22694663E-05 0.10000000E-09
 0.55508680E+02 0.22694663E-05 0.10000000E-09
 0.55508680E+02 0.22694663E-05 0.10000000E-09
 0.55508680E+02 0.22694663E-05 0.10000000E-09
 0.55508680E+02 0.22694663E-05 0.10000000E-09
 0.55508680E+02 0.22694663E-05 0.10000000E-09
 0.55508680E+02 0.22694663E-05 0.10000000E-09
 0.55508680E+02 0.22694663E-05 0.10000000E-09
 0.55508680E+02 0.22694663E-05 0.10000000E-09
 0.55508680E+02 0.22694663E-05 0.10000000E-09
 0.55508680E+02 0.22694663E-05 0.10000000E-09
 0.55508680E+02 0.22694663E-05 0.10000000E-09
 0.55508680E+02 0.22694663E-05 0.10000000E-09
 0.55508680E+02 0.22694663E-05 0.10000000E-09
 0.55508680E+02 0.22694663E-05 0.10000000E-09
 0.55508680E+02 0.22694663E-05 0.10000000E-09
 0.55508680E+02 0.22694663E-05 0.10000000E-09
 0.55508680E+02 0.22694663E-05 0.10000000E-09
 0.55508680E+02 0.22694663E-05 0.10000000E-09
 0.55508680E+02 0.22694663E-05 0.10000000E-09
 0.55508680E+02 0.22694663E-05 0.10000000E-09
 0.55508680E+02 0.22694663E-05 0.10000000E-09
 0.55508680E+02 0.22694663E-05 0.10000000E-09
 0.55508680E+02 0.22694663E-05 0.10000000E-09
 0.55508680E+02 0.22694663E-05 0.10000000E-09
 0.55508680E+02 0.22694663E-05 0.10000000E-09
     pH :
  5.645250
  5.645250
  5.645250
  5.645250
  5.645250
  5.645250
  5.645250
  5.645250
  5.645250
  5.645250
  5.645250
  5.645250
  5.645250
  5.645250
  5.645250
  5.645250
  5.645250
  5.645250
  5.645250
  5.645250
  5.645250
  5.645250
  5.645250
  5.645250
  5.645250
  5.645250
  5.645250
  5.645250
  5.645250
  5.645250
  5.645250
  5.645250
  5.645250
  5.645250
  5.645250
  5.645250
  5.645250
  5.645250
  5.645250
  5.645250
  5.645250
  5.645250
  5.645250
  5.645250
  5.645250
  5.645250
  5.645250
  5.645250
  5.645250
  5.645250
  5.645250
  5.645250
  5.645250
  5.645250
  5.645250
  5.645250
  5.645250
  5.645250
  5.645250
  5.645250
  5.645250
  5.645250
  5.645250
  5.645250
  5.645250
  5.645250
  5.645250
  5.645250
  5.645250
  5.645250
  5.645250
  5.645250
  5.645250
  5.645250
  5.645250
  5.645250
  5.645250
  5.645250
  5.645250
  5.645250
  5.645250
  5.645250
  5.645250
  5.645250
  5.645250
  5.645250
  5.645250
  5.645250
  5.645250
  5.645250
  5.645250
  5.645250
  5.645250
  5.645250
  5.645250
  5.645250
  5.645250
  5.645250
  5.645250
  5.645250
  5.645250
  5.645250
  5.645250
  5.645250
  5.645250
  5.645250
  5.645250
  5.645250
  5.645250
  5.645250
  5.645250
  5.645250
  5.645250
  5.645250
  5.645250
  5.645250
  5.645250
  5.645250
  5.645250
  5.645250
  5.645250
  5.645250
  5.645250
  5.645250
  5.645250
  5.645250
  5.645250
  5.645250
  5.645250
  5.645250
  5.645250
  5.645250
  5.645250
  5.645250
  5.645250
  5.645250
  5.645250
  5.645250
  5.645250
  5.645250
  5.645250
  5.645250
  5.645250
  5.645250
  5.645250
  5.645250
  5.645250
  5.645250
  5.645250
  5.645250
  5.645250
  5.645250
  5.645250
  5.645250
  5.645250
  5.645250
  5.645250
  5.645250
  5.645250
  5.645250
  5.645250
  5.645250
  5.645250
  5.645250
  5.645250
  5.645250
  5.645250
  5.645250
  5.645250
  5.645250
  5.645250
  5.645250
  5.645250
  5.645250
  5.645250
  5.645250
  5.645250
  5.645250
  5.645250
  5.645250
  5.645250
  5.645250
  5.645250
  5.645250
  5.645250
  5.645250
  5.645250
  5.645250
  5.645250
  5.645250
  5.645250
  5.645250
  5.645250
  5.645250
  5.645250
  5.645250
  5.645250
  5.645250
  5.645250
  5.645250
  5.645250
  5.645250
  5.645250
  5.645250
  5.645250
  5.645250
  5.645250
  5.645250
  5.645250
  5.645250
  5.645250
  5.645250
  5.645250
  5.645250
  5.645250
  5.645250
  5.645250
  5.645250
  5.645250
  5.645250
  5.645250
  5.645250
  5.645250
  5.645250
  5.645250
  5.645250
  5.645250
  5.645250
  5.645250
  5.645250
  5.645250
  5.645250
  5.645250
  5.645250
  5.645250
  5.645250
  5.645250
  5.645250
  5.645250
  5.645250
  5.645250
  5.645250
  5.645250
  5.645250
  5.645250
  5.645250
  5.645250
  5.645250
  5.645250
  5.645250
  5.645250
  5.645250
  5.645250
  5.645250
  5.645250
  5.645250
  5.645250
  5.645250
  5.645250
  5.645250
  5.645250
  5.645250
  5.645250
  5.645250
  5.645250
  5.645250
  5.645250
  5.645250
  5.645250
  5.645250
  5.645250
  5.645250
  5.645250
  5.645250
  5.645250
  5.645250
  5.645250
  5.645250
  5.645250
  5.645250
  5.645250
  5.645250
  5.645250
  5.645250
  5.645250
  5.645250
  5.645250
  5.645250
  5.645250
  5.645250
  5.645250
  5.645250
  5.645250
  5.645250
  5.645250
  5.645250
  5.645250
  5.645250
  5.645250
  5.645250
  5.645250
  5.645250
  5.645250
  5.645250
  5.645250
  5.645250
  5.645250
  5.645250
  5.645250
  5.645250
  5.645250
  5.645250
  5.645250
  5.645250
  5.645250
  5.645250
  5.645250
  5.645250
  5.645250
  5.645250
  5.645250
  5.645250
  5.645250
  5.645250
  5.645250
  5.645250
  5.645250
  5.645250
  5.645250
  5.645250
  5.645250
  5.645250
  5.645250
  5.645250
  5.645250
  5.645250
  5.645250
  5.645250
  5.645250
  5.645250
  5.645250
  5.645250
  5.645250
  5.645250
  5.645250
  5.645250
  5.645250
  5.645250
  5.645250
  5.645250
  5.645250
  5.645250
  5.645250
  5.645250
  5.645250
  5.645250
  5.645250
  5.645250
  5.645250
  5.645250
  5.645250
  5.645250
     Concentration of secondary species mol/kgw :
 0.21694669E-05
 0.21694669E-05
 0.21694669E-05
 0.21694669E-05
 0.21694669E-05
 0.21694669E-05
 0.21694669E-05
 0.21694669E-05
 0.21694669E-05
 0.21694669E-05
 0.21694669E-05
 0.21694669E-05
 0.21694669E-05
 0.21694669E-05
 0.21694669E-05
 0.21694669E-05
 0.21694669E-05
 0.21694669E-05
 0.21694669E-05
 0.21694669E-05
 0.21694669E-05
 0.21694669E-05
 0.21694669E-05
 0.21694669E-05
 0.21694669E-05
 0.21694669E-05
 0.21694669E-05
 0.21694669E-05
 0.21694669E-05
 0.21694669E-05
 0.21694669E-05
 0.21694669E-05
 0.21694669E-05
 0.21694669E-05
 0.21694669E-05
 0.21694669E-05
 0.21694669E-05
 0.21694669E-05
 0.21694669E-05
 0.21694669E-05
 0.21694669E-05
 0.21694669E-05
 0.21694669E-05
 0.21694669E-05
 0.21694669E-05
 0.21694669E-05
 0.21694669E-05
 0.21694669E-05
 0.21694669E-05
 0.21694669E-05
 0.21694669E-05
 0.21694669E-05
 0.21694669E-05
 0.21694669E-05
 0.21694669E-05
 0.21694669E-05
 0.21694669E-05
 0.21694669E-05
 0.21694669E-05
 0.21694669E-05
 0.21694669E-05
 0.21694669E-05
 0.21694669E-05
 0.21694669E-05
 0.21694669E-05
 0.21694669E-05
 0.21694669E-05
 0.21694669E-05
 0.21694669E-05
 0.21694669E-05
 0.21694669E-05
 0.21694669E-05
 0.21694669E-05
 0.21694669E-05
 0.21694669E-05
 0.21694669E-05
 0.21694669E-05
 0.21694669E-05
 0.21694669E-05
 0.21694669E-05
 0.21694669E-05
 0.21694669E-05
 0.21694669E-05
 0.21694669E-05
 0.21694669E-05
 0.21694669E-05
 0.21694669E-05
 0.21694669E-05
 0.21694669E-05
 0.21694669E-05
 0.21694669E-05
 0.21694669E-05
 0.21694669E-05
 0.21694669E-05
 0.21694669E-05
 0.21694669E-05
 0.21694669E-05
 0.21694669E-05
 0.21694669E-05
 0.21694669E-05
 0.21694669E-05
 0.21694669E-05
 0.21694669E-05
 0.21694669E-05
 0.21694669E-05
 0.21694669E-05
 0.21694669E-05
 0.21694669E-05
 0.21694669E-05
 0.21694669E-05
 0.21694669E-05
 0.21694669E-05
 0.21694669E-05
 0.21694669E-05
 0.21694669E-05
 0.21694669E-05
 0.21694669E-05
 0.21694669E-05
 0.21694669E-05
 0.21694669E-05
 0.21694669E-05
 0.21694669E-05
 0.21694669E-05
 0.21694669E-05
 0.21694669E-05
 0.21694669E-05
 0.21694669E-05
 0.21694669E-05
 0.21694669E-05
 0.21694669E-05
 0.21694669E-05
 0.21694669E-05
 0.21694669E-05
 0.21694669E-05
 0.21694669E-05
 0.21694669E-05
 0.21694669E-05
 0.21694669E-05
 0.21694669E-05
 0.21694669E-05
 0.21694669E-05
 0.21694669E-05
 0.21694669E-05
 0.21694669E-05
 0.21694669E-05
 0.21694669E-05
 0.21694669E-05
 0.21694669E-05
 0.21694669E-05
 0.21694669E-05
 0.21694669E-05
 0.21694669E-05
 0.21694669E-05
 0.21694669E-05
 0.21694669E-05
 0.21694669E-05
 0.21694669E-05
 0.21694669E-05
 0.21694669E-05
 0.21694669E-05
 0.21694669E-05
 0.21694669E-05
 0.21694669E-05
 0.21694669E-05
 0.21694669E-05
 0.21694669E-05
 0.21694669E-05
 0.21694669E-05
 0.21694669E-05
 0.21694669E-05
 0.21694669E-05
 0.21694669E-05
 0.21694669E-05
 0.21694669E-05
 0.21694669E-05
 0.21694669E-05
 0.21694669E-05
 0.21694669E-05
 0.21694669E-05
 0.21694669E-05
 0.21694669E-05
 0.21694669E-05
 0.21694669E-05
 0.21694669E-05
 0.21694669E-05
 0.21694669E-05
 0.21694669E-05
 0.21694669E-05
 0.21694669E-05
 0.21694669E-05
 0.21694669E-05
 0.21694669E-05
 0.21694669E-05
 0.21694669E-05
 0.21694669E-05
 0.21694669E-05
 0.21694669E-05
 0.21694669E-05
 0.21694669E-05
 0.21694669E-05
 0.21694669E-05
 0.21694669E-05
 0.21694669E-05
 0.21694669E-05
 0.21694669E-05
 0.21694669E-05
 0.21694669E-05
 0.21694669E-05
 0.21694669E-05
 0.21694669E-05
 0.21694669E-05
 0.21694669E-05
 0.21694669E-05
 0.21694669E-05
 0.21694669E-05
 0.21694669E-05
 0.21694669E-05
 0.21694669E-05
 0.21694669E-05
 0.21694669E-05
 0.21694669E-05
 0.21694669E-05
 0.21694669E-05
 0.21694669E-05
 0.21694669E-05
 0.21694669E-05
 0.21694669E-05
 0.21694669E-05
 0.21694669E-05
 0.21694669E-05
 0.21694669E-05
 0.21694669E-05
 0.21694669E-05
 0.21694669E-05
 0.21694669E-05
 0.21694669E-05
 0.21694669E-05
 0.21694669E-05
 0.21694669E-05
 0.21694669E-05
 0.21694669E-05
 0.21694669E-05
 0.21694669E-05
 0.21694669E-05
 0.21694669E-05
 0.21694669E-05
 0.21694669E-05
 0.21694669E-05
 0.21694669E-05
 0.21694669E-05
 0.21694669E-05
 0.21694669E-05
 0.21694669E-05
 0.21694669E-05
 0.21694669E-05
 0.21694669E-05
 0.21694669E-05
 0.21694669E-05
 0.21694669E-05
 0.21694669E-05
 0.21694669E-05
 0.21694669E-05
 0.21694669E-05
 0.21694669E-05
 0.21694669E-05
 0.21694669E-05
 0.21694669E-05
 0.21694669E-05
 0.21694669E-05
 0.21694669E-05
 0.21694669E-05
 0.21694669E-05
 0.21694669E-05
 0.21694669E-05
 0.21694669E-05
 0.21694669E-05
 0.21694669E-05
 0.21694669E-05
 0.21694669E-05
 0.21694669E-05
 0.21694669E-05
 0.21694669E-05
 0.21694669E-05
 0.21694669E-05
 0.21694669E-05
 0.21694669E-05
 0.21694669E-05
 0.21694669E-05
 0.21694669E-05
 0.21694669E-05
 0.21694669E-05
 0.21694669E-05
 0.21694669E-05
 0.21694669E-05
 0.21694669E-05
 0.21694669E-05
 0.21694669E-05
 0.21694669E-05
 0.21694669E-05
 0.21694669E-05
 0.21694669E-05
 0.21694669E-05
 0.21694669E-05
 0.21694669E-05
 0.21694669E-05
 0.21694669E-05
 0.21694669E-05
 0.21694669E-05
 0.21694669E-05
 0.21694669E-05
 0.21694669E-05
 0.21694669E-05
 0.21694669E-05
 0.21694669E-05
 0.21694669E-05
 0.21694669E-05
 0.21694669E-05
 0.21694669E-05
 0.21694669E-05
 0.21694669E-05
 0.21694669E-05
 0.21694669E-05
 0.21694669E-05
 0.21694669E-05
 0.21694669E-05
 0.21694669E-05
 0.21694669E-05
 0.21694669E-05
 0.21694669E-05
 0.21694669E-05
 0.21694669E-05
 0.21694669E-05
 0.21694669E-05
 0.21694669E-05
 0.21694669E-05
 0.21694669E-05
 0.21694669E-05
 0.21694669E-05
 0.21694669E-05
 0.21694669E-05
 0.21694669E-05
 0.21694669E-05
 0.21694669E-05
 0.21694669E-05
 0.21694669E-05
 0.21694669E-05
 0.21694669E-05
 0.21694669E-05
 0.21694669E-05
 0.21694669E-05
 0.21694669E-05
 0.21694669E-05
 0.21694669E-05
 0.21694669E-05
 0.21694669E-05
 0.21694669E-05
 0.21694669E-05
 0.21694669E-05
 0.21694669E-05
 0.21694669E-05
 0.21694669E-05
 0.21694669E-05
     Water Activity :
  1.00000000
  1.00000000
  1.00000000
  1.00000000
  1.00000000
  1.00000000
  1.00000000
  1.00000000
  1.00000000
  1.00000000
  1.00000000
  1.00000000
  1.00000000
  1.00000000
  1.00000000
  1.00000000
  1.00000000
  1.00000000
  1.00000000
  1.00000000
  1.00000000
  1.00000000
  1.00000000
  1.00000000
  1.00000000
  1.00000000
  1.00000000
  1.00000000
  1.00000000
  1.00000000
  1.00000000
  1.00000000
  1.00000000
  1.00000000
  1.00000000
  1.00000000
  1.00000000
  1.00000000
  1.00000000
  1.00000000
  1.00000000
  1.00000000
  1.00000000
  1.00000000
  1.00000000
  1.00000000
  1.00000000
  1.00000000
  1.00000000
  1.00000000
  1.00000000
  1.00000000
  1.00000000
  1.00000000
  1.00000000
  1.00000000
  1.00000000
  1.00000000
  1.00000000
  1.00000000
  1.00000000
  1.00000000
  1.00000000
  1.00000000
  1.00000000
  1.00000000
  1.00000000
  1.00000000
  1.00000000
  1.00000000
  1.00000000
  1.00000000
  1.00000000
  1.00000000
  1.00000000
  1.00000000
  1.00000000
  1.00000000
  1.00000000
  1.00000000
  1.00000000
  1.00000000
  1.00000000
  1.00000000
  1.00000000
  1.00000000
  1.00000000
  1.00000000
  1.00000000
  1.00000000
  1.00000000
  1.00000000
  1.00000000
  1.00000000
  1.00000000
  1.00000000
  1.00000000
  1.00000000
  1.00000000
  1.00000000
  1.00000000
  1.00000000
  1.00000000
  1.00000000
  1.00000000
  1.00000000
  1.00000000
  1.00000000
  1.00000000
  1.00000000
  1.00000000
  1.00000000
  1.00000000
  1.00000000
  1.00000000
  1.00000000
  1.00000000
  1.00000000
  1.00000000
  1.00000000
  1.00000000
  1.00000000
  1.00000000
  1.00000000
  1.00000000
  1.00000000
  1.00000000
  1.00000000
  1.00000000
  1.00000000
  1.00000000
  1.00000000
  1.00000000
  1.00000000
  1.00000000
  1.00000000
  1.00000000
  1.00000000
  1.00000000
  1.00000000
  1.00000000
  1.00000000
  1.00000000
  1.00000000
  1.00000000
  1.00000000
  1.00000000
  1.00000000
  1.00000000
  1.00000000
  1.00000000
  1.00000000
  1.00000000
  1.00000000
  1.00000000
  1.00000000
  1.00000000
  1.00000000
  1.00000000
  1.00000000
  1.00000000
  1.00000000
  1.00000000
  1.00000000
  1.00000000
  1.00000000
  1.00000000
  1.00000000
  1.00000000
  1.00000000
  1.00000000
  1.00000000
  1.00000000
  1.00000000
  1.00000000
  1.00000000
  1.00000000
  1.00000000
  1.00000000
  1.00000000
  1.00000000
  1.00000000
  1.00000000
  1.00000000
  1.00000000
  1.00000000
  1.00000000
  1.00000000
  1.00000000
  1.00000000
  1.00000000
  1.00000000
  1.00000000
  1.00000000
  1.00000000
  1.00000000
  1.00000000
  1.00000000
  1.00000000
  1.00000000
  1.00000000
  1.00000000
  1.00000000
  1.00000000
  1.00000000
  1.00000000
  1.00000000
  1.00000000
  1.00000000
  1.00000000
  1.00000000
  1.00000000
  1.00000000
  1.00000000
  1.00000000
  1.00000000
  1.00000000
  1.00000000
  1.00000000
  1.00000000
  1.00000000
  1.00000000
  1.00000000
  1.00000000
  1.00000000
  1.00000000
  1.00000000
  1.00000000
  1.00000000
  1.00000000
  1.00000000
  1.00000000
  1.00000000
  1.00000000
  1.00000000
  1.00000000
  1.00000000
  1.00000000
  1.00000000
  1.00000000
  1.00000000
  1.00000000
  1.00000000
  1.00000000
  1.00000000
  1.00000000
  1.00000000
  1.00000000
  1.00000000
  1.00000000
  1.00000000
  1.00000000
  1.00000000
  1.00000000
  1.00000000
  1.00000000
  1.00000000
  1.00000000
  1.00000000
  1.00000000
  1.00000000
  1.00000000
  1.00000000
  1.00000000
  1.00000000
  1.00000000
  1.00000000
  1.00000000
  1.00000000
  1.00000000
  1.00000000
  1.00000000
  1.00000000
  1.00000000
  1.00000000
  1.00000000
  1.00000000
  1.00000000
  1.00000000
  1.00000000
  1.00000000
  1.00000000
  1.00000000
  1.00000000
  1.00000000
  1.00000000
  1.00000000
  1.00000000
  1.00000000
  1.00000000
  1.00000000
  1.00000000
  1.00000000
  1.00000000
  1.00000000
  1.00000000
  1.00000000
  1.00000000
  1.00000000
  1.00000000
  1.00000000
  1.00000000
  1.00000000
  1.00000000
  1.00000000
  1.00000000
  1.00000000
  1.00000000
  1.00000000
  1.00000000
  1.00000000
  1.00000000
  1.00000000
  1.00000000
  1.00000000
  1.00000000
  1.00000000
  1.00000000
  1.00000000
  1.00000000
  1.00000000
  1.00000000
  1.00000000
  1.00000000
  1.00000000
  1.00000000
  1.00000000
  1.00000000
  1.00000000
  1.00000000
  1.00000000
  1.00000000
  1.00000000
  1.00000000
  1.00000000
  1.00000000
  1.00000000
  1.00000000
  1.00000000
  1.00000000
  1.00000000
  1.00000000
  1.00000000
  1.00000000
  1.00000000
  1.00000000
  1.00000000
  1.00000000
  1.00000000
  1.00000000
  1.00000000
  1.00000000
  1.00000000
  1.00000000
  1.00000000
  1.00000000
  1.00000000
  1.00000000
  1.00000000
  1.00000000
  1.00000000
  1.00000000
   Residual Solute after Dryout moles/dm^3 :
 0.00000000E+00 0.00000000E+00 0.00000000E+00
 0.00000000E+00 0.00000000E+00 0.00000000E+00
 0.00000000E+00 0.00000000E+00 0.00000000E+00
 0.00000000E+00 0.00000000E+00 0.00000000E+00
 0.00000000E+00 0.00000000E+00 0.00000000E+00
 0.00000000E+00 0.00000000E+00 0.00000000E+00
 0.00000000E+00 0.00000000E+00 0.00000000E+00
 0.00000000E+00 0.00000000E+00 0.00000000E+00
 0.00000000E+00 0.00000000E+00 0.00000000E+00
 0.00000000E+00 0.00000000E+00 0.00000000E+00
 0.00000000E+00 0.00000000E+00 0.00000000E+00
 0.00000000E+00 0.00000000E+00 0.00000000E+00
 0.00000000E+00 0.00000000E+00 0.00000000E+00
 0.00000000E+00 0.00000000E+00 0.00000000E+00
 0.00000000E+00 0.00000000E+00 0.00000000E+00
 0.00000000E+00 0.00000000E+00 0.00000000E+00
 0.00000000E+00 0.00000000E+00 0.00000000E+00
 0.00000000E+00 0.00000000E+00 0.00000000E+00
 0.00000000E+00 0.00000000E+00 0.00000000E+00
 0.00000000E+00 0.00000000E+00 0.00000000E+00
 0.00000000E+00 0.00000000E+00 0.00000000E+00
 0.00000000E+00 0.00000000E+00 0.00000000E+00
 0.00000000E+00 0.00000000E+00 0.00000000E+00
 0.00000000E+00 0.00000000E+00 0.00000000E+00
 0.00000000E+00 0.00000000E+00 0.00000000E+00
 0.00000000E+00 0.00000000E+00 0.00000000E+00
 0.00000000E+00 0.00000000E+00 0.00000000E+00
 0.00000000E+00 0.00000000E+00 0.00000000E+00
 0.00000000E+00 0.00000000E+00 0.00000000E+00
 0.00000000E+00 0.00000000E+00 0.00000000E+00
 0.00000000E+00 0.00000000E+00 0.00000000E+00
 0.00000000E+00 0.00000000E+00 0.00000000E+00
 0.00000000E+00 0.00000000E+00 0.00000000E+00
 0.00000000E+00 0.00000000E+00 0.00000000E+00
 0.00000000E+00 0.00000000E+00 0.00000000E+00
 0.00000000E+00 0.00000000E+00 0.00000000E+00
 0.00000000E+00 0.00000000E+00 0.00000000E+00
 0.00000000E+00 0.00000000E+00 0.00000000E+00
 0.00000000E+00 0.00000000E+00 0.00000000E+00
 0.00000000E+00 0.00000000E+00 0.00000000E+00
 0.00000000E+00 0.00000000E+00 0.00000000E+00
 0.00000000E+00 0.00000000E+00 0.00000000E+00
 0.00000000E+00 0.00000000E+00 0.00000000E+00
 0.00000000E+00 0.00000000E+00 0.00000000E+00
 0.00000000E+00 0.00000000E+00 0.00000000E+00
 0.00000000E+00 0.00000000E+00 0.00000000E+00
 0.00000000E+00 0.00000000E+00 0.00000000E+00
 0.00000000E+00 0.00000000E+00 0.00000000E+00
 0.00000000E+00 0.00000000E+00 0.00000000E+00
 0.00000000E+00 0.00000000E+00 0.00000000E+00
 0.00000000E+00 0.00000000E+00 0.00000000E+00
 0.00000000E+00 0.00000000E+00 0.00000000E+00
 0.00000000E+00 0.00000000E+00 0.00000000E+00
 0.00000000E+00 0.00000000E+00 0.00000000E+00
 0.00000000E+00 0.00000000E+00 0.00000000E+00
 0.00000000E+00 0.00000000E+00 0.00000000E+00
 0.00000000E+00 0.00000000E+00 0.00000000E+00
 0.00000000E+00 0.00000000E+00 0.00000000E+00
 0.00000000E+00 0.00000000E+00 0.00000000E+00
 0.00000000E+00 0.00000000E+00 0.00000000E+00
 0.00000000E+00 0.00000000E+00 0.00000000E+00
 0.00000000E+00 0.00000000E+00 0.00000000E+00
 0.00000000E+00 0.00000000E+00 0.00000000E+00
 0.00000000E+00 0.00000000E+00 0.00000000E+00
 0.00000000E+00 0.00000000E+00 0.00000000E+00
 0.00000000E+00 0.00000000E+00 0.00000000E+00
 0.00000000E+00 0.00000000E+00 0.00000000E+00
 0.00000000E+00 0.00000000E+00 0.00000000E+00
 0.00000000E+00 0.00000000E+00 0.00000000E+00
 0.00000000E+00 0.00000000E+00 0.00000000E+00
 0.00000000E+00 0.00000000E+00 0.00000000E+00
 0.00000000E+00 0.00000000E+00 0.00000000E+00
 0.00000000E+00 0.00000000E+00 0.00000000E+00
 0.00000000E+00 0.00000000E+00 0.00000000E+00
 0.00000000E+00 0.00000000E+00 0.00000000E+00
 0.00000000E+00 0.00000000E+00 0.00000000E+00
 0.00000000E+00 0.00000000E+00 0.00000000E+00
 0.00000000E+00 0.00000000E+00 0.00000000E+00
 0.00000000E+00 0.00000000E+00 0.00000000E+00
 0.00000000E+00 0.00000000E+00 0.00000000E+00
 0.00000000E+00 0.00000000E+00 0.00000000E+00
 0.00000000E+00 0.00000000E+00 0.00000000E+00
 0.00000000E+00 0.00000000E+00 0.00000000E+00
 0.00000000E+00 0.00000000E+00 0.00000000E+00
 0.00000000E+00 0.00000000E+00 0.00000000E+00
 0.00000000E+00 0.00000000E+00 0.00000000E+00
 0.00000000E+00 0.00000000E+00 0.00000000E+00
 0.00000000E+00 0.00000000E+00 0.00000000E+00
 0.00000000E+00 0.00000000E+00 0.00000000E+00
 0.00000000E+00 0.00000000E+00 0.00000000E+00
 0.00000000E+00 0.00000000E+00 0.00000000E+00
 0.00000000E+00 0.00000000E+00 0.00000000E+00
 0.00000000E+00 0.00000000E+00 0.00000000E+00
 0.00000000E+00 0.00000000E+00 0.00000000E+00
 0.00000000E+00 0.00000000E+00 0.00000000E+00
 0.00000000E+00 0.00000000E+00 0.00000000E+00
 0.00000000E+00 0.00000000E+00 0.00000000E+00
 0.00000000E+00 0.00000000E+00 0.00000000E+00
 0.00000000E+00 0.00000000E+00 0.00000000E+00
 0.00000000E+00 0.00000000E+00 0.00000000E+00
 0.00000000E+00 0.00000000E+00 0.00000000E+00
 0.00000000E+00 0.00000000E+00 0.00000000E+00
 0.00000000E+00 0.00000000E+00 0.00000000E+00
 0.00000000E+00 0.00000000E+00 0.00000000E+00
 0.00000000E+00 0.00000000E+00 0.00000000E+00
 0.00000000E+00 0.00000000E+00 0.00000000E+00
 0.00000000E+00 0.00000000E+00 0.00000000E+00
 0.00000000E+00 0.00000000E+00 0.00000000E+00
 0.00000000E+00 0.00000000E+00 0.00000000E+00
 0.00000000E+00 0.00000000E+00 0.00000000E+00
 0.00000000E+00 0.00000000E+00 0.00000000E+00
 0.00000000E+00 0.00000000E+00 0.00000000E+00
 0.00000000E+00 0.00000000E+00 0.00000000E+00
 0.00000000E+00 0.00000000E+00 0.00000000E+00
 0.00000000E+00 0.00000000E+00 0.00000000E+00
 0.00000000E+00 0.00000000E+00 0.00000000E+00
 0.00000000E+00 0.00000000E+00 0.00000000E+00
 0.00000000E+00 0.00000000E+00 0.00000000E+00
 0.00000000E+00 0.00000000E+00 0.00000000E+00
 0.00000000E+00 0.00000000E+00 0.00000000E+00
 0.00000000E+00 0.00000000E+00 0.00000000E+00
 0.00000000E+00 0.00000000E+00 0.00000000E+00
 0.00000000E+00 0.00000000E+00 0.00000000E+00
 0.00000000E+00 0.00000000E+00 0.00000000E+00
 0.00000000E+00 0.00000000E+00 0.00000000E+00
 0.00000000E+00 0.00000000E+00 0.00000000E+00
 0.00000000E+00 0.00000000E+00 0.00000000E+00
 0.00000000E+00 0.00000000E+00 0.00000000E+00
 0.00000000E+00 0.00000000E+00 0.00000000E+00
 0.00000000E+00 0.00000000E+00 0.00000000E+00
 0.00000000E+00 0.00000000E+00 0.00000000E+00
 0.00000000E+00 0.00000000E+00 0.00000000E+00
 0.00000000E+00 0.00000000E+00 0.00000000E+00
 0.00000000E+00 0.00000000E+00 0.00000000E+00
 0.00000000E+00 0.00000000E+00 0.00000000E+00
 0.00000000E+00 0.00000000E+00 0.00000000E+00
 0.00000000E+00 0.00000000E+00 0.00000000E+00
 0.00000000E+00 0.00000000E+00 0.00000000E+00
 0.00000000E+00 0.00000000E+00 0.00000000E+00
 0.00000000E+00 0.00000000E+00 0.00000000E+00
 0.00000000E+00 0.00000000E+00 0.00000000E+00
 0.00000000E+00 0.00000000E+00 0.00000000E+00
 0.00000000E+00 0.00000000E+00 0.00000000E+00
 0.00000000E+00 0.00000000E+00 0.00000000E+00
 0.00000000E+00 0.00000000E+00 0.00000000E+00
 0.00000000E+00 0.00000000E+00 0.00000000E+00
 0.00000000E+00 0.00000000E+00 0.00000000E+00
 0.00000000E+00 0.00000000E+00 0.00000000E+00
 0.00000000E+00 0.00000000E+00 0.00000000E+00
 0.00000000E+00 0.00000000E+00 0.00000000E+00
 0.00000000E+00 0.00000000E+00 0.00000000E+00
 0.00000000E+00 0.00000000E+00 0.00000000E+00
 0.00000000E+00 0.00000000E+00 0.00000000E+00
 0.00000000E+00 0.00000000E+00 0.00000000E+00
 0.00000000E+00 0.00000000E+00 0.00000000E+00
 0.00000000E+00 0.00000000E+00 0.00000000E+00
 0.00000000E+00 0.00000000E+00 0.00000000E+00
 0.00000000E+00 0.00000000E+00 0.00000000E+00
 0.00000000E+00 0.00000000E+00 0.00000000E+00
 0.00000000E+00 0.00000000E+00 0.00000000E+00
 0.00000000E+00 0.00000000E+00 0.00000000E+00
 0.00000000E+00 0.00000000E+00 0.00000000E+00
 0.00000000E+00 0.00000000E+00 0.00000000E+00
 0.00000000E+00 0.00000000E+00 0.00000000E+00
 0.00000000E+00 0.00000000E+00 0.00000000E+00
 0.00000000E+00 0.00000000E+00 0.00000000E+00
 0.00000000E+00 0.00000000E+00 0.00000000E+00
 0.00000000E+00 0.00000000E+00 0.00000000E+00
 0.00000000E+00 0.00000000E+00 0.00000000E+00
 0.00000000E+00 0.00000000E+00 0.00000000E+00
 0.00000000E+00 0.00000000E+00 0.00000000E+00
 0.00000000E+00 0.00000000E+00 0.00000000E+00
 0.00000000E+00 0.00000000E+00 0.00000000E+00
 0.00000000E+00 0.00000000E+00 0.00000000E+00
 0.00000000E+00 0.00000000E+00 0.00000000E+00
 0.00000000E+00 0.00000000E+00 0.00000000E+00
 0.00000000E+00 0.00000000E+00 0.00000000E+00
 0.00000000E+00 0.00000000E+00 0.00000000E+00
 0.00000000E+00 0.00000000E+00 0.00000000E+00
 0.00000000E+00 0.00000000E+00 0.00000000E+00
 0.00000000E+00 0.00000000E+00 0.00000000E+00
 0.00000000E+00 0.00000000E+00 0.00000000E+00
 0.00000000E+00 0.00000000E+00 0.00000000E+00
 0.00000000E+00 0.00000000E+00 0.00000000E+00
 0.00000000E+00 0.00000000E+00 0.00000000E+00
 0.00000000E+00 0.00000000E+00 0.00000000E+00
 0.00000000E+00 0.00000000E+00 0.00000000E+00
 0.00000000E+00 0.00000000E+00 0.00000000E+00
 0.00000000E+00 0.00000000E+00 0.00000000E+00
 0.00000000E+00 0.00000000E+00 0.00000000E+00
 0.00000000E+00 0.00000000E+00 0.00000000E+00
 0.00000000E+00 0.00000000E+00 0.00000000E+00
 0.00000000E+00 0.00000000E+00 0.00000000E+00
 0.00000000E+00 0.00000000E+00 0.00000000E+00
 0.00000000E+00 0.00000000E+00 0.00000000E+00
 0.00000000E+00 0.00000000E+00 0.00000000E+00
 0.00000000E+00 0.00000000E+00 0.00000000E+00
 0.00000000E+00 0.00000000E+00 0.00000000E+00
 0.00000000E+00 0.00000000E+00 0.00000000E+00
 0.00000000E+00 0.00000000E+00 0.00000000E+00
 0.00000000E+00 0.00000000E+00 0.00000000E+00
 0.00000000E+00 0.00000000E+00 0.00000000E+00
 0.00000000E+00 0.00000000E+00 0.00000000E+00
 0.00000000E+00 0.00000000E+00 0.00000000E+00
 0.00000000E+00 0.00000000E+00 0.00000000E+00
 0.00000000E+00 0.00000000E+00 0.00000000E+00
 0.00000000E+00 0.00000000E+00 0.00000000E+00
 0.00000000E+00 0.00000000E+00 0.00000000E+00
 0.00000000E+00 0.00000000E+00 0.00000000E+00
 0.00000000E+00 0.00000000E+00 0.00000000E+00
 0.00000000E+00 0.00000000E+00 0.00000000E+00
 0.00000000E+00 0.00000000E+00 0.00000000E+00
 0.00000000E+00 0.00000000E+00 0.00000000E+00
 0.00000000E+00 0.00000000E+00 0.00000000E+00
 0.00000000E+00 0.00000000E+00 0.00000000E+00
 0.00000000E+00 0.00000000E+00 0.00000000E+00
 0.00000000E+00 0.00000000E+00 0.00000000E+00
 0.00000000E+00 0.00000000E+00 0.00000000E+00
 0.00000000E+00 0.00000000E+00 0.00000000E+00
 0.00000000E+00 0.00000000E+00 0.00000000E+00
 0.00000000E+00 0.00000000E+00 0.00000000E+00
 0.00000000E+00 0.00000000E+00 0.00000000E+00
 0.00000000E+00 0.00000000E+00 0.00000000E+00
 0.00000000E+00 0.00000000E+00 0.00000000E+00
 0.00000000E+00 0.00000000E+00 0.00000000E+00
 0.00000000E+00 0.00000000E+00 0.00000000E+00
 0.00000000E+00 0.00000000E+00 0.00000000E+00
 0.00000000E+00 0.00000000E+00 0.00000000E+00
 0.00000000E+00 0.00000000E+00 0.00000000E+00
 0.00000000E+00 0.00000000E+00 0.00000000E+00
 0.00000000E+00 0.00000000E+00 0.00000000E+00
 0.00000000E+00 0.00000000E+00 0.00000000E+00
 0.00000000E+00 0.00000000E+00 0.00000000E+00
 0.00000000E+00 0.00000000E+00 0.00000000E+00
 0.00000000E+00 0.00000000E+00 0.00000000E+00
 0.00000000E+00 0.00000000E+00 0.00000000E+00
 0.00000000E+00 0.00000000E+00 0.00000000E+00
 0.00000000E+00 0.00000000E+00 0.00000000E+00
 0.00000000E+00 0.00000000E+00 0.00000000E+00
 0.00000000E+00 0.00000000E+00 0.00000000E+00
 0.00000000E+00 0.00000000E+00 0.00000000E+00
 0.00000000E+00 0.00000000E+00 0.00000000E+00
 0.00000000E+00 0.00000000E+00 0.00000000E+00
 0.00000000E+00 0.00000000E+00 0.00000000E+00
 0.00000000E+00 0.00000000E+00 0.00000000E+00
 0.00000000E+00 0.00000000E+00 0.00000000E+00
 0.00000000E+00 0.00000000E+00 0.00000000E+00
 0.00000000E+00 0.00000000E+00 0.00000000E+00
 0.00000000E+00 0.00000000E+00 0.00000000E+00
 0.00000000E+00 0.00000000E+00 0.00000000E+00
 0.00000000E+00 0.00000000E+00 0.00000000E+00
 0.00000000E+00 0.00000000E+00 0.00000000E+00
 0.00000000E+00 0.00000000E+00 0.00000000E+00
 0.00000000E+00 0.00000000E+00 0.00000000E+00
 0.00000000E+00 0.00000000E+00 0.00000000E+00
 0.00000000E+00 0.00000000E+00 0.00000000E+00
 0.00000000E+00 0.00000000E+00 0.00000000E+00
 0.00000000E+00 0.00000000E+00 0.00000000E+00
 0.00000000E+00 0.00000000E+00 0.00000000E+00
 0.00000000E+00 0.00000000E+00 0.00000000E+00
 0.00000000E+00 0.00000000E+00 0.00000000E+00
 0.00000000E+00 0.00000000E+00 0.00000000E+00
 0.00000000E+00 0.00000000E+00 0.00000000E+00
 0.00000000E+00 0.00000000E+00 0.00000000E+00
 0.00000000E+00 0.00000000E+00 0.00000000E+00
 0.00000000E+00 0.00000000E+00 0.00000000E+00
 0.00000000E+00 0.00000000E+00 0.00000000E+00
 0.00000000E+00 0.00000000E+00 0.00000000E+00
 0.00000000E+00 0.00000000E+00 0.00000000E+00
 0.00000000E+00 0.00000000E+00 0.00000000E+00
 0.00000000E+00 0.00000000E+00 0.00000000E+00
 0.00000000E+00 0.00000000E+00 0.00000000E+00
 0.00000000E+00 0.00000000E+00 0.00000000E+00
 0.00000000E+00 0.00000000E+00 0.00000000E+00
 0.00000000E+00 0.00000000E+00 0.00000000E+00
 0.00000000E+00 0.00000000E+00 0.00000000E+00
 0.00000000E+00 0.00000000E+00 0.00000000E+00
 0.00000000E+00 0.00000000E+00 0.00000000E+00
 0.00000000E+00 0.00000000E+00 0.00000000E+00
 0.00000000E+00 0.00000000E+00 0.00000000E+00
 0.00000000E+00 0.00000000E+00 0.00000000E+00
 0.00000000E+00 0.00000000E+00 0.00000000E+00
 0.00000000E+00 0.00000000E+00 0.00000000E+00
 0.00000000E+00 0.00000000E+00 0.00000000E+00
 0.00000000E+00 0.00000000E+00 0.00000000E+00
 0.00000000E+00 0.00000000E+00 0.00000000E+00
 0.00000000E+00 0.00000000E+00 0.00000000E+00
 0.00000000E+00 0.00000000E+00 0.00000000E+00
 0.00000000E+00 0.00000000E+00 0.00000000E+00
 0.00000000E+00 0.00000000E+00 0.00000000E+00
 0.00000000E+00 0.00000000E+00 0.00000000E+00
 0.00000000E+00 0.00000000E+00 0.00000000E+00
 0.00000000E+00 0.00000000E+00 0.00000000E+00
 0.00000000E+00 0.00000000E+00 0.00000000E+00
 0.00000000E+00 0.00000000E+00 0.00000000E+00
 0.00000000E+00 0.00000000E+00 0.00000000E+00
 0.00000000E+00 0.00000000E+00 0.00000000E+00
 0.00000000E+00 0.00000000E+00 0.00000000E+00
 0.00000000E+00 0.00000000E+00 0.00000000E+00
 0.00000000E+00 0.00000000E+00 0.00000000E+00
 0.00000000E+00 0.00000000E+00 0.00000000E+00
 0.00000000E+00 0.00000000E+00 0.00000000E+00
 0.00000000E+00 0.00000000E+00 0.00000000E+00
 0.00000000E+00 0.00000000E+00 0.00000000E+00
 0.00000000E+00 0.00000000E+00 0.00000000E+00
 0.00000000E+00 0.00000000E+00 0.00000000E+00
 0.00000000E+00 0.00000000E+00 0.00000000E+00
 0.00000000E+00 0.00000000E+00 0.00000000E+00
 0.00000000E+00 0.00000000E+00 0.00000000E+00
 0.00000000E+00 0.00000000E+00 0.00000000E+00
 0.00000000E+00 0.00000000E+00 0.00000000E+00
 0.00000000E+00 0.00000000E+00 0.00000000E+00
 0.00000000E+00 0.00000000E+00 0.00000000E+00
 0.00000000E+00 0.00000000E+00 0.00000000E+00
 0.00000000E+00 0.00000000E+00 0.00000000E+00
 0.00000000E+00 0.00000000E+00 0.00000000E+00
 0.00000000E+00 0.00000000E+00 0.00000000E+00
 0.00000000E+00 0.00000000E+00 0.00000000E+00
 0.00000000E+00 0.00000000E+00 0.00000000E+00
 0.00000000E+00 0.00000000E+00 0.00000000E+00
 0.00000000E+00 0.00000000E+00 0.00000000E+00
 0.00000000E+00 0.00000000E+00 0.00000000E+00
 0.00000000E+00 0.00000000E+00 0.00000000E+00
 0.00000000E+00 0.00000000E+00 0.00000000E+00
 0.00000000E+00 0.00000000E+00 0.00000000E+00
 0.00000000E+00 0.00000000E+00 0.00000000E+00
 0.00000000E+00 0.00000000E+00 0.00000000E+00
 0.00000000E+00 0.00000000E+00 0.00000000E+00
 0.00000000E+00 0.00000000E+00 0.00000000E+00
 0.00000000E+00 0.00000000E+00 0.00000000E+00
 0.00000000E+00 0.00000000E+00 0.00000000E+00
 0.00000000E+00 0.00000000E+00 0.00000000E+00
 0.00000000E+00 0.00000000E+00 0.00000000E+00
 0.00000000E+00 0.00000000E+00 0.00000000E+00
 0.00000000E+00 0.00000000E+00 0.00000000E+00
 0.00000000E+00 0.00000000E+00 0.00000000E+00
 0.00000000E+00 0.00000000E+00 0.00000000E+00
 0.00000000E+00 0.00000000E+00 0.00000000E+00
 0.00000000E+00 0.00000000E+00 0.00000000E+00
 0.00000000E+00 0.00000000E+00 0.00000000E+00
 0.00000000E+00 0.00000000E+00 0.00000000E+00
 0.00000000E+00 0.00000000E+00 0.00000000E+00
 0.00000000E+00 0.00000000E+00 0.00000000E+00
 0.00000000E+00 0.00000000E+00 0.00000000E+00
 0.00000000E+00 0.00000000E+00 0.00000000E+00
 0.00000000E+00 0.00000000E+00 0.00000000E+00
 0.00000000E+00 0.00000000E+00 0.00000000E+00
 0.00000000E+00 0.00000000E+00 0.00000000E+00
 0.00000000E+00 0.00000000E+00 0.00000000E+00
 0.00000000E+00 0.00000000E+00 0.00000000E+00
 0.00000000E+00 0.00000000E+00 0.00000000E+00
 0.00000000E+00 0.00000000E+00 0.00000000E+00
 0.00000000E+00 0.00000000E+00 0.00000000E+00
 0.00000000E+00 0.00000000E+00 0.00000000E+00
 0.00000000E+00 0.00000000E+00 0.00000000E+00
 0.00000000E+00 0.00000000E+00 0.00000000E+00
 0.00000000E+00 0.00000000E+00 0.00000000E+00
 0.00000000E+00 0.00000000E+00 0.00000000E+00
 0.00000000E+00 0.00000000E+00 0.00000000E+00
 0.00000000E+00 0.00000000E+00 0.00000000E+00
 0.00000000E+00 0.00000000E+00 0.00000000E+00
 0.00000000E+00 0.00000000E+00 0.00000000E+00
  UT   Concentration of primary species mol/L :
 0.49651104E+02 0.95471987E-07 0.95471988E-10
 0.49651104E+02 0.96170365E-07 0.96170366E-10
 0.49651104E+02 0.96705986E-07 0.96705987E-10
 0.49651104E+02 0.97162344E-07 0.97162345E-10
 0.49651104E+02 0.97435689E-07 0.97435690E-10
 0.49651104E+02 0.97322195E-07 0.97322195E-10
 0.49651104E+02 0.97023606E-07 0.97023606E-10
 0.49651104E+02 0.96378321E-07 0.96378321E-10
 0.49651104E+02 0.95790186E-07 0.95790187E-10
 0.49651104E+02 0.97434558E-07 0.97434558E-10
 0.49651104E+02 0.97645990E-07 0.97645990E-10
 0.49651104E+02 0.97703246E-07 0.97703246E-10
 0.49651104E+02 0.96163166E-07 0.96163166E-10
 0.49651104E+02 0.96171984E-07 0.96171985E-10
 0.49651104E+02 0.97055579E-07 0.97055580E-10
 0.49651104E+02 0.97357008E-07 0.97357008E-10
 0.49651104E+02 0.96833695E-07 0.96833696E-10
 0.49651104E+02 0.98017040E-07 0.98017040E-10
 0.49651104E+02 0.97941846E-07 0.97941847E-10
 0.49651104E+02 0.98008292E-07 0.98008293E-10
 0.49651104E+02 0.96048515E-07 0.96048516E-10
 0.49651104E+02 0.97803253E-07 0.97803253E-10
 0.49651104E+02 0.97672817E-07 0.97672818E-10
 0.49651104E+02 0.95849156E-07 0.95849157E-10
 0.49651104E+02 0.98228194E-07 0.98228195E-10
 0.49651104E+02 0.96970723E-07 0.96970723E-10
 0.49651104E+02 0.96646272E-07 0.96646273E-10
 0.49651104E+02 0.96189551E-07 0.96189552E-10
 0.49651104E+02 0.96342999E-07 0.96342999E-10
 0.49651104E+02 0.98268227E-07 0.98268227E-10
 0.49651104E+02 0.97410924E-07 0.97410925E-10
 0.49651104E+02 0.98287258E-07 0.98287258E-10
 0.49651104E+02 0.98016190E-07 0.98016191E-10
 0.49651104E+02 0.98166325E-07 0.98166325E-10
 0.49651104E+02 0.98210269E-07 0.98210270E-10
 0.49651104E+02 0.97980717E-07 0.97980718E-10
 0.49651104E+02 0.96488401E-07 0.96488401E-10
 0.49651104E+02 0.97761420E-07 0.97761421E-10
 0.49651104E+02 0.95997830E-07 0.95997831E-10
 0.49651104E+02 0.98339971E-07 0.98339972E-10
 0.49651104E+02 0.98399241E-07 0.98399241E-10
 0.49651104E+02 0.98340382E-07 0.98340382E-10
 0.49651104E+02 0.96987097E-07 0.96987098E-10
 0.49651104E+02 0.97217916E-07 0.97217917E-10
 0.49651104E+02 0.96368655E-07 0.96368655E-10
 0.49651104E+02 0.98254702E-07 0.98254702E-10
 0.49651104E+02 0.96119970E-07 0.96119971E-10
 0.49651104E+02 0.97736324E-07 0.97736324E-10
 0.49651104E+02 0.98361517E-07 0.98361517E-10
 0.49651104E+02 0.98166457E-07 0.98166457E-10
 0.49651104E+02 0.98127659E-07 0.98127659E-10
 0.49651104E+02 0.96220485E-07 0.96220485E-10
 0.49651104E+02 0.96072538E-07 0.96072538E-10
 0.49651104E+02 0.96157330E-07 0.96157330E-10
 0.49651104E+02 0.96681743E-07 0.96681743E-10
 0.49651104E+02 0.98282598E-07 0.98282599E-10
 0.49651104E+02 0.97867399E-07 0.97867400E-10
 0.49651104E+02 0.96122585E-07 0.96122586E-10
 0.49651104E+02 0.98285489E-07 0.98285489E-10
 0.49651104E+02 0.96689329E-07 0.96689330E-10
 0.49651104E+02 0.96904725E-07 0.96904725E-10
 0.49651104E+02 0.97402603E-07 0.97402603E-10
 0.49651104E+02 0.98110533E-07 0.98110533E-10
 0.49651104E+02 0.96304318E-07 0.96304319E-10
 0.49651104E+02 0.97920339E-07 0.97920340E-10
 0.49651104E+02 0.97561959E-07 0.97561959E-10
 0.49651104E+02 0.98142914E-07 0.98142915E-10
 0.49651104E+02 0.98213791E-07 0.98213792E-10
 0.49651104E+02 0.96143198E-07 0.96143199E-10
 0.49651104E+02 0.98182053E-07 0.98182053E-10
 0.49651104E+02 0.96103991E-07 0.96103992E-10
 0.49651104E+02 0.97907344E-07 0.97907345E-10
 0.49651104E+02 0.96441103E-07 0.96441104E-10
 0.49651104E+02 0.96661509E-07 0.96661510E-10
 0.49651104E+02 0.97581480E-07 0.97581480E-10
 0.49651104E+02 0.98092224E-07 0.98092225E-10
 0.49651104E+02 0.97645696E-07 0.97645697E-10
 0.49651104E+02 0.97957056E-07 0.97957056E-10
 0.49651104E+02 0.96963057E-07 0.96963058E-10
 0.49651104E+02 0.96147895E-07 0.96147896E-10
 0.49651104E+02 0.96104664E-07 0.96104664E-10
 0.49651104E+02 0.98125565E-07 0.98125565E-10
 0.49651104E+02 0.95930933E-07 0.95930934E-10
 0.49651104E+02 0.95950643E-07 0.95950643E-10
 0.49651104E+02 0.96553609E-07 0.96553609E-10
 0.49651104E+02 0.98165070E-07 0.98165070E-10
 0.49651104E+02 0.98060615E-07 0.98060616E-10
 0.49651104E+02 0.97239884E-07 0.97239884E-10
 0.49651104E+02 0.98160007E-07 0.98160008E-10
 0.49651104E+02 0.97385312E-07 0.97385312E-10
 0.49651104E+02 0.95957674E-07 0.95957675E-10
 0.49651104E+02 0.95911701E-07 0.95911702E-10
 0.49651104E+02 0.96483931E-07 0.96483932E-10
 0.49651104E+02 0.96610937E-07 0.96610938E-10
 0.49651104E+02 0.97118043E-07 0.97118044E-10
 0.49651104E+02 0.97596695E-07 0.97596695E-10
 0.49651104E+02 0.97829048E-07 0.97829049E-10
 0.49651104E+02 0.97964157E-07 0.97964158E-10
 0.49651104E+02 0.98022457E-07 0.98022457E-10
 0.49651104E+02 0.98038748E-07 0.98038748E-10
 0.49651104E+02 0.98016944E-07 0.98016945E-10
 0.49651104E+02 0.97957670E-07 0.97957670E-10
 0.49651104E+02 0.97785568E-07 0.97785568E-10
 0.49651104E+02 0.97428934E-07 0.97428935E-10
 0.49651104E+02 0.97145329E-07 0.97145329E-10
 0.49651104E+02 0.96602681E-07 0.96602681E-10
 0.49651104E+02 0.96119870E-07 0.96119871E-10
 0.49651104E+02 0.96022913E-07 0.96022913E-10
 0.49651104E+02 0.96204663E-07 0.96204663E-10
 0.49651104E+02 0.94443845E-07 0.94443845E-10
 0.49651104E+02 0.96564114E-07 0.96564114E-10
 0.49651104E+02 0.95087551E-07 0.95087551E-10
 0.49651104E+02 0.95491194E-07 0.95491195E-10
 0.49651104E+02 0.95017718E-07 0.95017719E-10
 0.49651104E+02 0.94400950E-07 0.94400951E-10
 0.49651104E+02 0.93926458E-07 0.93926459E-10
 0.49651104E+02 0.94760744E-07 0.94760745E-10
 0.49651104E+02 0.93248115E-07 0.93248115E-10
 0.49651104E+02 0.92929231E-07 0.92929232E-10
 0.49651104E+02 0.92961546E-07 0.92961547E-10
 0.49651104E+02 0.94296419E-07 0.94296419E-10
 0.49651104E+02 0.94457230E-07 0.94457230E-10
 0.49651104E+02 0.94010054E-07 0.94010055E-10
 0.49651104E+02 0.93215806E-07 0.93215807E-10
 0.49651104E+02 0.92839117E-07 0.92839117E-10
 0.49651104E+02 0.93218180E-07 0.93218180E-10
 0.49651104E+02 0.92409008E-07 0.92409008E-10
 0.49651104E+02 0.91290860E-07 0.91290861E-10
 0.49651104E+02 0.91174394E-07 0.91174394E-10
 0.49651104E+02 0.92791605E-07 0.92791606E-10
 0.49651104E+02 0.91481575E-07 0.91481575E-10
 0.49651104E+02 0.91457957E-07 0.91457958E-10
 0.49651104E+02 0.92013202E-07 0.92013203E-10
 0.49651104E+02 0.92529290E-07 0.92529291E-10
 0.49651104E+02 0.91519162E-07 0.91519162E-10
 0.49651104E+02 0.91275147E-07 0.91275148E-10
 0.49651104E+02 0.92128757E-07 0.92128757E-10
 0.49651104E+02 0.91967693E-07 0.91967693E-10
 0.49651104E+02 0.91691648E-07 0.91691648E-10
 0.49651104E+02 0.91455919E-07 0.91455920E-10
 0.49651104E+02 0.91252324E-07 0.91252325E-10
 0.49651104E+02 0.91531795E-07 0.91531795E-10
 0.49651104E+02 0.91172448E-07 0.91172449E-10
 0.49651104E+02 0.91396873E-07 0.91396873E-10
 0.49651104E+02 0.91178161E-07 0.91178161E-10
 0.49651104E+02 0.91365367E-07 0.91365368E-10
 0.49651104E+02 0.91366438E-07 0.91366439E-10
 0.49651104E+02 0.91229858E-07 0.91229858E-10
 0.49651104E+02 0.91257417E-07 0.91257418E-10
 0.49651104E+02 0.91126586E-07 0.91126587E-10
 0.49651104E+02 0.91494515E-07 0.91494515E-10
 0.49651104E+02 0.91132271E-07 0.91132271E-10
 0.49651104E+02 0.91248515E-07 0.91248515E-10
 0.49651104E+02 0.91299985E-07 0.91299985E-10
 0.49651104E+02 0.91126849E-07 0.91126850E-10
 0.49651104E+02 0.91316720E-07 0.91316721E-10
 0.49651104E+02 0.91138386E-07 0.91138387E-10
 0.49651104E+02 0.91326634E-07 0.91326634E-10
 0.49651104E+02 0.91150969E-07 0.91150969E-10
 0.49651104E+02 0.91380485E-07 0.91380486E-10
 0.49651104E+02 0.91125508E-07 0.91125509E-10
 0.49651104E+02 0.91255167E-07 0.91255167E-10
 0.49651104E+02 0.91228256E-07 0.91228257E-10
 0.49651104E+02 0.91208153E-07 0.91208153E-10
 0.49651104E+02 0.91118663E-07 0.91118663E-10
 0.49651104E+02 0.91239506E-07 0.91239507E-10
 0.49651104E+02 0.91152795E-07 0.91152796E-10
 0.49651104E+02 0.91265000E-07 0.91265001E-10
 0.49651104E+02 0.91125900E-07 0.91125901E-10
 0.49651104E+02 0.91126764E-07 0.91126764E-10
 0.49651104E+02 0.91221299E-07 0.91221299E-10
 0.49651104E+02 0.91180655E-07 0.91180656E-10
 0.49651104E+02 0.91195212E-07 0.91195212E-10
 0.49651104E+02 0.91219837E-07 0.91219838E-10
 0.49651104E+02 0.91128157E-07 0.91128158E-10
 0.49651104E+02 0.91122715E-07 0.91122716E-10
 0.49651104E+02 0.91123681E-07 0.91123682E-10
 0.49651104E+02 0.91197445E-07 0.91197445E-10
 0.49651104E+02 0.91145290E-07 0.91145291E-10
 0.49651104E+02 0.91184179E-07 0.91184180E-10
 0.49651104E+02 0.91187325E-07 0.91187325E-10
 0.49651104E+02 0.91126827E-07 0.91126827E-10
 0.49651104E+02 0.91131580E-07 0.91131580E-10
 0.49651104E+02 0.91162727E-07 0.91162728E-10
 0.49651104E+02 0.91189069E-07 0.91189070E-10
 0.49651104E+02 0.91128056E-07 0.91128057E-10
 0.49651104E+02 0.91132837E-07 0.91132837E-10
 0.49651104E+02 0.91133042E-07 0.91133043E-10
 0.49651104E+02 0.91137748E-07 0.91137748E-10
 0.49651104E+02 0.91137621E-07 0.91137622E-10
 0.49651104E+02 0.91144996E-07 0.91144997E-10
 0.49651104E+02 0.91159076E-07 0.91159076E-10
 0.49651104E+02 0.91175511E-07 0.91175511E-10
 0.49651104E+02 0.91175623E-07 0.91175624E-10
 0.49651104E+02 0.91176160E-07 0.91176161E-10
 0.49921215E+02 0.90844228E-07 0.90844229E-10
 0.49921215E+02 0.90842378E-07 0.90842379E-10
 0.49921215E+02 0.90826187E-07 0.90826188E-10
 0.49921215E+02 0.90813131E-07 0.90813131E-10
 0.49921215E+02 0.90803989E-07 0.90803989E-10
 0.49921215E+02 0.90802859E-07 0.90802860E-10
 0.49921215E+02 0.90802999E-07 0.90803000E-10
 0.49921215E+02 0.90826285E-07 0.90826285E-10
 0.49921215E+02 0.90804123E-07 0.90804124E-10
 0.49896418E+02 0.90855299E-07 0.90855299E-10
 0.49894272E+02 0.90801690E-07 0.90801690E-10
 0.49878433E+02 0.90847409E-07 0.90847410E-10
 0.49877359E+02 0.90801031E-07 0.90801032E-10
 0.49874538E+02 0.90812957E-07 0.90812958E-10
 0.49865670E+02 0.90861638E-07 0.90861639E-10
 0.49858411E+02 0.90800289E-07 0.90800290E-10
 0.49850341E+02 0.90896344E-07 0.90896345E-10
 0.49847381E+02 0.90856967E-07 0.90856968E-10
 0.49847381E+02 0.90801024E-07 0.90801024E-10
 0.49846978E+02 0.90798366E-07 0.90798367E-10
 0.49842133E+02 0.90813821E-07 0.90813822E-10
 0.49828668E+02 0.90879168E-07 0.90879169E-10
 0.49825569E+02 0.90798006E-07 0.90798007E-10
 0.49820314E+02 0.90799581E-07 0.90799581E-10
 0.49817079E+02 0.90964994E-07 0.90964995E-10
 0.49804402E+02 0.90913817E-07 0.90913818E-10
 0.49803323E+02 0.90836739E-07 0.90836739E-10
 0.49801569E+02 0.91056645E-07 0.91056646E-10
 0.49798195E+02 0.90816182E-07 0.90816183E-10
 0.49791851E+02 0.90811695E-07 0.90811695E-10
 0.49789555E+02 0.90829414E-07 0.90829415E-10
 0.49788205E+02 0.90904031E-07 0.90904032E-10
 0.49788205E+02 0.90808033E-07 0.90808033E-10
 0.49777884E+02 0.90842206E-07 0.90842207E-10
 0.49775168E+02 0.90874603E-07 0.90874603E-10
 0.49770450E+02 0.91175243E-07 0.91175244E-10
 0.49768801E+02 0.91224331E-07 0.91224332E-10
 0.49767259E+02 0.91042019E-07 0.91042019E-10
 0.49766137E+02 0.91120323E-07 0.91120323E-10
 0.49760064E+02 0.91031184E-07 0.91031185E-10
 0.49742794E+02 0.90938739E-07 0.90938739E-10
 0.49742076E+02 0.91457693E-07 0.91457694E-10
 0.49736387E+02 0.91057199E-07 0.91057200E-10
 0.49730601E+02 0.90903201E-07 0.90903202E-10
 0.49729951E+02 0.91268037E-07 0.91268037E-10
 0.49728853E+02 0.90993935E-07 0.90993935E-10
 0.49728853E+02 0.90849282E-07 0.90849283E-10
 0.49728108E+02 0.91504946E-07 0.91504946E-10
 0.49726617E+02 0.91171638E-07 0.91171639E-10
 0.49725315E+02 0.91872325E-07 0.91872326E-10
 0.49723932E+02 0.91241999E-07 0.91242000E-10
 0.49716433E+02 0.92023401E-07 0.92023401E-10
 0.49714331E+02 0.91466790E-07 0.91466790E-10
 0.49711848E+02 0.92189732E-07 0.92189733E-10
 0.49703746E+02 0.92639825E-07 0.92639825E-10
 0.49703502E+02 0.92077914E-07 0.92077915E-10
 0.49700936E+02 0.91843122E-07 0.91843123E-10
 0.49699837E+02 0.92546319E-07 0.92546319E-10
 0.49692068E+02 0.94322618E-07 0.94322618E-10
 0.49692068E+02 0.92997952E-07 0.92997952E-10
 0.49690819E+02 0.94371742E-07 0.94371743E-10
 0.49690153E+02 0.93373574E-07 0.93373574E-10
 0.49689243E+02 0.93263475E-07 0.93263476E-10
 0.49689121E+02 0.92837517E-07 0.92837518E-10
 0.49688564E+02 0.94059601E-07 0.94059602E-10
 0.49684310E+02 0.95904522E-07 0.95904523E-10
 0.49684310E+02 0.95670810E-07 0.95670811E-10
 0.49684066E+02 0.94029269E-07 0.94029269E-10
 0.49681524E+02 0.94348273E-07 0.94348273E-10
 0.49675787E+02 0.93252579E-07 0.93252579E-10
 0.49673258E+02 0.94942315E-07 0.94942316E-10
 0.49670388E+02 0.95204109E-07 0.95204109E-10
 0.49668022E+02 0.96337726E-07 0.96337726E-10
 0.49633092E+02 0.96396357E-07 0.96396358E-10
 0.49628621E+02 0.96049751E-07 0.96049751E-10
 0.49626262E+02 0.97480832E-07 0.97480832E-10
 0.49622825E+02 0.97190944E-07 0.97190945E-10
 0.49617027E+02 0.95886032E-07 0.95886032E-10
 0.49616344E+02 0.97795136E-07 0.97795136E-10
 0.49612100E+02 0.95986653E-07 0.95986654E-10
 0.49611772E+02 0.97877479E-07 0.97877479E-10
 0.49611472E+02 0.97471788E-07 0.97471789E-10
 0.49607855E+02 0.96448120E-07 0.96448120E-10
 0.49607240E+02 0.97903384E-07 0.97903384E-10
 0.49606940E+02 0.96964652E-07 0.96964652E-10
 0.49606285E+02 0.96709428E-07 0.96709428E-10
 0.49605479E+02 0.96028891E-07 0.96028891E-10
 0.49605261E+02 0.97850765E-07 0.97850766E-10
 0.49603103E+02 0.96148959E-07 0.96148960E-10
 0.49599306E+02 0.95821675E-07 0.95821675E-10
 0.49598473E+02 0.96168250E-07 0.96168250E-10
 0.49593145E+02 0.97531680E-07 0.97531681E-10
 0.49589332E+02 0.97063995E-07 0.97063996E-10
 0.49588895E+02 0.97374169E-07 0.97374169E-10
 0.49581731E+02 0.96769389E-07 0.96769390E-10
 0.49578326E+02 0.97519254E-07 0.97519255E-10
 0.49577068E+02 0.97735121E-07 0.97735122E-10
 0.49576521E+02 0.96080384E-07 0.96080384E-10
 0.49574948E+02 0.97619152E-07 0.97619153E-10
 0.49574442E+02 0.96204547E-07 0.96204548E-10
 0.49574278E+02 0.97053386E-07 0.97053387E-10
 0.49571665E+02 0.96411429E-07 0.96411430E-10
 0.49567847E+02 0.95863576E-07 0.95863577E-10
 0.49565781E+02 0.95679420E-07 0.95679420E-10
 0.49562537E+02 0.95689165E-07 0.95689165E-10
 0.49562140E+02 0.95827320E-07 0.95827320E-10
 0.49557403E+02 0.96822128E-07 0.96822128E-10
 0.49554459E+02 0.96960052E-07 0.96960052E-10
 0.49548418E+02 0.96892662E-07 0.96892662E-10
 0.49546349E+02 0.97103000E-07 0.97103000E-10
 0.49544622E+02 0.96845375E-07 0.96845376E-10
 0.49539771E+02 0.96135046E-07 0.96135046E-10
 0.49538263E+02 0.95873751E-07 0.95873752E-10
 0.49537578E+02 0.96920121E-07 0.96920122E-10
 0.49535974E+02 0.97052107E-07 0.97052107E-10
 0.49534493E+02 0.96066843E-07 0.96066843E-10
 0.49529213E+02 0.96262596E-07 0.96262597E-10
 0.49523534E+02 0.95657989E-07 0.95657990E-10
 0.49520090E+02 0.96531379E-07 0.96531379E-10
 0.49514380E+02 0.96399549E-07 0.96399550E-10
 0.49514380E+02 0.99999999E-07 0.99999999E-10
 0.49514380E+02 0.96413119E-07 0.96413119E-10
 0.49513419E+02 0.95463168E-07 0.95463169E-10
 0.49513419E+02 0.95510263E-07 0.95510264E-10
 0.49512870E+02 0.95304855E-07 0.95304855E-10
 0.49511223E+02 0.96196617E-07 0.96196617E-10
 0.49508751E+02 0.95972277E-07 0.95972277E-10
 0.49501197E+02 0.96175837E-07 0.96175838E-10
 0.49497899E+02 0.95561054E-07 0.95561055E-10
 0.49493090E+02 0.95879302E-07 0.95879303E-10
 0.49491028E+02 0.95916547E-07 0.95916547E-10
 0.49490890E+02 0.95555350E-07 0.95555350E-10
 0.49485803E+02 0.96461252E-07 0.96461253E-10
 0.49484153E+02 0.95774097E-07 0.95774097E-10
 0.49483328E+02 0.95452906E-07 0.95452907E-10
 0.49476588E+02 0.95533781E-07 0.95533782E-10
 0.49471360E+02 0.95081818E-07 0.95081819E-10
 0.49467919E+02 0.95634761E-07 0.95634762E-10
 0.49467644E+02 0.95107885E-07 0.95107885E-10
 0.49466818E+02 0.95308353E-07 0.95308354E-10
 0.49466818E+02 0.95117747E-07 0.95117748E-10
 0.49458557E+02 0.95121333E-07 0.95121334E-10
 0.49455389E+02 0.95348931E-07 0.95348931E-10
 0.49452496E+02 0.94742132E-07 0.94742133E-10
 0.49452220E+02 0.95248217E-07 0.95248218E-10
 0.49448362E+02 0.95151682E-07 0.95151683E-10
 0.49441057E+02 0.94973372E-07 0.94973373E-10
 0.49432508E+02 0.94804227E-07 0.94804227E-10
 0.49427404E+02 0.94555224E-07 0.94555225E-10
 0.49420091E+02 0.94838335E-07 0.94838335E-10
 0.49418848E+02 0.94800239E-07 0.94800239E-10
 0.49413602E+02 0.94825442E-07 0.94825443E-10
 0.49413050E+02 0.94718566E-07 0.94718566E-10
 0.49408216E+02 0.94647073E-07 0.94647073E-10
 0.49406145E+02 0.94638052E-07 0.94638052E-10
 0.49404072E+02 0.94539913E-07 0.94539914E-10
 0.49376559E+02 0.94803533E-07 0.94803533E-10
 0.49376559E+02 0.94622193E-07 0.94622193E-10
 0.49376559E+02 0.94627859E-07 0.94627860E-10
 0.49376559E+02 0.94569217E-07 0.94569217E-10
 0.49376559E+02 0.94715920E-07 0.94715921E-10
 0.49376559E+02 0.94514540E-07 0.94514541E-10
 0.49376559E+02 0.94404600E-07 0.94404600E-10
 0.49376559E+02 0.94314062E-07 0.94314062E-10
 0.49376559E+02 0.94240996E-07 0.94240997E-10
 0.49376559E+02 0.94536075E-07 0.94536075E-10
 0.49376559E+02 0.94404026E-07 0.94404026E-10
