   68 , 0.172900E+05 ,    76 , 0.30087424E+08 , 0.84230701E+02 , 0.00000000E+00 , 0.00000000E+00 ,  1315 , 0.30004186E+08 , 0.19350159E+03 , 0.00000000E+00 , 0.00000000E+00 , 
   69 , 0.173100E+05 ,    76 , 0.30087221E+08 , 0.85069147E+02 , 0.00000000E+00 , 0.00000000E+00 ,  1315 , 0.30004187E+08 , 0.19350158E+03 , 0.00000000E+00 , 0.00000000E+00 , 
   70 , 0.173500E+05 ,    76 , 0.30086885E+08 , 0.86334712E+02 , 0.00000000E+00 , 0.00000000E+00 ,  1315 , 0.30004187E+08 , 0.19350156E+03 , 0.00000000E+00 , 0.00000000E+00 , 
   71 , 0.174300E+05 ,    76 , 0.30086412E+08 , 0.87858336E+02 , 0.00000000E+00 , 0.00000000E+00 ,  1315 , 0.30004186E+08 , 0.19350153E+03 , 0.00000000E+00 , 0.00000000E+00 , 
   72 , 0.175900E+05 ,    76 , 0.30085868E+08 , 0.89127433E+02 , 0.00000000E+00 , 0.00000000E+00 ,  1315 , 0.30004185E+08 , 0.19350149E+03 , 0.00000000E+00 , 0.00000000E+00 , 
   73 , 0.179100E+05 ,    76 , 0.30085367E+08 , 0.89655874E+02 , 0.00000000E+00 , 0.00000000E+00 ,  1315 , 0.30004182E+08 , 0.19350144E+03 , 0.00000000E+00 , 0.00000000E+00 , 
   74 , 0.185500E+05 ,    76 , 0.30085037E+08 , 0.89416715E+02 , 0.00000000E+00 , 0.00000000E+00 ,  1315 , 0.30004179E+08 , 0.19350139E+03 , 0.00000000E+00 , 0.00000000E+00 , 
   75 , 0.198300E+05 ,    76 , 0.30085000E+08 , 0.88604568E+02 , 0.00000000E+00 , 0.00000000E+00 ,  1315 , 0.30004175E+08 , 0.19350136E+03 , 0.00000000E+00 , 0.00000000E+00 , 
   76 , 0.223900E+05 ,    76 , 0.30085349E+08 , 0.87329864E+02 , 0.00000000E+00 , 0.00000000E+00 ,  1315 , 0.30004172E+08 , 0.19350138E+03 , 0.00000000E+00 , 0.00000000E+00 , 
   77 , 0.275100E+05 ,    76 , 0.30086091E+08 , 0.85767106E+02 , 0.00000000E+00 , 0.00000000E+00 ,  1315 , 0.30004170E+08 , 0.19350145E+03 , 0.00000000E+00 , 0.00000000E+00 , 
   78 , 0.377500E+05 ,    76 , 0.30087129E+08 , 0.84265907E+02 , 0.00000000E+00 , 0.00000000E+00 ,  1315 , 0.30004170E+08 , 0.19350156E+03 , 0.00000000E+00 , 0.00000000E+00 , 
   79 , 0.432000E+05 ,    76 , 0.30087561E+08 , 0.83779068E+02 , 0.00000000E+00 , 0.00000000E+00 ,  1315 , 0.30004170E+08 , 0.19350161E+03 , 0.00000000E+00 , 0.00000000E+00 , 
   80 , 0.541000E+05 ,    76 , 0.30088193E+08 , 0.83194569E+02 , 0.00000000E+00 , 0.00000000E+00 ,  1315 , 0.30004170E+08 , 0.19350168E+03 , 0.00000000E+00 , 0.00000000E+00 , 
   81 , 0.759000E+05 ,    76 , 0.30089027E+08 , 0.82620687E+02 , 0.00000000E+00 , 0.00000000E+00 ,  1315 , 0.30004171E+08 , 0.19350178E+03 , 0.00000000E+00 , 0.00000000E+00 , 
   82 , 0.119500E+06 ,    76 , 0.30090027E+08 , 0.82146362E+02 , 0.00000000E+00 , 0.00000000E+00 ,  1315 , 0.30004171E+08 , 0.19350190E+03 , 0.00000000E+00 , 0.00000000E+00 , 
   83 , 0.206700E+06 ,    76 , 0.30091161E+08 , 0.81788419E+02 , 0.00000000E+00 , 0.00000000E+00 ,  1315 , 0.30004171E+08 , 0.19350206E+03 , 0.00000000E+00 , 0.00000000E+00 , 
   84 , 0.381100E+06 ,    76 , 0.30092423E+08 , 0.81525210E+02 , 0.00000000E+00 , 0.00000000E+00 ,  1315 , 0.30004171E+08 , 0.19350219E+03 , 0.00000000E+00 , 0.00000000E+00 , 
   85 , 0.729900E+06 ,    76 , 0.30093827E+08 , 0.81332654E+02 , 0.00000000E+00 , 0.00000000E+00 ,  1315 , 0.30004171E+08 , 0.19350076E+03 , 0.00000000E+00 , 0.00000000E+00 , 
   86 , 0.142750E+07 ,    76 , 0.30095415E+08 , 0.81192627E+02 , 0.00000000E+00 , 0.00000000E+00 ,  1315 , 0.30004172E+08 , 0.19347438E+03 , 0.00000000E+00 , 0.00000000E+00 , 
   87 , 0.282270E+07 ,    76 , 0.30097266E+08 , 0.81091562E+02 , 0.00000000E+00 , 0.00000000E+00 ,  1315 , 0.30004176E+08 , 0.19325403E+03 , 0.00000000E+00 , 0.00000000E+00 , 
   88 , 0.561310E+07 ,    76 , 0.30099529E+08 , 0.81019044E+02 , 0.00000000E+00 , 0.00000000E+00 ,  1315 , 0.30004193E+08 , 0.19221566E+03 , 0.00000000E+00 , 0.00000000E+00 , 
   89 , 0.906910E+07 ,    76 , 0.30101506E+08 , 0.80979110E+02 , 0.00000000E+00 , 0.00000000E+00 ,  1315 , 0.30004223E+08 , 0.19044657E+03 , 0.00000000E+00 , 0.00000000E+00 , 
   90 , 0.125251E+08 ,    76 , 0.30103068E+08 , 0.80956689E+02 , 0.00000000E+00 , 0.00000000E+00 ,  1315 , 0.30004257E+08 , 0.18848662E+03 , 0.00000000E+00 , 0.00000000E+00 , 
   91 , 0.159811E+08 ,    76 , 0.30104379E+08 , 0.80942104E+02 , 0.00000000E+00 , 0.00000000E+00 ,  1315 , 0.30004293E+08 , 0.18648658E+03 , 0.00000000E+00 , 0.00000000E+00 , 
   92 , 0.194371E+08 ,    76 , 0.30105516E+08 , 0.80931719E+02 , 0.00000000E+00 , 0.00000000E+00 ,  1315 , 0.30004329E+08 , 0.18452177E+03 , 0.00000000E+00 , 0.00000000E+00 , 
   93 , 0.228931E+08 ,    76 , 0.30106525E+08 , 0.80923866E+02 , 0.00000000E+00 , 0.00000000E+00 ,  1315 , 0.30004365E+08 , 0.18262768E+03 , 0.00000000E+00 , 0.00000000E+00 , 
   94 , 0.263491E+08 ,    76 , 0.30107433E+08 , 0.80917668E+02 , 0.00000000E+00 , 0.00000000E+00 ,  1315 , 0.30004400E+08 , 0.18081922E+03 , 0.00000000E+00 , 0.00000000E+00 , 
   95 , 0.298051E+08 ,    76 , 0.30108261E+08 , 0.80912619E+02 , 0.00000000E+00 , 0.00000000E+00 ,  1315 , 0.30004434E+08 , 0.17910074E+03 , 0.00000000E+00 , 0.00000000E+00 , 
   96 , 0.332611E+08 ,    76 , 0.30109021E+08 , 0.80908405E+02 , 0.00000000E+00 , 0.00000000E+00 ,  1315 , 0.30004467E+08 , 0.17747118E+03 , 0.00000000E+00 , 0.00000000E+00 , 
   97 , 0.367171E+08 ,    76 , 0.30109725E+08 , 0.80904818E+02 , 0.00000000E+00 , 0.00000000E+00 ,  1315 , 0.30004499E+08 , 0.17592684E+03 , 0.00000000E+00 , 0.00000000E+00 , 
   98 , 0.401731E+08 ,    76 , 0.30110380E+08 , 0.80901717E+02 , 0.00000000E+00 , 0.00000000E+00 ,  1315 , 0.30004530E+08 , 0.17446285E+03 , 0.00000000E+00 , 0.00000000E+00 , 
   99 , 0.436291E+08 ,    76 , 0.30110992E+08 , 0.80899002E+02 , 0.00000000E+00 , 0.00000000E+00 ,  1315 , 0.30004559E+08 , 0.17307394E+03 , 0.00000000E+00 , 0.00000000E+00 , 
  100 , 0.470851E+08 ,    76 , 0.30111568E+08 , 0.80896597E+02 , 0.00000000E+00 , 0.00000000E+00 ,  1315 , 0.30004588E+08 , 0.17175481E+03 , 0.00000000E+00 , 0.00000000E+00 , 
  101 , 0.505411E+08 ,    76 , 0.30112111E+08 , 0.80894448E+02 , 0.00000000E+00 , 0.00000000E+00 ,  1315 , 0.30004617E+08 , 0.17050039E+03 , 0.00000000E+00 , 0.00000000E+00 , 
  102 , 0.539971E+08 ,    76 , 0.30112625E+08 , 0.80892513E+02 , 0.00000000E+00 , 0.00000000E+00 ,  1315 , 0.30004644E+08 , 0.16930594E+03 , 0.00000000E+00 , 0.00000000E+00 , 
  103 , 0.574531E+08 ,    76 , 0.30113112E+08 , 0.80890757E+02 , 0.00000000E+00 , 0.00000000E+00 ,  1315 , 0.30004670E+08 , 0.16816705E+03 , 0.00000000E+00 , 0.00000000E+00 , 
  104 , 0.609091E+08 ,    76 , 0.30113576E+08 , 0.80889154E+02 , 0.00000000E+00 , 0.00000000E+00 ,  1315 , 0.30004696E+08 , 0.16707969E+03 , 0.00000000E+00 , 0.00000000E+00 , 
  105 , 0.643651E+08 ,    76 , 0.30114018E+08 , 0.80887684E+02 , 0.00000000E+00 , 0.00000000E+00 ,  1315 , 0.30004720E+08 , 0.16604014E+03 , 0.00000000E+00 , 0.00000000E+00 , 
  106 , 0.678211E+08 ,    76 , 0.30114440E+08 , 0.80886329E+02 , 0.00000000E+00 , 0.00000000E+00 ,  1315 , 0.30004745E+08 , 0.16504504E+03 , 0.00000000E+00 , 0.00000000E+00 , 
  107 , 0.712771E+08 ,    76 , 0.30114845E+08 , 0.80885073E+02 , 0.00000000E+00 , 0.00000000E+00 ,  1315 , 0.30004768E+08 , 0.16409130E+03 , 0.00000000E+00 , 0.00000000E+00 , 
  108 , 0.747331E+08 ,    76 , 0.30115233E+08 , 0.80883907E+02 , 0.00000000E+00 , 0.00000000E+00 ,  1315 , 0.30004791E+08 , 0.16317612E+03 , 0.00000000E+00 , 0.00000000E+00 , 
  109 , 0.781891E+08 ,    76 , 0.30115605E+08 , 0.80882819E+02 , 0.00000000E+00 , 0.00000000E+00 ,  1315 , 0.30004813E+08 , 0.16229693E+03 , 0.00000000E+00 , 0.00000000E+00 , 
  110 , 0.816451E+08 ,    76 , 0.30115964E+08 , 0.80881800E+02 , 0.00000000E+00 , 0.00000000E+00 ,  1315 , 0.30004835E+08 , 0.16145140E+03 , 0.00000000E+00 , 0.00000000E+00 , 
  111 , 0.851011E+08 ,    76 , 0.30116309E+08 , 0.80880845E+02 , 0.00000000E+00 , 0.00000000E+00 ,  1315 , 0.30004856E+08 , 0.16063738E+03 , 0.00000000E+00 , 0.00000000E+00 , 
  112 , 0.885571E+08 ,    76 , 0.30116642E+08 , 0.80879945E+02 , 0.00000000E+00 , 0.00000000E+00 ,  1315 , 0.30004876E+08 , 0.15985290E+03 , 0.00000000E+00 , 0.00000000E+00 , 
  113 , 0.920131E+08 ,    76 , 0.30116964E+08 , 0.80879097E+02 , 0.00000000E+00 , 0.00000000E+00 ,  1315 , 0.30004896E+08 , 0.15909618E+03 , 0.00000000E+00 , 0.00000000E+00 , 
  114 , 0.954691E+08 ,    76 , 0.30117275E+08 , 0.80878295E+02 , 0.00000000E+00 , 0.00000000E+00 ,  1315 , 0.30004916E+08 , 0.15836556E+03 , 0.00000000E+00 , 0.00000000E+00 , 
  115 , 0.989251E+08 ,    76 , 0.30117576E+08 , 0.80877535E+02 , 0.00000000E+00 , 0.00000000E+00 ,  1315 , 0.30004935E+08 , 0.15765952E+03 , 0.00000000E+00 , 0.00000000E+00 , 
  116 , 0.102381E+09 ,    76 , 0.30117868E+08 , 0.80876814E+02 , 0.00000000E+00 , 0.00000000E+00 ,  1315 , 0.30004953E+08 , 0.15697666E+03 , 0.00000000E+00 , 0.00000000E+00 , 
  117 , 0.105837E+09 ,    76 , 0.30118151E+08 , 0.80876128E+02 , 0.00000000E+00 , 0.00000000E+00 ,  1315 , 0.30004972E+08 , 0.15631571E+03 , 0.00000000E+00 , 0.00000000E+00 , 
  118 , 0.109293E+09 ,    76 , 0.30118426E+08 , 0.80875475E+02 , 0.00000000E+00 , 0.00000000E+00 ,  1315 , 0.30004989E+08 , 0.15567546E+03 , 0.00000000E+00 , 0.00000000E+00 , 
  119 , 0.112749E+09 ,    76 , 0.30118692E+08 , 0.80874852E+02 , 0.00000000E+00 , 0.00000000E+00 ,  1315 , 0.30005007E+08 , 0.15505482E+03 , 0.00000000E+00 , 0.00000000E+00 , 
  120 , 0.116205E+09 ,    76 , 0.30118951E+08 , 0.80874256E+02 , 0.00000000E+00 , 0.00000000E+00 ,  1315 , 0.30005024E+08 , 0.15445276E+03 , 0.00000000E+00 , 0.00000000E+00 , 
  121 , 0.119661E+09 ,    76 , 0.30119204E+08 , 0.80873686E+02 , 0.00000000E+00 , 0.00000000E+00 ,  1315 , 0.30005041E+08 , 0.15386834E+03 , 0.00000000E+00 , 0.00000000E+00 , 
  122 , 0.123117E+09 ,    76 , 0.30119449E+08 , 0.80873140E+02 , 0.00000000E+00 , 0.00000000E+00 ,  1315 , 0.30005057E+08 , 0.15330067E+03 , 0.00000000E+00 , 0.00000000E+00 , 
  123 , 0.126573E+09 ,    76 , 0.30119688E+08 , 0.80872616E+02 , 0.00000000E+00 , 0.00000000E+00 ,  1315 , 0.30005073E+08 , 0.15274893E+03 , 0.00000000E+00 , 0.00000000E+00 , 
  124 , 0.130029E+09 ,    76 , 0.30119922E+08 , 0.80872113E+02 , 0.00000000E+00 , 0.00000000E+00 ,  1315 , 0.30005089E+08 , 0.15221238E+03 , 0.00000000E+00 , 0.00000000E+00 , 
  125 , 0.133485E+09 ,    76 , 0.30120149E+08 , 0.80871629E+02 , 0.00000000E+00 , 0.00000000E+00 ,  1315 , 0.30005104E+08 , 0.15169028E+03 , 0.00000000E+00 , 0.00000000E+00 , 
  126 , 0.136941E+09 ,    76 , 0.30120371E+08 , 0.80871163E+02 , 0.00000000E+00 , 0.00000000E+00 ,  1315 , 0.30005119E+08 , 0.15118197E+03 , 0.00000000E+00 , 0.00000000E+00 , 
  127 , 0.140397E+09 ,    76 , 0.30120587E+08 , 0.80870715E+02 , 0.00000000E+00 , 0.00000000E+00 ,  1315 , 0.30005134E+08 , 0.15068682E+03 , 0.00000000E+00 , 0.00000000E+00 , 
  128 , 0.143853E+09 ,    76 , 0.30120799E+08 , 0.80870282E+02 , 0.00000000E+00 , 0.00000000E+00 ,  1315 , 0.30005149E+08 , 0.15020424E+03 , 0.00000000E+00 , 0.00000000E+00 , 
  129 , 0.147309E+09 ,    76 , 0.30121006E+08 , 0.80869865E+02 , 0.00000000E+00 , 0.00000000E+00 ,  1315 , 0.30005163E+08 , 0.14973368E+03 , 0.00000000E+00 , 0.00000000E+00 , 
  130 , 0.150765E+09 ,    76 , 0.30121208E+08 , 0.80869461E+02 , 0.00000000E+00 , 0.00000000E+00 ,  1315 , 0.30005177E+08 , 0.14927464E+03 , 0.00000000E+00 , 0.00000000E+00 , 
  131 , 0.154221E+09 ,    76 , 0.30121406E+08 , 0.80869071E+02 , 0.00000000E+00 , 0.00000000E+00 ,  1315 , 0.30005191E+08 , 0.14882662E+03 , 0.00000000E+00 , 0.00000000E+00 , 
  132 , 0.157677E+09 ,    76 , 0.30121600E+08 , 0.80868694E+02 , 0.00000000E+00 , 0.00000000E+00 ,  1315 , 0.30005205E+08 , 0.14838917E+03 , 0.00000000E+00 , 0.00000000E+00 , 
  133 , 0.161133E+09 ,    76 , 0.30121789E+08 , 0.80868329E+02 , 0.00000000E+00 , 0.00000000E+00 ,  1315 , 0.30005218E+08 , 0.14796186E+03 , 0.00000000E+00 , 0.00000000E+00 , 
  134 , 0.164589E+09 ,    76 , 0.30121975E+08 , 0.80867974E+02 , 0.00000000E+00 , 0.00000000E+00 ,  1315 , 0.30005231E+08 , 0.14754429E+03 , 0.00000000E+00 , 0.00000000E+00 , 
  135 , 0.168045E+09 ,    76 , 0.30122157E+08 , 0.80867631E+02 , 0.00000000E+00 , 0.00000000E+00 ,  1315 , 0.30005244E+08 , 0.14713608E+03 , 0.00000000E+00 , 0.00000000E+00 , 
  136 , 0.171501E+09 ,    76 , 0.30122335E+08 , 0.80867298E+02 , 0.00000000E+00 , 0.00000000E+00 ,  1315 , 0.30005257E+08 , 0.14673686E+03 , 0.00000000E+00 , 0.00000000E+00 , 
  137 , 0.174957E+09 ,    76 , 0.30122510E+08 , 0.80866975E+02 , 0.00000000E+00 , 0.00000000E+00 ,  1315 , 0.30005269E+08 , 0.14634628E+03 , 0.00000000E+00 , 0.00000000E+00 , 
  138 , 0.178413E+09 ,    76 , 0.30122682E+08 , 0.80866661E+02 , 0.00000000E+00 , 0.00000000E+00 ,  1315 , 0.30005282E+08 , 0.14596403E+03 , 0.00000000E+00 , 0.00000000E+00 , 
  139 , 0.181869E+09 ,    76 , 0.30122850E+08 , 0.80866355E+02 , 0.00000000E+00 , 0.00000000E+00 ,  1315 , 0.30005294E+08 , 0.14558979E+03 , 0.00000000E+00 , 0.00000000E+00 , 
  140 , 0.185325E+09 ,    76 , 0.30123015E+08 , 0.80866058E+02 , 0.00000000E+00 , 0.00000000E+00 ,  1315 , 0.30005306E+08 , 0.14522327E+03 , 0.00000000E+00 , 0.00000000E+00 , 
  141 , 0.188781E+09 ,    76 , 0.30123178E+08 , 0.80865769E+02 , 0.00000000E+00 , 0.00000000E+00 ,  1315 , 0.30005318E+08 , 0.14486420E+03 , 0.00000000E+00 , 0.00000000E+00 , 
  142 , 0.192237E+09 ,    76 , 0.30123337E+08 , 0.80865488E+02 , 0.00000000E+00 , 0.00000000E+00 ,  1315 , 0.30005329E+08 , 0.14451231E+03 , 0.00000000E+00 , 0.00000000E+00 , 
  143 , 0.195693E+09 ,    76 , 0.30123494E+08 , 0.80865214E+02 , 0.00000000E+00 , 0.00000000E+00 ,  1315 , 0.30005341E+08 , 0.14416735E+03 , 0.00000000E+00 , 0.00000000E+00 , 
  144 , 0.199149E+09 ,    76 , 0.30123648E+08 , 0.80864947E+02 , 0.00000000E+00 , 0.00000000E+00 ,  1315 , 0.30005352E+08 , 0.14382909E+03 , 0.00000000E+00 , 0.00000000E+00 , 
  145 , 0.202605E+09 ,    76 , 0.30123799E+08 , 0.80864686E+02 , 0.00000000E+00 , 0.00000000E+00 ,  1315 , 0.30005363E+08 , 0.14349731E+03 , 0.00000000E+00 , 0.00000000E+00 , 
  146 , 0.206061E+09 ,    76 , 0.30123948E+08 , 0.80864432E+02 , 0.00000000E+00 , 0.00000000E+00 ,  1315 , 0.30005374E+08 , 0.14317177E+03 , 0.00000000E+00 , 0.00000000E+00 , 
  147 , 0.209517E+09 ,    76 , 0.30124094E+08 , 0.80864185E+02 , 0.00000000E+00 , 0.00000000E+00 ,  1315 , 0.30005385E+08 , 0.14285229E+03 , 0.00000000E+00 , 0.00000000E+00 , 
  148 , 0.212973E+09 ,    76 , 0.30124238E+08 , 0.80863943E+02 , 0.00000000E+00 , 0.00000000E+00 ,  1315 , 0.30005395E+08 , 0.14253867E+03 , 0.00000000E+00 , 0.00000000E+00 , 
  149 , 0.216429E+09 ,    76 , 0.30124379E+08 , 0.80863706E+02 , 0.00000000E+00 , 0.00000000E+00 ,  1315 , 0.30005406E+08 , 0.14223071E+03 , 0.00000000E+00 , 0.00000000E+00 , 
  150 , 0.219885E+09 ,    76 , 0.30124519E+08 , 0.80863476E+02 , 0.00000000E+00 , 0.00000000E+00 ,  1315 , 0.30005416E+08 , 0.14192824E+03 , 0.00000000E+00 , 0.00000000E+00 , 
  151 , 0.223341E+09 ,    76 , 0.30124656E+08 , 0.80863250E+02 , 0.00000000E+00 , 0.00000000E+00 ,  1315 , 0.30005427E+08 , 0.14163109E+03 , 0.00000000E+00 , 0.00000000E+00 , 
  152 , 0.226797E+09 ,    76 , 0.30124791E+08 , 0.80863029E+02 , 0.00000000E+00 , 0.00000000E+00 ,  1315 , 0.30005437E+08 , 0.14133910E+03 , 0.00000000E+00 , 0.00000000E+00 , 
  153 , 0.230253E+09 ,    76 , 0.30124924E+08 , 0.80862814E+02 , 0.00000000E+00 , 0.00000000E+00 ,  1315 , 0.30005447E+08 , 0.14105211E+03 , 0.00000000E+00 , 0.00000000E+00 , 
  154 , 0.233709E+09 ,    76 , 0.30125055E+08 , 0.80862603E+02 , 0.00000000E+00 , 0.00000000E+00 ,  1315 , 0.30005457E+08 , 0.14076997E+03 , 0.00000000E+00 , 0.00000000E+00 , 
  155 , 0.237165E+09 ,    76 , 0.30125185E+08 , 0.80862396E+02 , 0.00000000E+00 , 0.00000000E+00 ,  1315 , 0.30005466E+08 , 0.14049254E+03 , 0.00000000E+00 , 0.00000000E+00 , 
  156 , 0.240621E+09 ,    76 , 0.30125312E+08 , 0.80862194E+02 , 0.00000000E+00 , 0.00000000E+00 ,  1315 , 0.30005476E+08 , 0.14021968E+03 , 0.00000000E+00 , 0.00000000E+00 , 
  157 , 0.244077E+09 ,    76 , 0.30125437E+08 , 0.80861996E+02 , 0.00000000E+00 , 0.00000000E+00 ,  1315 , 0.30005486E+08 , 0.13995126E+03 , 0.00000000E+00 , 0.00000000E+00 , 
  158 , 0.247533E+09 ,    76 , 0.30125561E+08 , 0.80861802E+02 , 0.00000000E+00 , 0.00000000E+00 ,  1315 , 0.30005495E+08 , 0.13968716E+03 , 0.00000000E+00 , 0.00000000E+00 , 
  159 , 0.250989E+09 ,    76 , 0.30125683E+08 , 0.80861612E+02 , 0.00000000E+00 , 0.00000000E+00 ,  1315 , 0.30005504E+08 , 0.13942725E+03 , 0.00000000E+00 , 0.00000000E+00 , 
  160 , 0.254445E+09 ,    76 , 0.30125803E+08 , 0.80861425E+02 , 0.00000000E+00 , 0.00000000E+00 ,  1315 , 0.30005513E+08 , 0.13917142E+03 , 0.00000000E+00 , 0.00000000E+00 , 
  161 , 0.257901E+09 ,    76 , 0.30125922E+08 , 0.80861243E+02 , 0.00000000E+00 , 0.00000000E+00 ,  1315 , 0.30005523E+08 , 0.13891955E+03 , 0.00000000E+00 , 0.00000000E+00 , 
  162 , 0.261357E+09 ,    76 , 0.30126039E+08 , 0.80861063E+02 , 0.00000000E+00 , 0.00000000E+00 ,  1315 , 0.30005532E+08 , 0.13867154E+03 , 0.00000000E+00 , 0.00000000E+00 , 
  163 , 0.264813E+09 ,    76 , 0.30126154E+08 , 0.80860888E+02 , 0.00000000E+00 , 0.00000000E+00 ,  1315 , 0.30005540E+08 , 0.13842728E+03 , 0.00000000E+00 , 0.00000000E+00 , 
  164 , 0.268269E+09 ,    76 , 0.30126268E+08 , 0.80860715E+02 , 0.00000000E+00 , 0.00000000E+00 ,  1315 , 0.30005549E+08 , 0.13818668E+03 , 0.00000000E+00 , 0.00000000E+00 , 
  165 , 0.271725E+09 ,    76 , 0.30126381E+08 , 0.80860546E+02 , 0.00000000E+00 , 0.00000000E+00 ,  1315 , 0.30005558E+08 , 0.13794964E+03 , 0.00000000E+00 , 0.00000000E+00 , 
  166 , 0.275181E+09 ,    76 , 0.30126492E+08 , 0.80860380E+02 , 0.00000000E+00 , 0.00000000E+00 ,  1315 , 0.30005566E+08 , 0.13771607E+03 , 0.00000000E+00 , 0.00000000E+00 , 
  167 , 0.278637E+09 ,    76 , 0.30126601E+08 , 0.80860217E+02 , 0.00000000E+00 , 0.00000000E+00 ,  1315 , 0.30005575E+08 , 0.13748588E+03 , 0.00000000E+00 , 0.00000000E+00 , 
  168 , 0.282093E+09 ,    76 , 0.30126710E+08 , 0.80860056E+02 , 0.00000000E+00 , 0.00000000E+00 ,  1315 , 0.30005583E+08 , 0.13725897E+03 , 0.00000000E+00 , 0.00000000E+00 , 
  169 , 0.285549E+09 ,    76 , 0.30126817E+08 , 0.80859899E+02 , 0.00000000E+00 , 0.00000000E+00 ,  1315 , 0.30005592E+08 , 0.13703528E+03 , 0.00000000E+00 , 0.00000000E+00 , 
  170 , 0.289005E+09 ,    76 , 0.30126922E+08 , 0.80859744E+02 , 0.00000000E+00 , 0.00000000E+00 ,  1315 , 0.30005600E+08 , 0.13681473E+03 , 0.00000000E+00 , 0.00000000E+00 , 
  171 , 0.292461E+09 ,    76 , 0.30127026E+08 , 0.80859592E+02 , 0.00000000E+00 , 0.00000000E+00 ,  1315 , 0.30005608E+08 , 0.13659722E+03 , 0.00000000E+00 , 0.00000000E+00 , 
  172 , 0.295917E+09 ,    76 , 0.30127130E+08 , 0.80859443E+02 , 0.00000000E+00 , 0.00000000E+00 ,  1315 , 0.30005616E+08 , 0.13638270E+03 , 0.00000000E+00 , 0.00000000E+00 , 
  173 , 0.299373E+09 ,    76 , 0.30127231E+08 , 0.80859296E+02 , 0.00000000E+00 , 0.00000000E+00 ,  1315 , 0.30005624E+08 , 0.13617108E+03 , 0.00000000E+00 , 0.00000000E+00 , 
  174 , 0.302829E+09 ,    76 , 0.30127332E+08 , 0.80859151E+02 , 0.00000000E+00 , 0.00000000E+00 ,  1315 , 0.30005632E+08 , 0.13596230E+03 , 0.00000000E+00 , 0.00000000E+00 , 
  175 , 0.306285E+09 ,    76 , 0.30127431E+08 , 0.80859009E+02 , 0.00000000E+00 , 0.00000000E+00 ,  1315 , 0.30005640E+08 , 0.13575630E+03 , 0.00000000E+00 , 0.00000000E+00 , 
  176 , 0.309741E+09 ,    76 , 0.30127530E+08 , 0.80858869E+02 , 0.00000000E+00 , 0.00000000E+00 ,  1315 , 0.30005647E+08 , 0.13555301E+03 , 0.00000000E+00 , 0.00000000E+00 , 
  177 , 0.313197E+09 ,    76 , 0.30127627E+08 , 0.80858732E+02 , 0.00000000E+00 , 0.00000000E+00 ,  1315 , 0.30005655E+08 , 0.13535236E+03 , 0.00000000E+00 , 0.00000000E+00 , 
  178 , 0.316653E+09 ,    76 , 0.30127723E+08 , 0.80858596E+02 , 0.00000000E+00 , 0.00000000E+00 ,  1315 , 0.30005663E+08 , 0.13515430E+03 , 0.00000000E+00 , 0.00000000E+00 , 
  179 , 0.320109E+09 ,    76 , 0.30127818E+08 , 0.80858463E+02 , 0.00000000E+00 , 0.00000000E+00 ,  1315 , 0.30005670E+08 , 0.13495877E+03 , 0.00000000E+00 , 0.00000000E+00 , 
  180 , 0.323565E+09 ,    76 , 0.30127912E+08 , 0.80858332E+02 , 0.00000000E+00 , 0.00000000E+00 ,  1315 , 0.30005678E+08 , 0.13476571E+03 , 0.00000000E+00 , 0.00000000E+00 , 
  181 , 0.327021E+09 ,    76 , 0.30128005E+08 , 0.80858202E+02 , 0.00000000E+00 , 0.00000000E+00 ,  1315 , 0.30005685E+08 , 0.13457507E+03 , 0.00000000E+00 , 0.00000000E+00 , 
  182 , 0.330477E+09 ,    76 , 0.30128097E+08 , 0.80858075E+02 , 0.00000000E+00 , 0.00000000E+00 ,  1315 , 0.30005692E+08 , 0.13438678E+03 , 0.00000000E+00 , 0.00000000E+00 , 
  183 , 0.333933E+09 ,    76 , 0.30128188E+08 , 0.80857950E+02 , 0.00000000E+00 , 0.00000000E+00 ,  1315 , 0.30005700E+08 , 0.13420082E+03 , 0.00000000E+00 , 0.00000000E+00 , 
  184 , 0.337389E+09 ,    76 , 0.30128278E+08 , 0.80857826E+02 , 0.00000000E+00 , 0.00000000E+00 ,  1315 , 0.30005707E+08 , 0.13401711E+03 , 0.00000000E+00 , 0.00000000E+00 , 
  185 , 0.340845E+09 ,    76 , 0.30128367E+08 , 0.80857705E+02 , 0.00000000E+00 , 0.00000000E+00 ,  1315 , 0.30005714E+08 , 0.13383561E+03 , 0.00000000E+00 , 0.00000000E+00 , 
  186 , 0.344301E+09 ,    76 , 0.30128455E+08 , 0.80857585E+02 , 0.00000000E+00 , 0.00000000E+00 ,  1315 , 0.30005721E+08 , 0.13365629E+03 , 0.00000000E+00 , 0.00000000E+00 , 
  187 , 0.347757E+09 ,    76 , 0.30128542E+08 , 0.80857466E+02 , 0.00000000E+00 , 0.00000000E+00 ,  1315 , 0.30005728E+08 , 0.13347908E+03 , 0.00000000E+00 , 0.00000000E+00 , 
  188 , 0.351213E+09 ,    76 , 0.30128629E+08 , 0.80857350E+02 , 0.00000000E+00 , 0.00000000E+00 ,  1315 , 0.30005735E+08 , 0.13330395E+03 , 0.00000000E+00 , 0.00000000E+00 , 
  189 , 0.354669E+09 ,    76 , 0.30128714E+08 , 0.80857235E+02 , 0.00000000E+00 , 0.00000000E+00 ,  1315 , 0.30005742E+08 , 0.13313086E+03 , 0.00000000E+00 , 0.00000000E+00 , 
  190 , 0.358125E+09 ,    76 , 0.30128799E+08 , 0.80857122E+02 , 0.00000000E+00 , 0.00000000E+00 ,  1315 , 0.30005748E+08 , 0.13295976E+03 , 0.00000000E+00 , 0.00000000E+00 , 
  191 , 0.361581E+09 ,    76 , 0.30128883E+08 , 0.80857010E+02 , 0.00000000E+00 , 0.00000000E+00 ,  1315 , 0.30005755E+08 , 0.13279061E+03 , 0.00000000E+00 , 0.00000000E+00 , 
  192 , 0.365037E+09 ,    76 , 0.30128965E+08 , 0.80856900E+02 , 0.00000000E+00 , 0.00000000E+00 ,  1315 , 0.30005762E+08 , 0.13262338E+03 , 0.00000000E+00 , 0.00000000E+00 , 
  193 , 0.368493E+09 ,    76 , 0.30129048E+08 , 0.80856791E+02 , 0.00000000E+00 , 0.00000000E+00 ,  1315 , 0.30005768E+08 , 0.13245802E+03 , 0.00000000E+00 , 0.00000000E+00 , 
  194 , 0.371949E+09 ,    76 , 0.30129129E+08 , 0.80856684E+02 , 0.00000000E+00 , 0.00000000E+00 ,  1315 , 0.30005775E+08 , 0.13229450E+03 , 0.00000000E+00 , 0.00000000E+00 , 
  195 , 0.375405E+09 ,    76 , 0.30129209E+08 , 0.80856578E+02 , 0.00000000E+00 , 0.00000000E+00 ,  1315 , 0.30005781E+08 , 0.13213278E+03 , 0.00000000E+00 , 0.00000000E+00 , 
  196 , 0.378861E+09 ,    76 , 0.30129289E+08 , 0.80856474E+02 , 0.00000000E+00 , 0.00000000E+00 ,  1315 , 0.30005788E+08 , 0.13197284E+03 , 0.00000000E+00 , 0.00000000E+00 , 
  197 , 0.382317E+09 ,    76 , 0.30129368E+08 , 0.80856371E+02 , 0.00000000E+00 , 0.00000000E+00 ,  1315 , 0.30005794E+08 , 0.13181462E+03 , 0.00000000E+00 , 0.00000000E+00 , 
  198 , 0.385773E+09 ,    76 , 0.30129446E+08 , 0.80856269E+02 , 0.00000000E+00 , 0.00000000E+00 ,  1315 , 0.30005801E+08 , 0.13165811E+03 , 0.00000000E+00 , 0.00000000E+00 , 
  199 , 0.389229E+09 ,    76 , 0.30129524E+08 , 0.80856169E+02 , 0.00000000E+00 , 0.00000000E+00 ,  1315 , 0.30005807E+08 , 0.13150327E+03 , 0.00000000E+00 , 0.00000000E+00 , 
  200 , 0.392685E+09 ,    76 , 0.30129601E+08 , 0.80856070E+02 , 0.00000000E+00 , 0.00000000E+00 ,  1315 , 0.30005813E+08 , 0.13135006E+03 , 0.00000000E+00 , 0.00000000E+00 , 
  201 , 0.396141E+09 ,    76 , 0.30129677E+08 , 0.80855972E+02 , 0.00000000E+00 , 0.00000000E+00 ,  1315 , 0.30005819E+08 , 0.13119846E+03 , 0.00000000E+00 , 0.00000000E+00 , 
  202 , 0.399597E+09 ,    76 , 0.30129752E+08 , 0.80855875E+02 , 0.00000000E+00 , 0.00000000E+00 ,  1315 , 0.30005826E+08 , 0.13104844E+03 , 0.00000000E+00 , 0.00000000E+00 , 
  203 , 0.403053E+09 ,    76 , 0.30129827E+08 , 0.80855780E+02 , 0.00000000E+00 , 0.00000000E+00 ,  1315 , 0.30005832E+08 , 0.13089997E+03 , 0.00000000E+00 , 0.00000000E+00 , 
  204 , 0.406509E+09 ,    76 , 0.30129901E+08 , 0.80855686E+02 , 0.00000000E+00 , 0.00000000E+00 ,  1315 , 0.30005838E+08 , 0.13075302E+03 , 0.00000000E+00 , 0.00000000E+00 , 
  205 , 0.409965E+09 ,    76 , 0.30129975E+08 , 0.80855593E+02 , 0.00000000E+00 , 0.00000000E+00 ,  1315 , 0.30005844E+08 , 0.13060756E+03 , 0.00000000E+00 , 0.00000000E+00 , 
  206 , 0.413421E+09 ,    76 , 0.30130047E+08 , 0.80855501E+02 , 0.00000000E+00 , 0.00000000E+00 ,  1315 , 0.30005850E+08 , 0.13046357E+03 , 0.00000000E+00 , 0.00000000E+00 , 
  207 , 0.416877E+09 ,    76 , 0.30130119E+08 , 0.80855410E+02 , 0.00000000E+00 , 0.00000000E+00 ,  1315 , 0.30005856E+08 , 0.13032102E+03 , 0.00000000E+00 , 0.00000000E+00 , 
  208 , 0.420333E+09 ,    76 , 0.30130191E+08 , 0.80855320E+02 , 0.00000000E+00 , 0.00000000E+00 ,  1315 , 0.30005861E+08 , 0.13017988E+03 , 0.00000000E+00 , 0.00000000E+00 , 
  209 , 0.423789E+09 ,    76 , 0.30130262E+08 , 0.80855231E+02 , 0.00000000E+00 , 0.00000000E+00 ,  1315 , 0.30005867E+08 , 0.13004014E+03 , 0.00000000E+00 , 0.00000000E+00 , 
  210 , 0.427245E+09 ,    76 , 0.30130332E+08 , 0.80855143E+02 , 0.00000000E+00 , 0.00000000E+00 ,  1315 , 0.30005873E+08 , 0.12990177E+03 , 0.00000000E+00 , 0.00000000E+00 , 
  211 , 0.430701E+09 ,    76 , 0.30130402E+08 , 0.80855057E+02 , 0.00000000E+00 , 0.00000000E+00 ,  1315 , 0.30005879E+08 , 0.12976473E+03 , 0.00000000E+00 , 0.00000000E+00 , 
  212 , 0.434157E+09 ,    76 , 0.30130471E+08 , 0.80854971E+02 , 0.00000000E+00 , 0.00000000E+00 ,  1315 , 0.30005884E+08 , 0.12962902E+03 , 0.00000000E+00 , 0.00000000E+00 , 
  213 , 0.437613E+09 ,    76 , 0.30130540E+08 , 0.80854886E+02 , 0.00000000E+00 , 0.00000000E+00 ,  1315 , 0.30005890E+08 , 0.12949460E+03 , 0.00000000E+00 , 0.00000000E+00 , 
  214 , 0.441069E+09 ,    76 , 0.30130608E+08 , 0.80854802E+02 , 0.00000000E+00 , 0.00000000E+00 ,  1315 , 0.30005896E+08 , 0.12936147E+03 , 0.00000000E+00 , 0.00000000E+00 , 
  215 , 0.444525E+09 ,    76 , 0.30130675E+08 , 0.80854720E+02 , 0.00000000E+00 , 0.00000000E+00 ,  1315 , 0.30005901E+08 , 0.12922958E+03 , 0.00000000E+00 , 0.00000000E+00 , 
  216 , 0.447981E+09 ,    76 , 0.30130742E+08 , 0.80854638E+02 , 0.00000000E+00 , 0.00000000E+00 ,  1315 , 0.30005907E+08 , 0.12909893E+03 , 0.00000000E+00 , 0.00000000E+00 , 
  217 , 0.451437E+09 ,    76 , 0.30130808E+08 , 0.80854557E+02 , 0.00000000E+00 , 0.00000000E+00 ,  1315 , 0.30005912E+08 , 0.12896950E+03 , 0.00000000E+00 , 0.00000000E+00 , 
  218 , 0.454893E+09 ,    76 , 0.30130874E+08 , 0.80854477E+02 , 0.00000000E+00 , 0.00000000E+00 ,  1315 , 0.30005918E+08 , 0.12884126E+03 , 0.00000000E+00 , 0.00000000E+00 , 
  219 , 0.458349E+09 ,    76 , 0.30130939E+08 , 0.80854397E+02 , 0.00000000E+00 , 0.00000000E+00 ,  1315 , 0.30005923E+08 , 0.12871419E+03 , 0.00000000E+00 , 0.00000000E+00 , 
  220 , 0.461805E+09 ,    76 , 0.30131004E+08 , 0.80854319E+02 , 0.00000000E+00 , 0.00000000E+00 ,  1315 , 0.30005928E+08 , 0.12858828E+03 , 0.00000000E+00 , 0.00000000E+00 , 
  221 , 0.465261E+09 ,    76 , 0.30131068E+08 , 0.80854241E+02 , 0.00000000E+00 , 0.00000000E+00 ,  1315 , 0.30005934E+08 , 0.12846351E+03 , 0.00000000E+00 , 0.00000000E+00 , 
  222 , 0.468717E+09 ,    76 , 0.30131132E+08 , 0.80854165E+02 , 0.00000000E+00 , 0.00000000E+00 ,  1315 , 0.30005939E+08 , 0.12833986E+03 , 0.00000000E+00 , 0.00000000E+00 , 
  223 , 0.472173E+09 ,    76 , 0.30131195E+08 , 0.80854089E+02 , 0.00000000E+00 , 0.00000000E+00 ,  1315 , 0.30005944E+08 , 0.12821731E+03 , 0.00000000E+00 , 0.00000000E+00 , 
  224 , 0.475629E+09 ,    76 , 0.30131258E+08 , 0.80854014E+02 , 0.00000000E+00 , 0.00000000E+00 ,  1315 , 0.30005950E+08 , 0.12809584E+03 , 0.00000000E+00 , 0.00000000E+00 , 
  225 , 0.479085E+09 ,    76 , 0.30131320E+08 , 0.80853939E+02 , 0.00000000E+00 , 0.00000000E+00 ,  1315 , 0.30005955E+08 , 0.12797544E+03 , 0.00000000E+00 , 0.00000000E+00 , 
  226 , 0.482541E+09 ,    76 , 0.30131382E+08 , 0.80853866E+02 , 0.00000000E+00 , 0.00000000E+00 ,  1315 , 0.30005960E+08 , 0.12785609E+03 , 0.00000000E+00 , 0.00000000E+00 , 
  227 , 0.485997E+09 ,    76 , 0.30131443E+08 , 0.80853793E+02 , 0.00000000E+00 , 0.00000000E+00 ,  1315 , 0.30005965E+08 , 0.12773778E+03 , 0.00000000E+00 , 0.00000000E+00 , 
  228 , 0.489453E+09 ,    76 , 0.30131504E+08 , 0.80853721E+02 , 0.00000000E+00 , 0.00000000E+00 ,  1315 , 0.30005970E+08 , 0.12762049E+03 , 0.00000000E+00 , 0.00000000E+00 , 
  229 , 0.492909E+09 ,    76 , 0.30131565E+08 , 0.80853649E+02 , 0.00000000E+00 , 0.00000000E+00 ,  1315 , 0.30005975E+08 , 0.12750420E+03 , 0.00000000E+00 , 0.00000000E+00 , 
  230 , 0.496365E+09 ,    76 , 0.30131625E+08 , 0.80853579E+02 , 0.00000000E+00 , 0.00000000E+00 ,  1315 , 0.30005980E+08 , 0.12738890E+03 , 0.00000000E+00 , 0.00000000E+00 , 
  231 , 0.499821E+09 ,    76 , 0.30131684E+08 , 0.80853509E+02 , 0.00000000E+00 , 0.00000000E+00 ,  1315 , 0.30005985E+08 , 0.12727457E+03 , 0.00000000E+00 , 0.00000000E+00 , 
  232 , 0.503277E+09 ,    76 , 0.30131743E+08 , 0.80853439E+02 , 0.00000000E+00 , 0.00000000E+00 ,  1315 , 0.30005990E+08 , 0.12716120E+03 , 0.00000000E+00 , 0.00000000E+00 , 
  233 , 0.506733E+09 ,    76 , 0.30131802E+08 , 0.80853371E+02 , 0.00000000E+00 , 0.00000000E+00 ,  1315 , 0.30005995E+08 , 0.12704878E+03 , 0.00000000E+00 , 0.00000000E+00 , 
  234 , 0.510189E+09 ,    76 , 0.30131860E+08 , 0.80853303E+02 , 0.00000000E+00 , 0.00000000E+00 ,  1315 , 0.30006000E+08 , 0.12693729E+03 , 0.00000000E+00 , 0.00000000E+00 , 
  235 , 0.513645E+09 ,    76 , 0.30131918E+08 , 0.80853236E+02 , 0.00000000E+00 , 0.00000000E+00 ,  1315 , 0.30006005E+08 , 0.12682672E+03 , 0.00000000E+00 , 0.00000000E+00 , 
  236 , 0.517101E+09 ,    76 , 0.30131975E+08 , 0.80853169E+02 , 0.00000000E+00 , 0.00000000E+00 ,  1315 , 0.30006010E+08 , 0.12671705E+03 , 0.00000000E+00 , 0.00000000E+00 , 
  237 , 0.520557E+09 ,    76 , 0.30132032E+08 , 0.80853103E+02 , 0.00000000E+00 , 0.00000000E+00 ,  1315 , 0.30006014E+08 , 0.12660828E+03 , 0.00000000E+00 , 0.00000000E+00 , 
  238 , 0.524013E+09 ,    76 , 0.30132089E+08 , 0.80853038E+02 , 0.00000000E+00 , 0.00000000E+00 ,  1315 , 0.30006019E+08 , 0.12650038E+03 , 0.00000000E+00 , 0.00000000E+00 , 
  239 , 0.527469E+09 ,    76 , 0.30132145E+08 , 0.80852973E+02 , 0.00000000E+00 , 0.00000000E+00 ,  1315 , 0.30006024E+08 , 0.12639335E+03 , 0.00000000E+00 , 0.00000000E+00 , 
  240 , 0.530925E+09 ,    76 , 0.30132201E+08 , 0.80852909E+02 , 0.00000000E+00 , 0.00000000E+00 ,  1315 , 0.30006029E+08 , 0.12628718E+03 , 0.00000000E+00 , 0.00000000E+00 , 
  241 , 0.534381E+09 ,    76 , 0.30132256E+08 , 0.80852845E+02 , 0.00000000E+00 , 0.00000000E+00 ,  1315 , 0.30006033E+08 , 0.12618185E+03 , 0.00000000E+00 , 0.00000000E+00 , 
  242 , 0.537837E+09 ,    76 , 0.30132311E+08 , 0.80852782E+02 , 0.00000000E+00 , 0.00000000E+00 ,  1315 , 0.30006038E+08 , 0.12607735E+03 , 0.00000000E+00 , 0.00000000E+00 , 
  243 , 0.541293E+09 ,    76 , 0.30132366E+08 , 0.80852720E+02 , 0.00000000E+00 , 0.00000000E+00 ,  1315 , 0.30006043E+08 , 0.12597367E+03 , 0.00000000E+00 , 0.00000000E+00 , 
  244 , 0.544749E+09 ,    76 , 0.30132420E+08 , 0.80852658E+02 , 0.00000000E+00 , 0.00000000E+00 ,  1315 , 0.30006047E+08 , 0.12587079E+03 , 0.00000000E+00 , 0.00000000E+00 , 
  245 , 0.548205E+09 ,    76 , 0.30132474E+08 , 0.80852597E+02 , 0.00000000E+00 , 0.00000000E+00 ,  1315 , 0.30006052E+08 , 0.12576872E+03 , 0.00000000E+00 , 0.00000000E+00 , 
  246 , 0.551661E+09 ,    76 , 0.30132528E+08 , 0.80852536E+02 , 0.00000000E+00 , 0.00000000E+00 ,  1315 , 0.30006056E+08 , 0.12566743E+03 , 0.00000000E+00 , 0.00000000E+00 , 
  247 , 0.555117E+09 ,    76 , 0.30132581E+08 , 0.80852476E+02 , 0.00000000E+00 , 0.00000000E+00 ,  1315 , 0.30006061E+08 , 0.12556691E+03 , 0.00000000E+00 , 0.00000000E+00 , 
  248 , 0.558573E+09 ,    76 , 0.30132634E+08 , 0.80852417E+02 , 0.00000000E+00 , 0.00000000E+00 ,  1315 , 0.30006065E+08 , 0.12546716E+03 , 0.00000000E+00 , 0.00000000E+00 , 
  249 , 0.562029E+09 ,    76 , 0.30132686E+08 , 0.80852358E+02 , 0.00000000E+00 , 0.00000000E+00 ,  1315 , 0.30006070E+08 , 0.12536817E+03 , 0.00000000E+00 , 0.00000000E+00 , 
  250 , 0.565485E+09 ,    76 , 0.30132739E+08 , 0.80852299E+02 , 0.00000000E+00 , 0.00000000E+00 ,  1315 , 0.30006074E+08 , 0.12526992E+03 , 0.00000000E+00 , 0.00000000E+00 , 
  251 , 0.568941E+09 ,    76 , 0.30132790E+08 , 0.80852241E+02 , 0.00000000E+00 , 0.00000000E+00 ,  1315 , 0.30006079E+08 , 0.12517240E+03 , 0.00000000E+00 , 0.00000000E+00 , 
  252 , 0.572397E+09 ,    76 , 0.30132842E+08 , 0.80852183E+02 , 0.00000000E+00 , 0.00000000E+00 ,  1315 , 0.30006083E+08 , 0.12507561E+03 , 0.00000000E+00 , 0.00000000E+00 , 
  253 , 0.575853E+09 ,    76 , 0.30132893E+08 , 0.80852126E+02 , 0.00000000E+00 , 0.00000000E+00 ,  1315 , 0.30006087E+08 , 0.12497953E+03 , 0.00000000E+00 , 0.00000000E+00 , 
  254 , 0.579309E+09 ,    76 , 0.30132944E+08 , 0.80852070E+02 , 0.00000000E+00 , 0.00000000E+00 ,  1315 , 0.30006092E+08 , 0.12488417E+03 , 0.00000000E+00 , 0.00000000E+00 , 
  255 , 0.582765E+09 ,    76 , 0.30132994E+08 , 0.80852014E+02 , 0.00000000E+00 , 0.00000000E+00 ,  1315 , 0.30006096E+08 , 0.12478950E+03 , 0.00000000E+00 , 0.00000000E+00 , 
  256 , 0.586221E+09 ,    76 , 0.30133045E+08 , 0.80851958E+02 , 0.00000000E+00 , 0.00000000E+00 ,  1315 , 0.30006100E+08 , 0.12469551E+03 , 0.00000000E+00 , 0.00000000E+00 , 
  257 , 0.589677E+09 ,    76 , 0.30133094E+08 , 0.80851903E+02 , 0.00000000E+00 , 0.00000000E+00 ,  1315 , 0.30006104E+08 , 0.12460221E+03 , 0.00000000E+00 , 0.00000000E+00 , 
  258 , 0.593133E+09 ,    76 , 0.30133144E+08 , 0.80851848E+02 , 0.00000000E+00 , 0.00000000E+00 ,  1315 , 0.30006109E+08 , 0.12450958E+03 , 0.00000000E+00 , 0.00000000E+00 , 
  259 , 0.596589E+09 ,    76 , 0.30133193E+08 , 0.80851794E+02 , 0.00000000E+00 , 0.00000000E+00 ,  1315 , 0.30006113E+08 , 0.12441761E+03 , 0.00000000E+00 , 0.00000000E+00 , 
  260 , 0.600045E+09 ,    76 , 0.30133242E+08 , 0.80851740E+02 , 0.00000000E+00 , 0.00000000E+00 ,  1315 , 0.30006117E+08 , 0.12432630E+03 , 0.00000000E+00 , 0.00000000E+00 , 
  261 , 0.603501E+09 ,    76 , 0.30133291E+08 , 0.80851687E+02 , 0.00000000E+00 , 0.00000000E+00 ,  1315 , 0.30006121E+08 , 0.12423563E+03 , 0.00000000E+00 , 0.00000000E+00 , 
  262 , 0.606957E+09 ,    76 , 0.30133339E+08 , 0.80851634E+02 , 0.00000000E+00 , 0.00000000E+00 ,  1315 , 0.30006125E+08 , 0.12414560E+03 , 0.00000000E+00 , 0.00000000E+00 , 
  263 , 0.610413E+09 ,    76 , 0.30133387E+08 , 0.80851581E+02 , 0.00000000E+00 , 0.00000000E+00 ,  1315 , 0.30006129E+08 , 0.12405620E+03 , 0.00000000E+00 , 0.00000000E+00 , 
  264 , 0.613869E+09 ,    76 , 0.30133435E+08 , 0.80851529E+02 , 0.00000000E+00 , 0.00000000E+00 ,  1315 , 0.30006134E+08 , 0.12396742E+03 , 0.00000000E+00 , 0.00000000E+00 , 
  265 , 0.617325E+09 ,    76 , 0.30133482E+08 , 0.80851478E+02 , 0.00000000E+00 , 0.00000000E+00 ,  1315 , 0.30006138E+08 , 0.12387926E+03 , 0.00000000E+00 , 0.00000000E+00 , 
  266 , 0.620781E+09 ,    76 , 0.30133530E+08 , 0.80851427E+02 , 0.00000000E+00 , 0.00000000E+00 ,  1315 , 0.30006142E+08 , 0.12379171E+03 , 0.00000000E+00 , 0.00000000E+00 , 
  267 , 0.624237E+09 ,    76 , 0.30133576E+08 , 0.80851376E+02 , 0.00000000E+00 , 0.00000000E+00 ,  1315 , 0.30006146E+08 , 0.12370475E+03 , 0.00000000E+00 , 0.00000000E+00 , 
  268 , 0.627693E+09 ,    76 , 0.30133623E+08 , 0.80851325E+02 , 0.00000000E+00 , 0.00000000E+00 ,  1315 , 0.30006150E+08 , 0.12361839E+03 , 0.00000000E+00 , 0.00000000E+00 , 
  269 , 0.631149E+09 ,    76 , 0.30133669E+08 , 0.80851275E+02 , 0.00000000E+00 , 0.00000000E+00 ,  1315 , 0.30006154E+08 , 0.12353262E+03 , 0.00000000E+00 , 0.00000000E+00 , 
  270 , 0.634605E+09 ,    76 , 0.30133715E+08 , 0.80851226E+02 , 0.00000000E+00 , 0.00000000E+00 ,  1315 , 0.30006158E+08 , 0.12344742E+03 , 0.00000000E+00 , 0.00000000E+00 , 
  271 , 0.638061E+09 ,    76 , 0.30133761E+08 , 0.80851176E+02 , 0.00000000E+00 , 0.00000000E+00 ,  1315 , 0.30006162E+08 , 0.12336280E+03 , 0.00000000E+00 , 0.00000000E+00 , 
  272 , 0.641517E+09 ,    76 , 0.30133807E+08 , 0.80851128E+02 , 0.00000000E+00 , 0.00000000E+00 ,  1315 , 0.30006166E+08 , 0.12327874E+03 , 0.00000000E+00 , 0.00000000E+00 , 
  273 , 0.644973E+09 ,    76 , 0.30133852E+08 , 0.80851079E+02 , 0.00000000E+00 , 0.00000000E+00 ,  1315 , 0.30006169E+08 , 0.12319524E+03 , 0.00000000E+00 , 0.00000000E+00 , 
  274 , 0.648429E+09 ,    76 , 0.30133897E+08 , 0.80851031E+02 , 0.00000000E+00 , 0.00000000E+00 ,  1315 , 0.30006173E+08 , 0.12311229E+03 , 0.00000000E+00 , 0.00000000E+00 , 
  275 , 0.651885E+09 ,    76 , 0.30133942E+08 , 0.80850983E+02 , 0.00000000E+00 , 0.00000000E+00 ,  1315 , 0.30006177E+08 , 0.12302989E+03 , 0.00000000E+00 , 0.00000000E+00 , 
  276 , 0.655341E+09 ,    76 , 0.30133986E+08 , 0.80850936E+02 , 0.00000000E+00 , 0.00000000E+00 ,  1315 , 0.30006181E+08 , 0.12294802E+03 , 0.00000000E+00 , 0.00000000E+00 , 
  277 , 0.658797E+09 ,    76 , 0.30134031E+08 , 0.80850889E+02 , 0.00000000E+00 , 0.00000000E+00 ,  1315 , 0.30006185E+08 , 0.12286669E+03 , 0.00000000E+00 , 0.00000000E+00 , 
  278 , 0.662253E+09 ,    76 , 0.30134075E+08 , 0.80850842E+02 , 0.00000000E+00 , 0.00000000E+00 ,  1315 , 0.30006189E+08 , 0.12278589E+03 , 0.00000000E+00 , 0.00000000E+00 , 
  279 , 0.665709E+09 ,    76 , 0.30134118E+08 , 0.80850796E+02 , 0.00000000E+00 , 0.00000000E+00 ,  1315 , 0.30006192E+08 , 0.12270561E+03 , 0.00000000E+00 , 0.00000000E+00 , 
  280 , 0.669165E+09 ,    76 , 0.30134162E+08 , 0.80850750E+02 , 0.00000000E+00 , 0.00000000E+00 ,  1315 , 0.30006196E+08 , 0.12262584E+03 , 0.00000000E+00 , 0.00000000E+00 , 
  281 , 0.672621E+09 ,    76 , 0.30134205E+08 , 0.80850704E+02 , 0.00000000E+00 , 0.00000000E+00 ,  1315 , 0.30006200E+08 , 0.12254659E+03 , 0.00000000E+00 , 0.00000000E+00 , 
  282 , 0.676077E+09 ,    76 , 0.30134248E+08 , 0.80850659E+02 , 0.00000000E+00 , 0.00000000E+00 ,  1315 , 0.30006204E+08 , 0.12246784E+03 , 0.00000000E+00 , 0.00000000E+00 , 
  283 , 0.679533E+09 ,    76 , 0.30134291E+08 , 0.80850614E+02 , 0.00000000E+00 , 0.00000000E+00 ,  1315 , 0.30006207E+08 , 0.12238958E+03 , 0.00000000E+00 , 0.00000000E+00 , 
  284 , 0.682989E+09 ,    76 , 0.30134333E+08 , 0.80850569E+02 , 0.00000000E+00 , 0.00000000E+00 ,  1315 , 0.30006211E+08 , 0.12231182E+03 , 0.00000000E+00 , 0.00000000E+00 , 
  285 , 0.686445E+09 ,    76 , 0.30134376E+08 , 0.80850525E+02 , 0.00000000E+00 , 0.00000000E+00 ,  1315 , 0.30006215E+08 , 0.12223455E+03 , 0.00000000E+00 , 0.00000000E+00 , 
  286 , 0.689901E+09 ,    76 , 0.30134418E+08 , 0.80850481E+02 , 0.00000000E+00 , 0.00000000E+00 ,  1315 , 0.30006218E+08 , 0.12215775E+03 , 0.00000000E+00 , 0.00000000E+00 , 
  287 , 0.693357E+09 ,    76 , 0.30134460E+08 , 0.80850437E+02 , 0.00000000E+00 , 0.00000000E+00 ,  1315 , 0.30006222E+08 , 0.12208144E+03 , 0.00000000E+00 , 0.00000000E+00 , 
  288 , 0.696813E+09 ,    76 , 0.30134501E+08 , 0.80850394E+02 , 0.00000000E+00 , 0.00000000E+00 ,  1315 , 0.30006226E+08 , 0.12200560E+03 , 0.00000000E+00 , 0.00000000E+00 , 
  289 , 0.700269E+09 ,    76 , 0.30134543E+08 , 0.80850350E+02 , 0.00000000E+00 , 0.00000000E+00 ,  1315 , 0.30006229E+08 , 0.12193022E+03 , 0.00000000E+00 , 0.00000000E+00 , 
  290 , 0.703725E+09 ,    76 , 0.30134584E+08 , 0.80850308E+02 , 0.00000000E+00 , 0.00000000E+00 ,  1315 , 0.30006233E+08 , 0.12185530E+03 , 0.00000000E+00 , 0.00000000E+00 , 
  291 , 0.707181E+09 ,    76 , 0.30134625E+08 , 0.80850265E+02 , 0.00000000E+00 , 0.00000000E+00 ,  1315 , 0.30006236E+08 , 0.12178084E+03 , 0.00000000E+00 , 0.00000000E+00 , 
  292 , 0.710637E+09 ,    76 , 0.30134666E+08 , 0.80850223E+02 , 0.00000000E+00 , 0.00000000E+00 ,  1315 , 0.30006240E+08 , 0.12170684E+03 , 0.00000000E+00 , 0.00000000E+00 , 
  293 , 0.714093E+09 ,    76 , 0.30134706E+08 , 0.80850181E+02 , 0.00000000E+00 , 0.00000000E+00 ,  1315 , 0.30006243E+08 , 0.12163327E+03 , 0.00000000E+00 , 0.00000000E+00 , 
  294 , 0.717549E+09 ,    76 , 0.30134746E+08 , 0.80850139E+02 , 0.00000000E+00 , 0.00000000E+00 ,  1315 , 0.30006247E+08 , 0.12156016E+03 , 0.00000000E+00 , 0.00000000E+00 , 
  295 , 0.721005E+09 ,    76 , 0.30134786E+08 , 0.80850098E+02 , 0.00000000E+00 , 0.00000000E+00 ,  1315 , 0.30006250E+08 , 0.12148747E+03 , 0.00000000E+00 , 0.00000000E+00 , 
  296 , 0.724461E+09 ,    76 , 0.30134826E+08 , 0.80850057E+02 , 0.00000000E+00 , 0.00000000E+00 ,  1315 , 0.30006254E+08 , 0.12141523E+03 , 0.00000000E+00 , 0.00000000E+00 , 
  297 , 0.727917E+09 ,    76 , 0.30134866E+08 , 0.80850016E+02 , 0.00000000E+00 , 0.00000000E+00 ,  1315 , 0.30006257E+08 , 0.12134341E+03 , 0.00000000E+00 , 0.00000000E+00 , 
  298 , 0.731373E+09 ,    76 , 0.30134906E+08 , 0.80849976E+02 , 0.00000000E+00 , 0.00000000E+00 ,  1315 , 0.30006261E+08 , 0.12127201E+03 , 0.00000000E+00 , 0.00000000E+00 , 
  299 , 0.734829E+09 ,    76 , 0.30134945E+08 , 0.80849936E+02 , 0.00000000E+00 , 0.00000000E+00 ,  1315 , 0.30006264E+08 , 0.12120103E+03 , 0.00000000E+00 , 0.00000000E+00 , 
  300 , 0.738285E+09 ,    76 , 0.30134984E+08 , 0.80849896E+02 , 0.00000000E+00 , 0.00000000E+00 ,  1315 , 0.30006268E+08 , 0.12113047E+03 , 0.00000000E+00 , 0.00000000E+00 , 
  301 , 0.741741E+09 ,    76 , 0.30135023E+08 , 0.80849856E+02 , 0.00000000E+00 , 0.00000000E+00 ,  1315 , 0.30006271E+08 , 0.12106032E+03 , 0.00000000E+00 , 0.00000000E+00 , 
  302 , 0.745197E+09 ,    76 , 0.30135061E+08 , 0.80849816E+02 , 0.00000000E+00 , 0.00000000E+00 ,  1315 , 0.30006274E+08 , 0.12099058E+03 , 0.00000000E+00 , 0.00000000E+00 , 
  303 , 0.748653E+09 ,    76 , 0.30135100E+08 , 0.80849777E+02 , 0.00000000E+00 , 0.00000000E+00 ,  1315 , 0.30006278E+08 , 0.12092123E+03 , 0.00000000E+00 , 0.00000000E+00 , 
  304 , 0.752109E+09 ,    76 , 0.30135138E+08 , 0.80849738E+02 , 0.00000000E+00 , 0.00000000E+00 ,  1315 , 0.30006281E+08 , 0.12085229E+03 , 0.00000000E+00 , 0.00000000E+00 , 
  305 , 0.755565E+09 ,    76 , 0.30135176E+08 , 0.80849700E+02 , 0.00000000E+00 , 0.00000000E+00 ,  1315 , 0.30006285E+08 , 0.12078374E+03 , 0.00000000E+00 , 0.00000000E+00 , 
  306 , 0.759021E+09 ,    76 , 0.30135214E+08 , 0.80849661E+02 , 0.00000000E+00 , 0.00000000E+00 ,  1315 , 0.30006288E+08 , 0.12071559E+03 , 0.00000000E+00 , 0.00000000E+00 , 
  307 , 0.762477E+09 ,    76 , 0.30135252E+08 , 0.80849623E+02 , 0.00000000E+00 , 0.00000000E+00 ,  1315 , 0.30006291E+08 , 0.12064782E+03 , 0.00000000E+00 , 0.00000000E+00 , 
  308 , 0.765933E+09 ,    76 , 0.30135290E+08 , 0.80849585E+02 , 0.00000000E+00 , 0.00000000E+00 ,  1315 , 0.30006294E+08 , 0.12058043E+03 , 0.00000000E+00 , 0.00000000E+00 , 
  309 , 0.769389E+09 ,    76 , 0.30135327E+08 , 0.80849548E+02 , 0.00000000E+00 , 0.00000000E+00 ,  1315 , 0.30006298E+08 , 0.12051342E+03 , 0.00000000E+00 , 0.00000000E+00 , 
  310 , 0.772845E+09 ,    76 , 0.30135364E+08 , 0.80849510E+02 , 0.00000000E+00 , 0.00000000E+00 ,  1315 , 0.30006301E+08 , 0.12044679E+03 , 0.00000000E+00 , 0.00000000E+00 , 
  311 , 0.776301E+09 ,    76 , 0.30135401E+08 , 0.80849473E+02 , 0.00000000E+00 , 0.00000000E+00 ,  1315 , 0.30006304E+08 , 0.12038052E+03 , 0.00000000E+00 , 0.00000000E+00 , 
  312 , 0.779757E+09 ,    76 , 0.30135438E+08 , 0.80849436E+02 , 0.00000000E+00 , 0.00000000E+00 ,  1315 , 0.30006307E+08 , 0.12031463E+03 , 0.00000000E+00 , 0.00000000E+00 , 
  313 , 0.783213E+09 ,    76 , 0.30135475E+08 , 0.80849399E+02 , 0.00000000E+00 , 0.00000000E+00 ,  1315 , 0.30006311E+08 , 0.12024910E+03 , 0.00000000E+00 , 0.00000000E+00 , 
  314 , 0.786669E+09 ,    76 , 0.30135511E+08 , 0.80849363E+02 , 0.00000000E+00 , 0.00000000E+00 ,  1315 , 0.30006314E+08 , 0.12018393E+03 , 0.00000000E+00 , 0.00000000E+00 , 
  315 , 0.790125E+09 ,    76 , 0.30135547E+08 , 0.80849326E+02 , 0.00000000E+00 , 0.00000000E+00 ,  1315 , 0.30006317E+08 , 0.12011912E+03 , 0.00000000E+00 , 0.00000000E+00 , 
  316 , 0.793581E+09 ,    76 , 0.30135583E+08 , 0.80849290E+02 , 0.00000000E+00 , 0.00000000E+00 ,  1315 , 0.30006320E+08 , 0.12005467E+03 , 0.00000000E+00 , 0.00000000E+00 , 
  317 , 0.797037E+09 ,    76 , 0.30135619E+08 , 0.80849255E+02 , 0.00000000E+00 , 0.00000000E+00 ,  1315 , 0.30006323E+08 , 0.11999056E+03 , 0.00000000E+00 , 0.00000000E+00 , 
  318 , 0.800493E+09 ,    76 , 0.30135655E+08 , 0.80849219E+02 , 0.00000000E+00 , 0.00000000E+00 ,  1315 , 0.30006327E+08 , 0.11992680E+03 , 0.00000000E+00 , 0.00000000E+00 , 
  319 , 0.803949E+09 ,    76 , 0.30135691E+08 , 0.80849184E+02 , 0.00000000E+00 , 0.00000000E+00 ,  1315 , 0.30006330E+08 , 0.11986339E+03 , 0.00000000E+00 , 0.00000000E+00 , 
  320 , 0.807405E+09 ,    76 , 0.30135726E+08 , 0.80849149E+02 , 0.00000000E+00 , 0.00000000E+00 ,  1315 , 0.30006333E+08 , 0.11980032E+03 , 0.00000000E+00 , 0.00000000E+00 , 
  321 , 0.810861E+09 ,    76 , 0.30135761E+08 , 0.80849114E+02 , 0.00000000E+00 , 0.00000000E+00 ,  1315 , 0.30006336E+08 , 0.11973758E+03 , 0.00000000E+00 , 0.00000000E+00 , 
  322 , 0.814317E+09 ,    76 , 0.30135797E+08 , 0.80849079E+02 , 0.00000000E+00 , 0.00000000E+00 ,  1315 , 0.30006339E+08 , 0.11967518E+03 , 0.00000000E+00 , 0.00000000E+00 , 
  323 , 0.817773E+09 ,    76 , 0.30135831E+08 , 0.80849044E+02 , 0.00000000E+00 , 0.00000000E+00 ,  1315 , 0.30006342E+08 , 0.11961311E+03 , 0.00000000E+00 , 0.00000000E+00 , 
  324 , 0.821229E+09 ,    76 , 0.30135866E+08 , 0.80849010E+02 , 0.00000000E+00 , 0.00000000E+00 ,  1315 , 0.30006345E+08 , 0.11955137E+03 , 0.00000000E+00 , 0.00000000E+00 , 
  325 , 0.824685E+09 ,    76 , 0.30135901E+08 , 0.80848976E+02 , 0.00000000E+00 , 0.00000000E+00 ,  1315 , 0.30006348E+08 , 0.11948995E+03 , 0.00000000E+00 , 0.00000000E+00 , 
  326 , 0.828141E+09 ,    76 , 0.30135935E+08 , 0.80848942E+02 , 0.00000000E+00 , 0.00000000E+00 ,  1315 , 0.30006351E+08 , 0.11942886E+03 , 0.00000000E+00 , 0.00000000E+00 , 
  327 , 0.831597E+09 ,    76 , 0.30135970E+08 , 0.80848908E+02 , 0.00000000E+00 , 0.00000000E+00 ,  1315 , 0.30006354E+08 , 0.11936809E+03 , 0.00000000E+00 , 0.00000000E+00 , 
  328 , 0.835053E+09 ,    76 , 0.30136004E+08 , 0.80848875E+02 , 0.00000000E+00 , 0.00000000E+00 ,  1315 , 0.30006357E+08 , 0.11930763E+03 , 0.00000000E+00 , 0.00000000E+00 , 
  329 , 0.838509E+09 ,    76 , 0.30136038E+08 , 0.80848841E+02 , 0.00000000E+00 , 0.00000000E+00 ,  1315 , 0.30006360E+08 , 0.11924749E+03 , 0.00000000E+00 , 0.00000000E+00 , 
  330 , 0.841965E+09 ,    76 , 0.30136072E+08 , 0.80848808E+02 , 0.00000000E+00 , 0.00000000E+00 ,  1315 , 0.30006363E+08 , 0.11918765E+03 , 0.00000000E+00 , 0.00000000E+00 , 
  331 , 0.845421E+09 ,    76 , 0.30136105E+08 , 0.80848775E+02 , 0.00000000E+00 , 0.00000000E+00 ,  1315 , 0.30006366E+08 , 0.11912813E+03 , 0.00000000E+00 , 0.00000000E+00 , 
  332 , 0.848877E+09 ,    76 , 0.30136139E+08 , 0.80848743E+02 , 0.00000000E+00 , 0.00000000E+00 ,  1315 , 0.30006369E+08 , 0.11906891E+03 , 0.00000000E+00 , 0.00000000E+00 , 
  333 , 0.852333E+09 ,    76 , 0.30136172E+08 , 0.80848710E+02 , 0.00000000E+00 , 0.00000000E+00 ,  1315 , 0.30006372E+08 , 0.11900999E+03 , 0.00000000E+00 , 0.00000000E+00 , 
  334 , 0.855789E+09 ,    76 , 0.30136205E+08 , 0.80848678E+02 , 0.00000000E+00 , 0.00000000E+00 ,  1315 , 0.30006375E+08 , 0.11895137E+03 , 0.00000000E+00 , 0.00000000E+00 , 
  335 , 0.859245E+09 ,    76 , 0.30136239E+08 , 0.80848646E+02 , 0.00000000E+00 , 0.00000000E+00 ,  1315 , 0.30006378E+08 , 0.11889305E+03 , 0.00000000E+00 , 0.00000000E+00 , 
  336 , 0.862701E+09 ,    76 , 0.30136271E+08 , 0.80848614E+02 , 0.00000000E+00 , 0.00000000E+00 ,  1315 , 0.30006381E+08 , 0.11883502E+03 , 0.00000000E+00 , 0.00000000E+00 , 
  337 , 0.864000E+09 ,    76 , 0.30136284E+08 , 0.80848602E+02 , 0.00000000E+00 , 0.00000000E+00 ,  1315 , 0.30006382E+08 , 0.11881326E+03 , 0.00000000E+00 , 0.00000000E+00 , 
