   68 , 0.172900E+05 ,    76 , 0.1500E+02 , 0.3623E+06 , 0.0000E+00 , 0.0000E+00 , 0.0000E+00 ,  1315 , -.1505E+02 , 0.8370E+06 , 0.0000E+00 , 0.0000E+00 , 0.3000E+08 , 
   69 , 0.173100E+05 ,    76 , 0.1500E+02 , 0.3623E+06 , 0.0000E+00 , 0.0000E+00 , 0.0000E+00 ,  1315 , -.1505E+02 , 0.8370E+06 , 0.0000E+00 , 0.0000E+00 , 0.3000E+08 , 
   70 , 0.173500E+05 ,    76 , 0.1500E+02 , 0.3623E+06 , 0.0000E+00 , 0.0000E+00 , 0.0000E+00 ,  1315 , -.1505E+02 , 0.8370E+06 , 0.0000E+00 , 0.0000E+00 , 0.3000E+08 , 
   71 , 0.174300E+05 ,    76 , 0.1500E+02 , 0.3623E+06 , 0.0000E+00 , 0.0000E+00 , 0.0000E+00 ,  1315 , -.1505E+02 , 0.8370E+06 , 0.0000E+00 , 0.0000E+00 , 0.3000E+08 , 
   72 , 0.175900E+05 ,    76 , 0.1500E+02 , 0.3623E+06 , 0.0000E+00 , 0.0000E+00 , 0.0000E+00 ,  1315 , -.1505E+02 , 0.8370E+06 , 0.0000E+00 , 0.0000E+00 , 0.3000E+08 , 
   73 , 0.179100E+05 ,    76 , 0.1500E+02 , 0.3623E+06 , 0.0000E+00 , 0.0000E+00 , 0.0000E+00 ,  1315 , -.1504E+02 , 0.8370E+06 , 0.0000E+00 , 0.0000E+00 , 0.3000E+08 , 
   74 , 0.185500E+05 ,    76 , 0.1500E+02 , 0.3623E+06 , 0.0000E+00 , 0.0000E+00 , 0.0000E+00 ,  1315 , -.1503E+02 , 0.8370E+06 , 0.0000E+00 , 0.0000E+00 , 0.3000E+08 , 
   75 , 0.198300E+05 ,    76 , 0.1500E+02 , 0.3623E+06 , 0.0000E+00 , 0.0000E+00 , 0.0000E+00 ,  1315 , -.1501E+02 , 0.8370E+06 , 0.0000E+00 , 0.0000E+00 , 0.3000E+08 , 
   76 , 0.223900E+05 ,    76 , 0.1500E+02 , 0.3623E+06 , 0.0000E+00 , 0.0000E+00 , 0.0000E+00 ,  1315 , -.1500E+02 , 0.8370E+06 , 0.0000E+00 , 0.0000E+00 , 0.3000E+08 , 
   77 , 0.275100E+05 ,    76 , 0.1500E+02 , 0.3623E+06 , 0.0000E+00 , 0.0000E+00 , 0.0000E+00 ,  1315 , -.1500E+02 , 0.8370E+06 , 0.0000E+00 , 0.0000E+00 , 0.3000E+08 , 
   78 , 0.377500E+05 ,    76 , 0.1500E+02 , 0.3623E+06 , 0.0000E+00 , 0.0000E+00 , 0.0000E+00 ,  1315 , -.1499E+02 , 0.8370E+06 , 0.0000E+00 , 0.0000E+00 , 0.3000E+08 , 
   79 , 0.432000E+05 ,    76 , 0.1500E+02 , 0.3623E+06 , 0.0000E+00 , 0.0000E+00 , 0.0000E+00 ,  1315 , -.1500E+02 , 0.8370E+06 , 0.0000E+00 , 0.0000E+00 , 0.3000E+08 , 
   80 , 0.541000E+05 ,    76 , 0.1500E+02 , 0.3623E+06 , 0.0000E+00 , 0.0000E+00 , 0.0000E+00 ,  1315 , -.1500E+02 , 0.8370E+06 , 0.0000E+00 , 0.0000E+00 , 0.3000E+08 , 
   81 , 0.759000E+05 ,    76 , 0.1500E+02 , 0.3623E+06 , 0.0000E+00 , 0.0000E+00 , 0.0000E+00 ,  1315 , -.1500E+02 , 0.8370E+06 , 0.0000E+00 , 0.0000E+00 , 0.3000E+08 , 
   82 , 0.119500E+06 ,    76 , 0.1500E+02 , 0.3623E+06 , 0.0000E+00 , 0.0000E+00 , 0.0000E+00 ,  1315 , -.1500E+02 , 0.8370E+06 , 0.0000E+00 , 0.0000E+00 , 0.3000E+08 , 
   83 , 0.206700E+06 ,    76 , 0.1500E+02 , 0.3623E+06 , 0.0000E+00 , 0.0000E+00 , 0.0000E+00 ,  1315 , -.1500E+02 , 0.8370E+06 , 0.0000E+00 , 0.0000E+00 , 0.3000E+08 , 
   84 , 0.381100E+06 ,    76 , 0.1500E+02 , 0.3623E+06 , 0.0000E+00 , 0.0000E+00 , 0.0000E+00 ,  1315 , -.1500E+02 , 0.8370E+06 , 0.0000E+00 , 0.0000E+00 , 0.3000E+08 , 
   85 , 0.729900E+06 ,    76 , 0.1500E+02 , 0.3623E+06 , 0.0000E+00 , 0.0000E+00 , 0.0000E+00 ,  1315 , -.1500E+02 , 0.8369E+06 , 0.0000E+00 , 0.0000E+00 , 0.3000E+08 , 
   86 , 0.142750E+07 ,    76 , 0.1500E+02 , 0.3623E+06 , 0.0000E+00 , 0.0000E+00 , 0.0000E+00 ,  1315 , -.1500E+02 , 0.8368E+06 , 0.0000E+00 , 0.0000E+00 , 0.3000E+08 , 
   87 , 0.282270E+07 ,    76 , 0.1500E+02 , 0.3623E+06 , 0.0000E+00 , 0.0000E+00 , 0.0000E+00 ,  1315 , -.1500E+02 , 0.8359E+06 , 0.0000E+00 , 0.0000E+00 , 0.3000E+08 , 
   88 , 0.561310E+07 ,    76 , 0.1500E+02 , 0.3623E+06 , 0.0000E+00 , 0.0000E+00 , 0.0000E+00 ,  1315 , -.1500E+02 , 0.8314E+06 , 0.0000E+00 , 0.0000E+00 , 0.3000E+08 , 
   89 , 0.906910E+07 ,    76 , 0.1500E+02 , 0.3623E+06 , 0.0000E+00 , 0.0000E+00 , 0.0000E+00 ,  1315 , -.1500E+02 , 0.8237E+06 , 0.0000E+00 , 0.0000E+00 , 0.3000E+08 , 
   90 , 0.125251E+08 ,    76 , 0.1500E+02 , 0.3623E+06 , 0.0000E+00 , 0.0000E+00 , 0.0000E+00 ,  1315 , -.1500E+02 , 0.8152E+06 , 0.0000E+00 , 0.0000E+00 , 0.3000E+08 , 
   91 , 0.159811E+08 ,    76 , 0.1500E+02 , 0.3623E+06 , 0.0000E+00 , 0.0000E+00 , 0.0000E+00 ,  1315 , -.1500E+02 , 0.8066E+06 , 0.0000E+00 , 0.0000E+00 , 0.3000E+08 , 
   92 , 0.194371E+08 ,    76 , 0.1500E+02 , 0.3623E+06 , 0.0000E+00 , 0.0000E+00 , 0.0000E+00 ,  1315 , -.1500E+02 , 0.7981E+06 , 0.0000E+00 , 0.0000E+00 , 0.3000E+08 , 
   93 , 0.228931E+08 ,    76 , 0.1500E+02 , 0.3623E+06 , 0.0000E+00 , 0.0000E+00 , 0.0000E+00 ,  1315 , -.1500E+02 , 0.7900E+06 , 0.0000E+00 , 0.0000E+00 , 0.3000E+08 , 
   94 , 0.263491E+08 ,    76 , 0.1500E+02 , 0.3623E+06 , 0.0000E+00 , 0.0000E+00 , 0.0000E+00 ,  1315 , -.1500E+02 , 0.7822E+06 , 0.0000E+00 , 0.0000E+00 , 0.3000E+08 , 
   95 , 0.298051E+08 ,    76 , 0.1500E+02 , 0.3623E+06 , 0.0000E+00 , 0.0000E+00 , 0.0000E+00 ,  1315 , -.1500E+02 , 0.7748E+06 , 0.0000E+00 , 0.0000E+00 , 0.3000E+08 , 
   96 , 0.332611E+08 ,    76 , 0.1500E+02 , 0.3623E+06 , 0.0000E+00 , 0.0000E+00 , 0.0000E+00 ,  1315 , -.1500E+02 , 0.7678E+06 , 0.0000E+00 , 0.0000E+00 , 0.3000E+08 , 
   97 , 0.367171E+08 ,    76 , 0.1500E+02 , 0.3623E+06 , 0.0000E+00 , 0.0000E+00 , 0.0000E+00 ,  1315 , -.1500E+02 , 0.7612E+06 , 0.0000E+00 , 0.0000E+00 , 0.3000E+08 , 
   98 , 0.401731E+08 ,    76 , 0.1500E+02 , 0.3623E+06 , 0.0000E+00 , 0.0000E+00 , 0.0000E+00 ,  1315 , -.1500E+02 , 0.7549E+06 , 0.0000E+00 , 0.0000E+00 , 0.3000E+08 , 
   99 , 0.436291E+08 ,    76 , 0.1500E+02 , 0.3623E+06 , 0.0000E+00 , 0.0000E+00 , 0.0000E+00 ,  1315 , -.1500E+02 , 0.7490E+06 , 0.0000E+00 , 0.0000E+00 , 0.3000E+08 , 
  100 , 0.470851E+08 ,    76 , 0.1500E+02 , 0.3623E+06 , 0.0000E+00 , 0.0000E+00 , 0.0000E+00 ,  1315 , -.1500E+02 , 0.7434E+06 , 0.0000E+00 , 0.0000E+00 , 0.3000E+08 , 
  101 , 0.505411E+08 ,    76 , 0.1500E+02 , 0.3623E+06 , 0.0000E+00 , 0.0000E+00 , 0.0000E+00 ,  1315 , -.1500E+02 , 0.7380E+06 , 0.0000E+00 , 0.0000E+00 , 0.3000E+08 , 
  102 , 0.539971E+08 ,    76 , 0.1500E+02 , 0.3623E+06 , 0.0000E+00 , 0.0000E+00 , 0.0000E+00 ,  1315 , -.1500E+02 , 0.7329E+06 , 0.0000E+00 , 0.0000E+00 , 0.3000E+08 , 
  103 , 0.574531E+08 ,    76 , 0.1500E+02 , 0.3623E+06 , 0.0000E+00 , 0.0000E+00 , 0.0000E+00 ,  1315 , -.1500E+02 , 0.7280E+06 , 0.0000E+00 , 0.0000E+00 , 0.3000E+08 , 
  104 , 0.609091E+08 ,    76 , 0.1500E+02 , 0.3623E+06 , 0.0000E+00 , 0.0000E+00 , 0.0000E+00 ,  1315 , -.1500E+02 , 0.7234E+06 , 0.0000E+00 , 0.0000E+00 , 0.3000E+08 , 
  105 , 0.643651E+08 ,    76 , 0.1500E+02 , 0.3623E+06 , 0.0000E+00 , 0.0000E+00 , 0.0000E+00 ,  1315 , -.1500E+02 , 0.7190E+06 , 0.0000E+00 , 0.0000E+00 , 0.3000E+08 , 
  106 , 0.678211E+08 ,    76 , 0.1500E+02 , 0.3623E+06 , 0.0000E+00 , 0.0000E+00 , 0.0000E+00 ,  1315 , -.1500E+02 , 0.7147E+06 , 0.0000E+00 , 0.0000E+00 , 0.3000E+08 , 
  107 , 0.712771E+08 ,    76 , 0.1500E+02 , 0.3623E+06 , 0.0000E+00 , 0.0000E+00 , 0.0000E+00 ,  1315 , -.1500E+02 , 0.7107E+06 , 0.0000E+00 , 0.0000E+00 , 0.3000E+08 , 
  108 , 0.747331E+08 ,    76 , 0.1500E+02 , 0.3623E+06 , 0.0000E+00 , 0.0000E+00 , 0.0000E+00 ,  1315 , -.1500E+02 , 0.7068E+06 , 0.0000E+00 , 0.0000E+00 , 0.3000E+08 , 
  109 , 0.781891E+08 ,    76 , 0.1500E+02 , 0.3623E+06 , 0.0000E+00 , 0.0000E+00 , 0.0000E+00 ,  1315 , -.1500E+02 , 0.7030E+06 , 0.0000E+00 , 0.0000E+00 , 0.3000E+08 , 
  110 , 0.816451E+08 ,    76 , 0.1500E+02 , 0.3623E+06 , 0.0000E+00 , 0.0000E+00 , 0.0000E+00 ,  1315 , -.1500E+02 , 0.6994E+06 , 0.0000E+00 , 0.0000E+00 , 0.3000E+08 , 
  111 , 0.851011E+08 ,    76 , 0.1500E+02 , 0.3623E+06 , 0.0000E+00 , 0.0000E+00 , 0.0000E+00 ,  1315 , -.1500E+02 , 0.6960E+06 , 0.0000E+00 , 0.0000E+00 , 0.3000E+08 , 
  112 , 0.885571E+08 ,    76 , 0.1500E+02 , 0.3623E+06 , 0.0000E+00 , 0.0000E+00 , 0.0000E+00 ,  1315 , -.1500E+02 , 0.6926E+06 , 0.0000E+00 , 0.0000E+00 , 0.3000E+08 , 
  113 , 0.920131E+08 ,    76 , 0.1500E+02 , 0.3623E+06 , 0.0000E+00 , 0.0000E+00 , 0.0000E+00 ,  1315 , -.1500E+02 , 0.6894E+06 , 0.0000E+00 , 0.0000E+00 , 0.3000E+08 , 
  114 , 0.954691E+08 ,    76 , 0.1500E+02 , 0.3623E+06 , 0.0000E+00 , 0.0000E+00 , 0.0000E+00 ,  1315 , -.1500E+02 , 0.6863E+06 , 0.0000E+00 , 0.0000E+00 , 0.3000E+08 , 
  115 , 0.989251E+08 ,    76 , 0.1500E+02 , 0.3623E+06 , 0.0000E+00 , 0.0000E+00 , 0.0000E+00 ,  1315 , -.1500E+02 , 0.6833E+06 , 0.0000E+00 , 0.0000E+00 , 0.3000E+08 , 
  116 , 0.102381E+09 ,    76 , 0.1500E+02 , 0.3623E+06 , 0.0000E+00 , 0.0000E+00 , 0.0000E+00 ,  1315 , -.1500E+02 , 0.6804E+06 , 0.0000E+00 , 0.0000E+00 , 0.3000E+08 , 
  117 , 0.105837E+09 ,    76 , 0.1500E+02 , 0.3623E+06 , 0.0000E+00 , 0.0000E+00 , 0.0000E+00 ,  1315 , -.1500E+02 , 0.6776E+06 , 0.0000E+00 , 0.0000E+00 , 0.3000E+08 , 
  118 , 0.109293E+09 ,    76 , 0.1500E+02 , 0.3623E+06 , 0.0000E+00 , 0.0000E+00 , 0.0000E+00 ,  1315 , -.1500E+02 , 0.6749E+06 , 0.0000E+00 , 0.0000E+00 , 0.3000E+08 , 
  119 , 0.112749E+09 ,    76 , 0.1500E+02 , 0.3623E+06 , 0.0000E+00 , 0.0000E+00 , 0.0000E+00 ,  1315 , -.1500E+02 , 0.6723E+06 , 0.0000E+00 , 0.0000E+00 , 0.3000E+08 , 
  120 , 0.116205E+09 ,    76 , 0.1500E+02 , 0.3623E+06 , 0.0000E+00 , 0.0000E+00 , 0.0000E+00 ,  1315 , -.1500E+02 , 0.6697E+06 , 0.0000E+00 , 0.0000E+00 , 0.3000E+08 , 
  121 , 0.119661E+09 ,    76 , 0.1500E+02 , 0.3623E+06 , 0.0000E+00 , 0.0000E+00 , 0.0000E+00 ,  1315 , -.1500E+02 , 0.6673E+06 , 0.0000E+00 , 0.0000E+00 , 0.3000E+08 , 
  122 , 0.123117E+09 ,    76 , 0.1500E+02 , 0.3623E+06 , 0.0000E+00 , 0.0000E+00 , 0.0000E+00 ,  1315 , -.1500E+02 , 0.6649E+06 , 0.0000E+00 , 0.0000E+00 , 0.3000E+08 , 
  123 , 0.126573E+09 ,    76 , 0.1500E+02 , 0.3623E+06 , 0.0000E+00 , 0.0000E+00 , 0.0000E+00 ,  1315 , -.1500E+02 , 0.6625E+06 , 0.0000E+00 , 0.0000E+00 , 0.3000E+08 , 
  124 , 0.130029E+09 ,    76 , 0.1500E+02 , 0.3623E+06 , 0.0000E+00 , 0.0000E+00 , 0.0000E+00 ,  1315 , -.1500E+02 , 0.6603E+06 , 0.0000E+00 , 0.0000E+00 , 0.3000E+08 , 
  125 , 0.133485E+09 ,    76 , 0.1500E+02 , 0.3623E+06 , 0.0000E+00 , 0.0000E+00 , 0.0000E+00 ,  1315 , -.1500E+02 , 0.6581E+06 , 0.0000E+00 , 0.0000E+00 , 0.3000E+08 , 
  126 , 0.136941E+09 ,    76 , 0.1500E+02 , 0.3623E+06 , 0.0000E+00 , 0.0000E+00 , 0.0000E+00 ,  1315 , -.1500E+02 , 0.6559E+06 , 0.0000E+00 , 0.0000E+00 , 0.3000E+08 , 
  127 , 0.140397E+09 ,    76 , 0.1500E+02 , 0.3623E+06 , 0.0000E+00 , 0.0000E+00 , 0.0000E+00 ,  1315 , -.1500E+02 , 0.6538E+06 , 0.0000E+00 , 0.0000E+00 , 0.3000E+08 , 
  128 , 0.143853E+09 ,    76 , 0.1500E+02 , 0.3623E+06 , 0.0000E+00 , 0.0000E+00 , 0.0000E+00 ,  1315 , -.1500E+02 , 0.6518E+06 , 0.0000E+00 , 0.0000E+00 , 0.3000E+08 , 
  129 , 0.147309E+09 ,    76 , 0.1500E+02 , 0.3623E+06 , 0.0000E+00 , 0.0000E+00 , 0.0000E+00 ,  1315 , -.1500E+02 , 0.6498E+06 , 0.0000E+00 , 0.0000E+00 , 0.3000E+08 , 
  130 , 0.150765E+09 ,    76 , 0.1500E+02 , 0.3623E+06 , 0.0000E+00 , 0.0000E+00 , 0.0000E+00 ,  1315 , -.1500E+02 , 0.6478E+06 , 0.0000E+00 , 0.0000E+00 , 0.3000E+08 , 
  131 , 0.154221E+09 ,    76 , 0.1500E+02 , 0.3623E+06 , 0.0000E+00 , 0.0000E+00 , 0.0000E+00 ,  1315 , -.1500E+02 , 0.6459E+06 , 0.0000E+00 , 0.0000E+00 , 0.3000E+08 , 
  132 , 0.157677E+09 ,    76 , 0.1500E+02 , 0.3623E+06 , 0.0000E+00 , 0.0000E+00 , 0.0000E+00 ,  1315 , -.1500E+02 , 0.6441E+06 , 0.0000E+00 , 0.0000E+00 , 0.3000E+08 , 
  133 , 0.161133E+09 ,    76 , 0.1500E+02 , 0.3623E+06 , 0.0000E+00 , 0.0000E+00 , 0.0000E+00 ,  1315 , -.1500E+02 , 0.6423E+06 , 0.0000E+00 , 0.0000E+00 , 0.3000E+08 , 
  134 , 0.164589E+09 ,    76 , 0.1500E+02 , 0.3623E+06 , 0.0000E+00 , 0.0000E+00 , 0.0000E+00 ,  1315 , -.1500E+02 , 0.6405E+06 , 0.0000E+00 , 0.0000E+00 , 0.3000E+08 , 
  135 , 0.168045E+09 ,    76 , 0.1500E+02 , 0.3623E+06 , 0.0000E+00 , 0.0000E+00 , 0.0000E+00 ,  1315 , -.1500E+02 , 0.6388E+06 , 0.0000E+00 , 0.0000E+00 , 0.3000E+08 , 
  136 , 0.171501E+09 ,    76 , 0.1500E+02 , 0.3623E+06 , 0.0000E+00 , 0.0000E+00 , 0.0000E+00 ,  1315 , -.1500E+02 , 0.6371E+06 , 0.0000E+00 , 0.0000E+00 , 0.3000E+08 , 
  137 , 0.174957E+09 ,    76 , 0.1500E+02 , 0.3623E+06 , 0.0000E+00 , 0.0000E+00 , 0.0000E+00 ,  1315 , -.1500E+02 , 0.6355E+06 , 0.0000E+00 , 0.0000E+00 , 0.3000E+08 , 
  138 , 0.178413E+09 ,    76 , 0.1500E+02 , 0.3623E+06 , 0.0000E+00 , 0.0000E+00 , 0.0000E+00 ,  1315 , -.1500E+02 , 0.6339E+06 , 0.0000E+00 , 0.0000E+00 , 0.3000E+08 , 
  139 , 0.181869E+09 ,    76 , 0.1500E+02 , 0.3623E+06 , 0.0000E+00 , 0.0000E+00 , 0.0000E+00 ,  1315 , -.1500E+02 , 0.6323E+06 , 0.0000E+00 , 0.0000E+00 , 0.3000E+08 , 
  140 , 0.185325E+09 ,    76 , 0.1500E+02 , 0.3623E+06 , 0.0000E+00 , 0.0000E+00 , 0.0000E+00 ,  1315 , -.1500E+02 , 0.6307E+06 , 0.0000E+00 , 0.0000E+00 , 0.3000E+08 , 
  141 , 0.188781E+09 ,    76 , 0.1500E+02 , 0.3623E+06 , 0.0000E+00 , 0.0000E+00 , 0.0000E+00 ,  1315 , -.1500E+02 , 0.6292E+06 , 0.0000E+00 , 0.0000E+00 , 0.3000E+08 , 
  142 , 0.192237E+09 ,    76 , 0.1500E+02 , 0.3623E+06 , 0.0000E+00 , 0.0000E+00 , 0.0000E+00 ,  1315 , -.1500E+02 , 0.6277E+06 , 0.0000E+00 , 0.0000E+00 , 0.3000E+08 , 
  143 , 0.195693E+09 ,    76 , 0.1500E+02 , 0.3623E+06 , 0.0000E+00 , 0.0000E+00 , 0.0000E+00 ,  1315 , -.1500E+02 , 0.6263E+06 , 0.0000E+00 , 0.0000E+00 , 0.3000E+08 , 
  144 , 0.199149E+09 ,    76 , 0.1500E+02 , 0.3623E+06 , 0.0000E+00 , 0.0000E+00 , 0.0000E+00 ,  1315 , -.1500E+02 , 0.6249E+06 , 0.0000E+00 , 0.0000E+00 , 0.3000E+08 , 
  145 , 0.202605E+09 ,    76 , 0.1500E+02 , 0.3623E+06 , 0.0000E+00 , 0.0000E+00 , 0.0000E+00 ,  1315 , -.1500E+02 , 0.6235E+06 , 0.0000E+00 , 0.0000E+00 , 0.3000E+08 , 
  146 , 0.206061E+09 ,    76 , 0.1500E+02 , 0.3623E+06 , 0.0000E+00 , 0.0000E+00 , 0.0000E+00 ,  1315 , -.1500E+02 , 0.6221E+06 , 0.0000E+00 , 0.0000E+00 , 0.3000E+08 , 
  147 , 0.209517E+09 ,    76 , 0.1500E+02 , 0.3623E+06 , 0.0000E+00 , 0.0000E+00 , 0.0000E+00 ,  1315 , -.1500E+02 , 0.6207E+06 , 0.0000E+00 , 0.0000E+00 , 0.3000E+08 , 
  148 , 0.212973E+09 ,    76 , 0.1500E+02 , 0.3623E+06 , 0.0000E+00 , 0.0000E+00 , 0.0000E+00 ,  1315 , -.1500E+02 , 0.6194E+06 , 0.0000E+00 , 0.0000E+00 , 0.3000E+08 , 
  149 , 0.216429E+09 ,    76 , 0.1500E+02 , 0.3623E+06 , 0.0000E+00 , 0.0000E+00 , 0.0000E+00 ,  1315 , -.1500E+02 , 0.6181E+06 , 0.0000E+00 , 0.0000E+00 , 0.3000E+08 , 
  150 , 0.219885E+09 ,    76 , 0.1500E+02 , 0.3623E+06 , 0.0000E+00 , 0.0000E+00 , 0.0000E+00 ,  1315 , -.1500E+02 , 0.6169E+06 , 0.0000E+00 , 0.0000E+00 , 0.3000E+08 , 
  151 , 0.223341E+09 ,    76 , 0.1500E+02 , 0.3623E+06 , 0.0000E+00 , 0.0000E+00 , 0.0000E+00 ,  1315 , -.1500E+02 , 0.6156E+06 , 0.0000E+00 , 0.0000E+00 , 0.3000E+08 , 
  152 , 0.226797E+09 ,    76 , 0.1500E+02 , 0.3623E+06 , 0.0000E+00 , 0.0000E+00 , 0.0000E+00 ,  1315 , -.1500E+02 , 0.6144E+06 , 0.0000E+00 , 0.0000E+00 , 0.3000E+08 , 
  153 , 0.230253E+09 ,    76 , 0.1500E+02 , 0.3623E+06 , 0.0000E+00 , 0.0000E+00 , 0.0000E+00 ,  1315 , -.1500E+02 , 0.6132E+06 , 0.0000E+00 , 0.0000E+00 , 0.3000E+08 , 
  154 , 0.233709E+09 ,    76 , 0.1500E+02 , 0.3623E+06 , 0.0000E+00 , 0.0000E+00 , 0.0000E+00 ,  1315 , -.1500E+02 , 0.6120E+06 , 0.0000E+00 , 0.0000E+00 , 0.3000E+08 , 
  155 , 0.237165E+09 ,    76 , 0.1500E+02 , 0.3623E+06 , 0.0000E+00 , 0.0000E+00 , 0.0000E+00 ,  1315 , -.1500E+02 , 0.6108E+06 , 0.0000E+00 , 0.0000E+00 , 0.3000E+08 , 
  156 , 0.240621E+09 ,    76 , 0.1500E+02 , 0.3623E+06 , 0.0000E+00 , 0.0000E+00 , 0.0000E+00 ,  1315 , -.1500E+02 , 0.6097E+06 , 0.0000E+00 , 0.0000E+00 , 0.3000E+08 , 
  157 , 0.244077E+09 ,    76 , 0.1500E+02 , 0.3623E+06 , 0.0000E+00 , 0.0000E+00 , 0.0000E+00 ,  1315 , -.1500E+02 , 0.6085E+06 , 0.0000E+00 , 0.0000E+00 , 0.3000E+08 , 
  158 , 0.247533E+09 ,    76 , 0.1500E+02 , 0.3623E+06 , 0.0000E+00 , 0.0000E+00 , 0.0000E+00 ,  1315 , -.1500E+02 , 0.6074E+06 , 0.0000E+00 , 0.0000E+00 , 0.3000E+08 , 
  159 , 0.250989E+09 ,    76 , 0.1500E+02 , 0.3623E+06 , 0.0000E+00 , 0.0000E+00 , 0.0000E+00 ,  1315 , -.1500E+02 , 0.6063E+06 , 0.0000E+00 , 0.0000E+00 , 0.3000E+08 , 
  160 , 0.254445E+09 ,    76 , 0.1500E+02 , 0.3623E+06 , 0.0000E+00 , 0.0000E+00 , 0.0000E+00 ,  1315 , -.1500E+02 , 0.6053E+06 , 0.0000E+00 , 0.0000E+00 , 0.3000E+08 , 
  161 , 0.257901E+09 ,    76 , 0.1500E+02 , 0.3623E+06 , 0.0000E+00 , 0.0000E+00 , 0.0000E+00 ,  1315 , -.1500E+02 , 0.6042E+06 , 0.0000E+00 , 0.0000E+00 , 0.3000E+08 , 
  162 , 0.261357E+09 ,    76 , 0.1500E+02 , 0.3623E+06 , 0.0000E+00 , 0.0000E+00 , 0.0000E+00 ,  1315 , -.1500E+02 , 0.6032E+06 , 0.0000E+00 , 0.0000E+00 , 0.3000E+08 , 
  163 , 0.264813E+09 ,    76 , 0.1500E+02 , 0.3623E+06 , 0.0000E+00 , 0.0000E+00 , 0.0000E+00 ,  1315 , -.1500E+02 , 0.6021E+06 , 0.0000E+00 , 0.0000E+00 , 0.3000E+08 , 
  164 , 0.268269E+09 ,    76 , 0.1500E+02 , 0.3623E+06 , 0.0000E+00 , 0.0000E+00 , 0.0000E+00 ,  1315 , -.1500E+02 , 0.6011E+06 , 0.0000E+00 , 0.0000E+00 , 0.3000E+08 , 
  165 , 0.271725E+09 ,    76 , 0.1500E+02 , 0.3623E+06 , 0.0000E+00 , 0.0000E+00 , 0.0000E+00 ,  1315 , -.1500E+02 , 0.6001E+06 , 0.0000E+00 , 0.0000E+00 , 0.3000E+08 , 
  166 , 0.275181E+09 ,    76 , 0.1500E+02 , 0.3623E+06 , 0.0000E+00 , 0.0000E+00 , 0.0000E+00 ,  1315 , -.1500E+02 , 0.5991E+06 , 0.0000E+00 , 0.0000E+00 , 0.3000E+08 , 
  167 , 0.278637E+09 ,    76 , 0.1500E+02 , 0.3623E+06 , 0.0000E+00 , 0.0000E+00 , 0.0000E+00 ,  1315 , -.1500E+02 , 0.5982E+06 , 0.0000E+00 , 0.0000E+00 , 0.3000E+08 , 
  168 , 0.282093E+09 ,    76 , 0.1500E+02 , 0.3623E+06 , 0.0000E+00 , 0.0000E+00 , 0.0000E+00 ,  1315 , -.1500E+02 , 0.5972E+06 , 0.0000E+00 , 0.0000E+00 , 0.3000E+08 , 
  169 , 0.285549E+09 ,    76 , 0.1500E+02 , 0.3623E+06 , 0.0000E+00 , 0.0000E+00 , 0.0000E+00 ,  1315 , -.1500E+02 , 0.5963E+06 , 0.0000E+00 , 0.0000E+00 , 0.3000E+08 , 
  170 , 0.289005E+09 ,    76 , 0.1500E+02 , 0.3623E+06 , 0.0000E+00 , 0.0000E+00 , 0.0000E+00 ,  1315 , -.1500E+02 , 0.5953E+06 , 0.0000E+00 , 0.0000E+00 , 0.3000E+08 , 
  171 , 0.292461E+09 ,    76 , 0.1500E+02 , 0.3623E+06 , 0.0000E+00 , 0.0000E+00 , 0.0000E+00 ,  1315 , -.1500E+02 , 0.5944E+06 , 0.0000E+00 , 0.0000E+00 , 0.3000E+08 , 
  172 , 0.295917E+09 ,    76 , 0.1500E+02 , 0.3623E+06 , 0.0000E+00 , 0.0000E+00 , 0.0000E+00 ,  1315 , -.1500E+02 , 0.5935E+06 , 0.0000E+00 , 0.0000E+00 , 0.3000E+08 , 
  173 , 0.299373E+09 ,    76 , 0.1500E+02 , 0.3623E+06 , 0.0000E+00 , 0.0000E+00 , 0.0000E+00 ,  1315 , -.1500E+02 , 0.5926E+06 , 0.0000E+00 , 0.0000E+00 , 0.3000E+08 , 
  174 , 0.302829E+09 ,    76 , 0.1500E+02 , 0.3623E+06 , 0.0000E+00 , 0.0000E+00 , 0.0000E+00 ,  1315 , -.1500E+02 , 0.5918E+06 , 0.0000E+00 , 0.0000E+00 , 0.3000E+08 , 
  175 , 0.306285E+09 ,    76 , 0.1500E+02 , 0.3623E+06 , 0.0000E+00 , 0.0000E+00 , 0.0000E+00 ,  1315 , -.1500E+02 , 0.5909E+06 , 0.0000E+00 , 0.0000E+00 , 0.3000E+08 , 
  176 , 0.309741E+09 ,    76 , 0.1500E+02 , 0.3623E+06 , 0.0000E+00 , 0.0000E+00 , 0.0000E+00 ,  1315 , -.1500E+02 , 0.5900E+06 , 0.0000E+00 , 0.0000E+00 , 0.3000E+08 , 
  177 , 0.313197E+09 ,    76 , 0.1500E+02 , 0.3623E+06 , 0.0000E+00 , 0.0000E+00 , 0.0000E+00 ,  1315 , -.1500E+02 , 0.5892E+06 , 0.0000E+00 , 0.0000E+00 , 0.3000E+08 , 
  178 , 0.316653E+09 ,    76 , 0.1500E+02 , 0.3623E+06 , 0.0000E+00 , 0.0000E+00 , 0.0000E+00 ,  1315 , -.1500E+02 , 0.5884E+06 , 0.0000E+00 , 0.0000E+00 , 0.3000E+08 , 
  179 , 0.320109E+09 ,    76 , 0.1500E+02 , 0.3623E+06 , 0.0000E+00 , 0.0000E+00 , 0.0000E+00 ,  1315 , -.1500E+02 , 0.5876E+06 , 0.0000E+00 , 0.0000E+00 , 0.3000E+08 , 
  180 , 0.323565E+09 ,    76 , 0.1500E+02 , 0.3623E+06 , 0.0000E+00 , 0.0000E+00 , 0.0000E+00 ,  1315 , -.1500E+02 , 0.5867E+06 , 0.0000E+00 , 0.0000E+00 , 0.3000E+08 , 
  181 , 0.327021E+09 ,    76 , 0.1500E+02 , 0.3623E+06 , 0.0000E+00 , 0.0000E+00 , 0.0000E+00 ,  1315 , -.1500E+02 , 0.5859E+06 , 0.0000E+00 , 0.0000E+00 , 0.3000E+08 , 
  182 , 0.330477E+09 ,    76 , 0.1500E+02 , 0.3623E+06 , 0.0000E+00 , 0.0000E+00 , 0.0000E+00 ,  1315 , -.1500E+02 , 0.5852E+06 , 0.0000E+00 , 0.0000E+00 , 0.3000E+08 , 
  183 , 0.333933E+09 ,    76 , 0.1500E+02 , 0.3623E+06 , 0.0000E+00 , 0.0000E+00 , 0.0000E+00 ,  1315 , -.1500E+02 , 0.5844E+06 , 0.0000E+00 , 0.0000E+00 , 0.3000E+08 , 
  184 , 0.337389E+09 ,    76 , 0.1500E+02 , 0.3623E+06 , 0.0000E+00 , 0.0000E+00 , 0.0000E+00 ,  1315 , -.1500E+02 , 0.5836E+06 , 0.0000E+00 , 0.0000E+00 , 0.3000E+08 , 
  185 , 0.340845E+09 ,    76 , 0.1500E+02 , 0.3623E+06 , 0.0000E+00 , 0.0000E+00 , 0.0000E+00 ,  1315 , -.1500E+02 , 0.5828E+06 , 0.0000E+00 , 0.0000E+00 , 0.3000E+08 , 
  186 , 0.344301E+09 ,    76 , 0.1500E+02 , 0.3623E+06 , 0.0000E+00 , 0.0000E+00 , 0.0000E+00 ,  1315 , -.1500E+02 , 0.5821E+06 , 0.0000E+00 , 0.0000E+00 , 0.3000E+08 , 
  187 , 0.347757E+09 ,    76 , 0.1500E+02 , 0.3623E+06 , 0.0000E+00 , 0.0000E+00 , 0.0000E+00 ,  1315 , -.1500E+02 , 0.5813E+06 , 0.0000E+00 , 0.0000E+00 , 0.3000E+08 , 
  188 , 0.351213E+09 ,    76 , 0.1500E+02 , 0.3623E+06 , 0.0000E+00 , 0.0000E+00 , 0.0000E+00 ,  1315 , -.1500E+02 , 0.5806E+06 , 0.0000E+00 , 0.0000E+00 , 0.3000E+08 , 
  189 , 0.354669E+09 ,    76 , 0.1500E+02 , 0.3623E+06 , 0.0000E+00 , 0.0000E+00 , 0.0000E+00 ,  1315 , -.1500E+02 , 0.5799E+06 , 0.0000E+00 , 0.0000E+00 , 0.3000E+08 , 
  190 , 0.358125E+09 ,    76 , 0.1500E+02 , 0.3623E+06 , 0.0000E+00 , 0.0000E+00 , 0.0000E+00 ,  1315 , -.1500E+02 , 0.5792E+06 , 0.0000E+00 , 0.0000E+00 , 0.3000E+08 , 
  191 , 0.361581E+09 ,    76 , 0.1500E+02 , 0.3623E+06 , 0.0000E+00 , 0.0000E+00 , 0.0000E+00 ,  1315 , -.1500E+02 , 0.5785E+06 , 0.0000E+00 , 0.0000E+00 , 0.3000E+08 , 
  192 , 0.365037E+09 ,    76 , 0.1500E+02 , 0.3623E+06 , 0.0000E+00 , 0.0000E+00 , 0.0000E+00 ,  1315 , -.1500E+02 , 0.5778E+06 , 0.0000E+00 , 0.0000E+00 , 0.3000E+08 , 
  193 , 0.368493E+09 ,    76 , 0.1500E+02 , 0.3623E+06 , 0.0000E+00 , 0.0000E+00 , 0.0000E+00 ,  1315 , -.1500E+02 , 0.5771E+06 , 0.0000E+00 , 0.0000E+00 , 0.3000E+08 , 
  194 , 0.371949E+09 ,    76 , 0.1500E+02 , 0.3623E+06 , 0.0000E+00 , 0.0000E+00 , 0.0000E+00 ,  1315 , -.1500E+02 , 0.5764E+06 , 0.0000E+00 , 0.0000E+00 , 0.3000E+08 , 
  195 , 0.375405E+09 ,    76 , 0.1500E+02 , 0.3623E+06 , 0.0000E+00 , 0.0000E+00 , 0.0000E+00 ,  1315 , -.1500E+02 , 0.5757E+06 , 0.0000E+00 , 0.0000E+00 , 0.3000E+08 , 
  196 , 0.378861E+09 ,    76 , 0.1500E+02 , 0.3623E+06 , 0.0000E+00 , 0.0000E+00 , 0.0000E+00 ,  1315 , -.1500E+02 , 0.5750E+06 , 0.0000E+00 , 0.0000E+00 , 0.3000E+08 , 
  197 , 0.382317E+09 ,    76 , 0.1500E+02 , 0.3623E+06 , 0.0000E+00 , 0.0000E+00 , 0.0000E+00 ,  1315 , -.1500E+02 , 0.5744E+06 , 0.0000E+00 , 0.0000E+00 , 0.3000E+08 , 
  198 , 0.385773E+09 ,    76 , 0.1500E+02 , 0.3623E+06 , 0.0000E+00 , 0.0000E+00 , 0.0000E+00 ,  1315 , -.1500E+02 , 0.5737E+06 , 0.0000E+00 , 0.0000E+00 , 0.3000E+08 , 
  199 , 0.389229E+09 ,    76 , 0.1500E+02 , 0.3623E+06 , 0.0000E+00 , 0.0000E+00 , 0.0000E+00 ,  1315 , -.1500E+02 , 0.5731E+06 , 0.0000E+00 , 0.0000E+00 , 0.3000E+08 , 
  200 , 0.392685E+09 ,    76 , 0.1500E+02 , 0.3623E+06 , 0.0000E+00 , 0.0000E+00 , 0.0000E+00 ,  1315 , -.1500E+02 , 0.5724E+06 , 0.0000E+00 , 0.0000E+00 , 0.3000E+08 , 
  201 , 0.396141E+09 ,    76 , 0.1500E+02 , 0.3623E+06 , 0.0000E+00 , 0.0000E+00 , 0.0000E+00 ,  1315 , -.1500E+02 , 0.5718E+06 , 0.0000E+00 , 0.0000E+00 , 0.3000E+08 , 
  202 , 0.399597E+09 ,    76 , 0.1500E+02 , 0.3623E+06 , 0.0000E+00 , 0.0000E+00 , 0.0000E+00 ,  1315 , -.1500E+02 , 0.5711E+06 , 0.0000E+00 , 0.0000E+00 , 0.3000E+08 , 
  203 , 0.403053E+09 ,    76 , 0.1500E+02 , 0.3623E+06 , 0.0000E+00 , 0.0000E+00 , 0.0000E+00 ,  1315 , -.1500E+02 , 0.5705E+06 , 0.0000E+00 , 0.0000E+00 , 0.3000E+08 , 
  204 , 0.406509E+09 ,    76 , 0.1500E+02 , 0.3623E+06 , 0.0000E+00 , 0.0000E+00 , 0.0000E+00 ,  1315 , -.1500E+02 , 0.5699E+06 , 0.0000E+00 , 0.0000E+00 , 0.3000E+08 , 
  205 , 0.409965E+09 ,    76 , 0.1500E+02 , 0.3623E+06 , 0.0000E+00 , 0.0000E+00 , 0.0000E+00 ,  1315 , -.1500E+02 , 0.5693E+06 , 0.0000E+00 , 0.0000E+00 , 0.3000E+08 , 
  206 , 0.413421E+09 ,    76 , 0.1500E+02 , 0.3623E+06 , 0.0000E+00 , 0.0000E+00 , 0.0000E+00 ,  1315 , -.1500E+02 , 0.5687E+06 , 0.0000E+00 , 0.0000E+00 , 0.3000E+08 , 
  207 , 0.416877E+09 ,    76 , 0.1500E+02 , 0.3623E+06 , 0.0000E+00 , 0.0000E+00 , 0.0000E+00 ,  1315 , -.1500E+02 , 0.5681E+06 , 0.0000E+00 , 0.0000E+00 , 0.3000E+08 , 
  208 , 0.420333E+09 ,    76 , 0.1500E+02 , 0.3623E+06 , 0.0000E+00 , 0.0000E+00 , 0.0000E+00 ,  1315 , -.1500E+02 , 0.5675E+06 , 0.0000E+00 , 0.0000E+00 , 0.3000E+08 , 
  209 , 0.423789E+09 ,    76 , 0.1500E+02 , 0.3623E+06 , 0.0000E+00 , 0.0000E+00 , 0.0000E+00 ,  1315 , -.1500E+02 , 0.5669E+06 , 0.0000E+00 , 0.0000E+00 , 0.3000E+08 , 
  210 , 0.427245E+09 ,    76 , 0.1500E+02 , 0.3623E+06 , 0.0000E+00 , 0.0000E+00 , 0.0000E+00 ,  1315 , -.1500E+02 , 0.5663E+06 , 0.0000E+00 , 0.0000E+00 , 0.3000E+08 , 
  211 , 0.430701E+09 ,    76 , 0.1500E+02 , 0.3623E+06 , 0.0000E+00 , 0.0000E+00 , 0.0000E+00 ,  1315 , -.1500E+02 , 0.5658E+06 , 0.0000E+00 , 0.0000E+00 , 0.3000E+08 , 
  212 , 0.434157E+09 ,    76 , 0.1500E+02 , 0.3623E+06 , 0.0000E+00 , 0.0000E+00 , 0.0000E+00 ,  1315 , -.1500E+02 , 0.5652E+06 , 0.0000E+00 , 0.0000E+00 , 0.3000E+08 , 
  213 , 0.437613E+09 ,    76 , 0.1500E+02 , 0.3623E+06 , 0.0000E+00 , 0.0000E+00 , 0.0000E+00 ,  1315 , -.1500E+02 , 0.5646E+06 , 0.0000E+00 , 0.0000E+00 , 0.3000E+08 , 
  214 , 0.441069E+09 ,    76 , 0.1500E+02 , 0.3623E+06 , 0.0000E+00 , 0.0000E+00 , 0.0000E+00 ,  1315 , -.1500E+02 , 0.5641E+06 , 0.0000E+00 , 0.0000E+00 , 0.3000E+08 , 
  215 , 0.444525E+09 ,    76 , 0.1500E+02 , 0.3623E+06 , 0.0000E+00 , 0.0000E+00 , 0.0000E+00 ,  1315 , -.1500E+02 , 0.5635E+06 , 0.0000E+00 , 0.0000E+00 , 0.3000E+08 , 
  216 , 0.447981E+09 ,    76 , 0.1500E+02 , 0.3623E+06 , 0.0000E+00 , 0.0000E+00 , 0.0000E+00 ,  1315 , -.1500E+02 , 0.5630E+06 , 0.0000E+00 , 0.0000E+00 , 0.3000E+08 , 
  217 , 0.451437E+09 ,    76 , 0.1500E+02 , 0.3623E+06 , 0.0000E+00 , 0.0000E+00 , 0.0000E+00 ,  1315 , -.1500E+02 , 0.5624E+06 , 0.0000E+00 , 0.0000E+00 , 0.3000E+08 , 
  218 , 0.454893E+09 ,    76 , 0.1500E+02 , 0.3623E+06 , 0.0000E+00 , 0.0000E+00 , 0.0000E+00 ,  1315 , -.1500E+02 , 0.5619E+06 , 0.0000E+00 , 0.0000E+00 , 0.3000E+08 , 
  219 , 0.458349E+09 ,    76 , 0.1500E+02 , 0.3623E+06 , 0.0000E+00 , 0.0000E+00 , 0.0000E+00 ,  1315 , -.1500E+02 , 0.5614E+06 , 0.0000E+00 , 0.0000E+00 , 0.3000E+08 , 
  220 , 0.461805E+09 ,    76 , 0.1500E+02 , 0.3623E+06 , 0.0000E+00 , 0.0000E+00 , 0.0000E+00 ,  1315 , -.1500E+02 , 0.5608E+06 , 0.0000E+00 , 0.0000E+00 , 0.3000E+08 , 
  221 , 0.465261E+09 ,    76 , 0.1500E+02 , 0.3623E+06 , 0.0000E+00 , 0.0000E+00 , 0.0000E+00 ,  1315 , -.1500E+02 , 0.5603E+06 , 0.0000E+00 , 0.0000E+00 , 0.3000E+08 , 
  222 , 0.468717E+09 ,    76 , 0.1500E+02 , 0.3623E+06 , 0.0000E+00 , 0.0000E+00 , 0.0000E+00 ,  1315 , -.1500E+02 , 0.5598E+06 , 0.0000E+00 , 0.0000E+00 , 0.3000E+08 , 
  223 , 0.472173E+09 ,    76 , 0.1500E+02 , 0.3623E+06 , 0.0000E+00 , 0.0000E+00 , 0.0000E+00 ,  1315 , -.1500E+02 , 0.5593E+06 , 0.0000E+00 , 0.0000E+00 , 0.3000E+08 , 
  224 , 0.475629E+09 ,    76 , 0.1500E+02 , 0.3623E+06 , 0.0000E+00 , 0.0000E+00 , 0.0000E+00 ,  1315 , -.1500E+02 , 0.5588E+06 , 0.0000E+00 , 0.0000E+00 , 0.3000E+08 , 
  225 , 0.479085E+09 ,    76 , 0.1500E+02 , 0.3623E+06 , 0.0000E+00 , 0.0000E+00 , 0.0000E+00 ,  1315 , -.1500E+02 , 0.5583E+06 , 0.0000E+00 , 0.0000E+00 , 0.3000E+08 , 
  226 , 0.482541E+09 ,    76 , 0.1500E+02 , 0.3623E+06 , 0.0000E+00 , 0.0000E+00 , 0.0000E+00 ,  1315 , -.1500E+02 , 0.5578E+06 , 0.0000E+00 , 0.0000E+00 , 0.3000E+08 , 
  227 , 0.485997E+09 ,    76 , 0.1500E+02 , 0.3623E+06 , 0.0000E+00 , 0.0000E+00 , 0.0000E+00 ,  1315 , -.1500E+02 , 0.5573E+06 , 0.0000E+00 , 0.0000E+00 , 0.3000E+08 , 
  228 , 0.489453E+09 ,    76 , 0.1500E+02 , 0.3623E+06 , 0.0000E+00 , 0.0000E+00 , 0.0000E+00 ,  1315 , -.1500E+02 , 0.5568E+06 , 0.0000E+00 , 0.0000E+00 , 0.3000E+08 , 
  229 , 0.492909E+09 ,    76 , 0.1500E+02 , 0.3623E+06 , 0.0000E+00 , 0.0000E+00 , 0.0000E+00 ,  1315 , -.1500E+02 , 0.5563E+06 , 0.0000E+00 , 0.0000E+00 , 0.3000E+08 , 
  230 , 0.496365E+09 ,    76 , 0.1500E+02 , 0.3623E+06 , 0.0000E+00 , 0.0000E+00 , 0.0000E+00 ,  1315 , -.1500E+02 , 0.5558E+06 , 0.0000E+00 , 0.0000E+00 , 0.3000E+08 , 
  231 , 0.499821E+09 ,    76 , 0.1500E+02 , 0.3623E+06 , 0.0000E+00 , 0.0000E+00 , 0.0000E+00 ,  1315 , -.1500E+02 , 0.5553E+06 , 0.0000E+00 , 0.0000E+00 , 0.3000E+08 , 
  232 , 0.503277E+09 ,    76 , 0.1500E+02 , 0.3623E+06 , 0.0000E+00 , 0.0000E+00 , 0.0000E+00 ,  1315 , -.1500E+02 , 0.5549E+06 , 0.0000E+00 , 0.0000E+00 , 0.3000E+08 , 
  233 , 0.506733E+09 ,    76 , 0.1500E+02 , 0.3623E+06 , 0.0000E+00 , 0.0000E+00 , 0.0000E+00 ,  1315 , -.1500E+02 , 0.5544E+06 , 0.0000E+00 , 0.0000E+00 , 0.3000E+08 , 
  234 , 0.510189E+09 ,    76 , 0.1500E+02 , 0.3623E+06 , 0.0000E+00 , 0.0000E+00 , 0.0000E+00 ,  1315 , -.1500E+02 , 0.5539E+06 , 0.0000E+00 , 0.0000E+00 , 0.3000E+08 , 
  235 , 0.513645E+09 ,    76 , 0.1500E+02 , 0.3623E+06 , 0.0000E+00 , 0.0000E+00 , 0.0000E+00 ,  1315 , -.1500E+02 , 0.5535E+06 , 0.0000E+00 , 0.0000E+00 , 0.3000E+08 , 
  236 , 0.517101E+09 ,    76 , 0.1500E+02 , 0.3623E+06 , 0.0000E+00 , 0.0000E+00 , 0.0000E+00 ,  1315 , -.1500E+02 , 0.5530E+06 , 0.0000E+00 , 0.0000E+00 , 0.3000E+08 , 
  237 , 0.520557E+09 ,    76 , 0.1500E+02 , 0.3623E+06 , 0.0000E+00 , 0.0000E+00 , 0.0000E+00 ,  1315 , -.1500E+02 , 0.5525E+06 , 0.0000E+00 , 0.0000E+00 , 0.3000E+08 , 
  238 , 0.524013E+09 ,    76 , 0.1500E+02 , 0.3623E+06 , 0.0000E+00 , 0.0000E+00 , 0.0000E+00 ,  1315 , -.1500E+02 , 0.5521E+06 , 0.0000E+00 , 0.0000E+00 , 0.3000E+08 , 
  239 , 0.527469E+09 ,    76 , 0.1500E+02 , 0.3623E+06 , 0.0000E+00 , 0.0000E+00 , 0.0000E+00 ,  1315 , -.1500E+02 , 0.5516E+06 , 0.0000E+00 , 0.0000E+00 , 0.3000E+08 , 
  240 , 0.530925E+09 ,    76 , 0.1500E+02 , 0.3623E+06 , 0.0000E+00 , 0.0000E+00 , 0.0000E+00 ,  1315 , -.1500E+02 , 0.5512E+06 , 0.0000E+00 , 0.0000E+00 , 0.3000E+08 , 
  241 , 0.534381E+09 ,    76 , 0.1500E+02 , 0.3623E+06 , 0.0000E+00 , 0.0000E+00 , 0.0000E+00 ,  1315 , -.1500E+02 , 0.5508E+06 , 0.0000E+00 , 0.0000E+00 , 0.3000E+08 , 
  242 , 0.537837E+09 ,    76 , 0.1500E+02 , 0.3623E+06 , 0.0000E+00 , 0.0000E+00 , 0.0000E+00 ,  1315 , -.1500E+02 , 0.5503E+06 , 0.0000E+00 , 0.0000E+00 , 0.3000E+08 , 
  243 , 0.541293E+09 ,    76 , 0.1500E+02 , 0.3623E+06 , 0.0000E+00 , 0.0000E+00 , 0.0000E+00 ,  1315 , -.1500E+02 , 0.5499E+06 , 0.0000E+00 , 0.0000E+00 , 0.3000E+08 , 
  244 , 0.544749E+09 ,    76 , 0.1500E+02 , 0.3623E+06 , 0.0000E+00 , 0.0000E+00 , 0.0000E+00 ,  1315 , -.1500E+02 , 0.5495E+06 , 0.0000E+00 , 0.0000E+00 , 0.3000E+08 , 
  245 , 0.548205E+09 ,    76 , 0.1500E+02 , 0.3623E+06 , 0.0000E+00 , 0.0000E+00 , 0.0000E+00 ,  1315 , -.1500E+02 , 0.5490E+06 , 0.0000E+00 , 0.0000E+00 , 0.3000E+08 , 
  246 , 0.551661E+09 ,    76 , 0.1500E+02 , 0.3623E+06 , 0.0000E+00 , 0.0000E+00 , 0.0000E+00 ,  1315 , -.1500E+02 , 0.5486E+06 , 0.0000E+00 , 0.0000E+00 , 0.3000E+08 , 
  247 , 0.555117E+09 ,    76 , 0.1500E+02 , 0.3623E+06 , 0.0000E+00 , 0.0000E+00 , 0.0000E+00 ,  1315 , -.1500E+02 , 0.5482E+06 , 0.0000E+00 , 0.0000E+00 , 0.3000E+08 , 
  248 , 0.558573E+09 ,    76 , 0.1500E+02 , 0.3623E+06 , 0.0000E+00 , 0.0000E+00 , 0.0000E+00 ,  1315 , -.1500E+02 , 0.5478E+06 , 0.0000E+00 , 0.0000E+00 , 0.3000E+08 , 
  249 , 0.562029E+09 ,    76 , 0.1500E+02 , 0.3623E+06 , 0.0000E+00 , 0.0000E+00 , 0.0000E+00 ,  1315 , -.1500E+02 , 0.5474E+06 , 0.0000E+00 , 0.0000E+00 , 0.3000E+08 , 
  250 , 0.565485E+09 ,    76 , 0.1500E+02 , 0.3623E+06 , 0.0000E+00 , 0.0000E+00 , 0.0000E+00 ,  1315 , -.1500E+02 , 0.5469E+06 , 0.0000E+00 , 0.0000E+00 , 0.3000E+08 , 
  251 , 0.568941E+09 ,    76 , 0.1500E+02 , 0.3623E+06 , 0.0000E+00 , 0.0000E+00 , 0.0000E+00 ,  1315 , -.1500E+02 , 0.5465E+06 , 0.0000E+00 , 0.0000E+00 , 0.3000E+08 , 
  252 , 0.572397E+09 ,    76 , 0.1500E+02 , 0.3623E+06 , 0.0000E+00 , 0.0000E+00 , 0.0000E+00 ,  1315 , -.1500E+02 , 0.5461E+06 , 0.0000E+00 , 0.0000E+00 , 0.3000E+08 , 
  253 , 0.575853E+09 ,    76 , 0.1500E+02 , 0.3623E+06 , 0.0000E+00 , 0.0000E+00 , 0.0000E+00 ,  1315 , -.1500E+02 , 0.5457E+06 , 0.0000E+00 , 0.0000E+00 , 0.3000E+08 , 
  254 , 0.579309E+09 ,    76 , 0.1500E+02 , 0.3623E+06 , 0.0000E+00 , 0.0000E+00 , 0.0000E+00 ,  1315 , -.1500E+02 , 0.5453E+06 , 0.0000E+00 , 0.0000E+00 , 0.3000E+08 , 
  255 , 0.582765E+09 ,    76 , 0.1500E+02 , 0.3623E+06 , 0.0000E+00 , 0.0000E+00 , 0.0000E+00 ,  1315 , -.1500E+02 , 0.5449E+06 , 0.0000E+00 , 0.0000E+00 , 0.3000E+08 , 
  256 , 0.586221E+09 ,    76 , 0.1500E+02 , 0.3623E+06 , 0.0000E+00 , 0.0000E+00 , 0.0000E+00 ,  1315 , -.1500E+02 , 0.5445E+06 , 0.0000E+00 , 0.0000E+00 , 0.3000E+08 , 
  257 , 0.589677E+09 ,    76 , 0.1500E+02 , 0.3623E+06 , 0.0000E+00 , 0.0000E+00 , 0.0000E+00 ,  1315 , -.1500E+02 , 0.5442E+06 , 0.0000E+00 , 0.0000E+00 , 0.3000E+08 , 
  258 , 0.593133E+09 ,    76 , 0.1500E+02 , 0.3623E+06 , 0.0000E+00 , 0.0000E+00 , 0.0000E+00 ,  1315 , -.1500E+02 , 0.5438E+06 , 0.0000E+00 , 0.0000E+00 , 0.3000E+08 , 
  259 , 0.596589E+09 ,    76 , 0.1500E+02 , 0.3623E+06 , 0.0000E+00 , 0.0000E+00 , 0.0000E+00 ,  1315 , -.1500E+02 , 0.5434E+06 , 0.0000E+00 , 0.0000E+00 , 0.3000E+08 , 
  260 , 0.600045E+09 ,    76 , 0.1500E+02 , 0.3623E+06 , 0.0000E+00 , 0.0000E+00 , 0.0000E+00 ,  1315 , -.1500E+02 , 0.5430E+06 , 0.0000E+00 , 0.0000E+00 , 0.3000E+08 , 
  261 , 0.603501E+09 ,    76 , 0.1500E+02 , 0.3623E+06 , 0.0000E+00 , 0.0000E+00 , 0.0000E+00 ,  1315 , -.1500E+02 , 0.5426E+06 , 0.0000E+00 , 0.0000E+00 , 0.3000E+08 , 
  262 , 0.606957E+09 ,    76 , 0.1500E+02 , 0.3623E+06 , 0.0000E+00 , 0.0000E+00 , 0.0000E+00 ,  1315 , -.1500E+02 , 0.5422E+06 , 0.0000E+00 , 0.0000E+00 , 0.3000E+08 , 
  263 , 0.610413E+09 ,    76 , 0.1500E+02 , 0.3623E+06 , 0.0000E+00 , 0.0000E+00 , 0.0000E+00 ,  1315 , -.1500E+02 , 0.5419E+06 , 0.0000E+00 , 0.0000E+00 , 0.3000E+08 , 
  264 , 0.613869E+09 ,    76 , 0.1500E+02 , 0.3623E+06 , 0.0000E+00 , 0.0000E+00 , 0.0000E+00 ,  1315 , -.1500E+02 , 0.5415E+06 , 0.0000E+00 , 0.0000E+00 , 0.3000E+08 , 
  265 , 0.617325E+09 ,    76 , 0.1500E+02 , 0.3623E+06 , 0.0000E+00 , 0.0000E+00 , 0.0000E+00 ,  1315 , -.1500E+02 , 0.5411E+06 , 0.0000E+00 , 0.0000E+00 , 0.3000E+08 , 
  266 , 0.620781E+09 ,    76 , 0.1500E+02 , 0.3623E+06 , 0.0000E+00 , 0.0000E+00 , 0.0000E+00 ,  1315 , -.1500E+02 , 0.5408E+06 , 0.0000E+00 , 0.0000E+00 , 0.3000E+08 , 
  267 , 0.624237E+09 ,    76 , 0.1500E+02 , 0.3623E+06 , 0.0000E+00 , 0.0000E+00 , 0.0000E+00 ,  1315 , -.1500E+02 , 0.5404E+06 , 0.0000E+00 , 0.0000E+00 , 0.3000E+08 , 
  268 , 0.627693E+09 ,    76 , 0.1500E+02 , 0.3623E+06 , 0.0000E+00 , 0.0000E+00 , 0.0000E+00 ,  1315 , -.1500E+02 , 0.5400E+06 , 0.0000E+00 , 0.0000E+00 , 0.3000E+08 , 
  269 , 0.631149E+09 ,    76 , 0.1500E+02 , 0.3623E+06 , 0.0000E+00 , 0.0000E+00 , 0.0000E+00 ,  1315 , -.1500E+02 , 0.5397E+06 , 0.0000E+00 , 0.0000E+00 , 0.3000E+08 , 
  270 , 0.634605E+09 ,    76 , 0.1500E+02 , 0.3623E+06 , 0.0000E+00 , 0.0000E+00 , 0.0000E+00 ,  1315 , -.1500E+02 , 0.5393E+06 , 0.0000E+00 , 0.0000E+00 , 0.3000E+08 , 
  271 , 0.638061E+09 ,    76 , 0.1500E+02 , 0.3623E+06 , 0.0000E+00 , 0.0000E+00 , 0.0000E+00 ,  1315 , -.1500E+02 , 0.5390E+06 , 0.0000E+00 , 0.0000E+00 , 0.3000E+08 , 
  272 , 0.641517E+09 ,    76 , 0.1500E+02 , 0.3623E+06 , 0.0000E+00 , 0.0000E+00 , 0.0000E+00 ,  1315 , -.1500E+02 , 0.5386E+06 , 0.0000E+00 , 0.0000E+00 , 0.3000E+08 , 
  273 , 0.644973E+09 ,    76 , 0.1500E+02 , 0.3623E+06 , 0.0000E+00 , 0.0000E+00 , 0.0000E+00 ,  1315 , -.1500E+02 , 0.5383E+06 , 0.0000E+00 , 0.0000E+00 , 0.3000E+08 , 
  274 , 0.648429E+09 ,    76 , 0.1500E+02 , 0.3623E+06 , 0.0000E+00 , 0.0000E+00 , 0.0000E+00 ,  1315 , -.1500E+02 , 0.5379E+06 , 0.0000E+00 , 0.0000E+00 , 0.3000E+08 , 
  275 , 0.651885E+09 ,    76 , 0.1500E+02 , 0.3623E+06 , 0.0000E+00 , 0.0000E+00 , 0.0000E+00 ,  1315 , -.1500E+02 , 0.5376E+06 , 0.0000E+00 , 0.0000E+00 , 0.3000E+08 , 
  276 , 0.655341E+09 ,    76 , 0.1500E+02 , 0.3623E+06 , 0.0000E+00 , 0.0000E+00 , 0.0000E+00 ,  1315 , -.1500E+02 , 0.5372E+06 , 0.0000E+00 , 0.0000E+00 , 0.3000E+08 , 
  277 , 0.658797E+09 ,    76 , 0.1500E+02 , 0.3623E+06 , 0.0000E+00 , 0.0000E+00 , 0.0000E+00 ,  1315 , -.1500E+02 , 0.5369E+06 , 0.0000E+00 , 0.0000E+00 , 0.3000E+08 , 
  278 , 0.662253E+09 ,    76 , 0.1500E+02 , 0.3623E+06 , 0.0000E+00 , 0.0000E+00 , 0.0000E+00 ,  1315 , -.1500E+02 , 0.5366E+06 , 0.0000E+00 , 0.0000E+00 , 0.3000E+08 , 
  279 , 0.665709E+09 ,    76 , 0.1500E+02 , 0.3623E+06 , 0.0000E+00 , 0.0000E+00 , 0.0000E+00 ,  1315 , -.1500E+02 , 0.5362E+06 , 0.0000E+00 , 0.0000E+00 , 0.3000E+08 , 
  280 , 0.669165E+09 ,    76 , 0.1500E+02 , 0.3623E+06 , 0.0000E+00 , 0.0000E+00 , 0.0000E+00 ,  1315 , -.1500E+02 , 0.5359E+06 , 0.0000E+00 , 0.0000E+00 , 0.3000E+08 , 
  281 , 0.672621E+09 ,    76 , 0.1500E+02 , 0.3623E+06 , 0.0000E+00 , 0.0000E+00 , 0.0000E+00 ,  1315 , -.1500E+02 , 0.5356E+06 , 0.0000E+00 , 0.0000E+00 , 0.3000E+08 , 
  282 , 0.676077E+09 ,    76 , 0.1500E+02 , 0.3623E+06 , 0.0000E+00 , 0.0000E+00 , 0.0000E+00 ,  1315 , -.1500E+02 , 0.5352E+06 , 0.0000E+00 , 0.0000E+00 , 0.3000E+08 , 
  283 , 0.679533E+09 ,    76 , 0.1500E+02 , 0.3623E+06 , 0.0000E+00 , 0.0000E+00 , 0.0000E+00 ,  1315 , -.1500E+02 , 0.5349E+06 , 0.0000E+00 , 0.0000E+00 , 0.3000E+08 , 
  284 , 0.682989E+09 ,    76 , 0.1500E+02 , 0.3623E+06 , 0.0000E+00 , 0.0000E+00 , 0.0000E+00 ,  1315 , -.1500E+02 , 0.5346E+06 , 0.0000E+00 , 0.0000E+00 , 0.3000E+08 , 
  285 , 0.686445E+09 ,    76 , 0.1500E+02 , 0.3623E+06 , 0.0000E+00 , 0.0000E+00 , 0.0000E+00 ,  1315 , -.1500E+02 , 0.5343E+06 , 0.0000E+00 , 0.0000E+00 , 0.3000E+08 , 
  286 , 0.689901E+09 ,    76 , 0.1500E+02 , 0.3623E+06 , 0.0000E+00 , 0.0000E+00 , 0.0000E+00 ,  1315 , -.1500E+02 , 0.5339E+06 , 0.0000E+00 , 0.0000E+00 , 0.3000E+08 , 
  287 , 0.693357E+09 ,    76 , 0.1500E+02 , 0.3623E+06 , 0.0000E+00 , 0.0000E+00 , 0.0000E+00 ,  1315 , -.1500E+02 , 0.5336E+06 , 0.0000E+00 , 0.0000E+00 , 0.3000E+08 , 
  288 , 0.696813E+09 ,    76 , 0.1500E+02 , 0.3623E+06 , 0.0000E+00 , 0.0000E+00 , 0.0000E+00 ,  1315 , -.1500E+02 , 0.5333E+06 , 0.0000E+00 , 0.0000E+00 , 0.3000E+08 , 
  289 , 0.700269E+09 ,    76 , 0.1500E+02 , 0.3623E+06 , 0.0000E+00 , 0.0000E+00 , 0.0000E+00 ,  1315 , -.1500E+02 , 0.5330E+06 , 0.0000E+00 , 0.0000E+00 , 0.3000E+08 , 
  290 , 0.703725E+09 ,    76 , 0.1500E+02 , 0.3623E+06 , 0.0000E+00 , 0.0000E+00 , 0.0000E+00 ,  1315 , -.1500E+02 , 0.5327E+06 , 0.0000E+00 , 0.0000E+00 , 0.3000E+08 , 
  291 , 0.707181E+09 ,    76 , 0.1500E+02 , 0.3623E+06 , 0.0000E+00 , 0.0000E+00 , 0.0000E+00 ,  1315 , -.1500E+02 , 0.5324E+06 , 0.0000E+00 , 0.0000E+00 , 0.3000E+08 , 
  292 , 0.710637E+09 ,    76 , 0.1500E+02 , 0.3623E+06 , 0.0000E+00 , 0.0000E+00 , 0.0000E+00 ,  1315 , -.1500E+02 , 0.5320E+06 , 0.0000E+00 , 0.0000E+00 , 0.3000E+08 , 
  293 , 0.714093E+09 ,    76 , 0.1500E+02 , 0.3623E+06 , 0.0000E+00 , 0.0000E+00 , 0.0000E+00 ,  1315 , -.1500E+02 , 0.5317E+06 , 0.0000E+00 , 0.0000E+00 , 0.3000E+08 , 
  294 , 0.717549E+09 ,    76 , 0.1500E+02 , 0.3623E+06 , 0.0000E+00 , 0.0000E+00 , 0.0000E+00 ,  1315 , -.1500E+02 , 0.5314E+06 , 0.0000E+00 , 0.0000E+00 , 0.3000E+08 , 
  295 , 0.721005E+09 ,    76 , 0.1500E+02 , 0.3623E+06 , 0.0000E+00 , 0.0000E+00 , 0.0000E+00 ,  1315 , -.1500E+02 , 0.5311E+06 , 0.0000E+00 , 0.0000E+00 , 0.3000E+08 , 
  296 , 0.724461E+09 ,    76 , 0.1500E+02 , 0.3623E+06 , 0.0000E+00 , 0.0000E+00 , 0.0000E+00 ,  1315 , -.1500E+02 , 0.5308E+06 , 0.0000E+00 , 0.0000E+00 , 0.3000E+08 , 
  297 , 0.727917E+09 ,    76 , 0.1500E+02 , 0.3623E+06 , 0.0000E+00 , 0.0000E+00 , 0.0000E+00 ,  1315 , -.1500E+02 , 0.5305E+06 , 0.0000E+00 , 0.0000E+00 , 0.3000E+08 , 
  298 , 0.731373E+09 ,    76 , 0.1500E+02 , 0.3623E+06 , 0.0000E+00 , 0.0000E+00 , 0.0000E+00 ,  1315 , -.1500E+02 , 0.5302E+06 , 0.0000E+00 , 0.0000E+00 , 0.3000E+08 , 
  299 , 0.734829E+09 ,    76 , 0.1500E+02 , 0.3623E+06 , 0.0000E+00 , 0.0000E+00 , 0.0000E+00 ,  1315 , -.1500E+02 , 0.5299E+06 , 0.0000E+00 , 0.0000E+00 , 0.3000E+08 , 
  300 , 0.738285E+09 ,    76 , 0.1500E+02 , 0.3623E+06 , 0.0000E+00 , 0.0000E+00 , 0.0000E+00 ,  1315 , -.1500E+02 , 0.5296E+06 , 0.0000E+00 , 0.0000E+00 , 0.3000E+08 , 
  301 , 0.741741E+09 ,    76 , 0.1500E+02 , 0.3623E+06 , 0.0000E+00 , 0.0000E+00 , 0.0000E+00 ,  1315 , -.1500E+02 , 0.5293E+06 , 0.0000E+00 , 0.0000E+00 , 0.3000E+08 , 
  302 , 0.745197E+09 ,    76 , 0.1500E+02 , 0.3623E+06 , 0.0000E+00 , 0.0000E+00 , 0.0000E+00 ,  1315 , -.1500E+02 , 0.5291E+06 , 0.0000E+00 , 0.0000E+00 , 0.3000E+08 , 
  303 , 0.748653E+09 ,    76 , 0.1500E+02 , 0.3623E+06 , 0.0000E+00 , 0.0000E+00 , 0.0000E+00 ,  1315 , -.1500E+02 , 0.5288E+06 , 0.0000E+00 , 0.0000E+00 , 0.3000E+08 , 
  304 , 0.752109E+09 ,    76 , 0.1500E+02 , 0.3623E+06 , 0.0000E+00 , 0.0000E+00 , 0.0000E+00 ,  1315 , -.1500E+02 , 0.5285E+06 , 0.0000E+00 , 0.0000E+00 , 0.3000E+08 , 
  305 , 0.755565E+09 ,    76 , 0.1500E+02 , 0.3623E+06 , 0.0000E+00 , 0.0000E+00 , 0.0000E+00 ,  1315 , -.1500E+02 , 0.5282E+06 , 0.0000E+00 , 0.0000E+00 , 0.3000E+08 , 
  306 , 0.759021E+09 ,    76 , 0.1500E+02 , 0.3623E+06 , 0.0000E+00 , 0.0000E+00 , 0.0000E+00 ,  1315 , -.1500E+02 , 0.5279E+06 , 0.0000E+00 , 0.0000E+00 , 0.3000E+08 , 
  307 , 0.762477E+09 ,    76 , 0.1500E+02 , 0.3623E+06 , 0.0000E+00 , 0.0000E+00 , 0.0000E+00 ,  1315 , -.1500E+02 , 0.5276E+06 , 0.0000E+00 , 0.0000E+00 , 0.3000E+08 , 
  308 , 0.765933E+09 ,    76 , 0.1500E+02 , 0.3623E+06 , 0.0000E+00 , 0.0000E+00 , 0.0000E+00 ,  1315 , -.1500E+02 , 0.5273E+06 , 0.0000E+00 , 0.0000E+00 , 0.3000E+08 , 
  309 , 0.769389E+09 ,    76 , 0.1500E+02 , 0.3623E+06 , 0.0000E+00 , 0.0000E+00 , 0.0000E+00 ,  1315 , -.1500E+02 , 0.5271E+06 , 0.0000E+00 , 0.0000E+00 , 0.3000E+08 , 
  310 , 0.772845E+09 ,    76 , 0.1500E+02 , 0.3623E+06 , 0.0000E+00 , 0.0000E+00 , 0.0000E+00 ,  1315 , -.1500E+02 , 0.5268E+06 , 0.0000E+00 , 0.0000E+00 , 0.3000E+08 , 
  311 , 0.776301E+09 ,    76 , 0.1500E+02 , 0.3623E+06 , 0.0000E+00 , 0.0000E+00 , 0.0000E+00 ,  1315 , -.1500E+02 , 0.5265E+06 , 0.0000E+00 , 0.0000E+00 , 0.3000E+08 , 
  312 , 0.779757E+09 ,    76 , 0.1500E+02 , 0.3623E+06 , 0.0000E+00 , 0.0000E+00 , 0.0000E+00 ,  1315 , -.1500E+02 , 0.5262E+06 , 0.0000E+00 , 0.0000E+00 , 0.3000E+08 , 
  313 , 0.783213E+09 ,    76 , 0.1500E+02 , 0.3623E+06 , 0.0000E+00 , 0.0000E+00 , 0.0000E+00 ,  1315 , -.1500E+02 , 0.5260E+06 , 0.0000E+00 , 0.0000E+00 , 0.3000E+08 , 
  314 , 0.786669E+09 ,    76 , 0.1500E+02 , 0.3623E+06 , 0.0000E+00 , 0.0000E+00 , 0.0000E+00 ,  1315 , -.1500E+02 , 0.5257E+06 , 0.0000E+00 , 0.0000E+00 , 0.3000E+08 , 
  315 , 0.790125E+09 ,    76 , 0.1500E+02 , 0.3623E+06 , 0.0000E+00 , 0.0000E+00 , 0.0000E+00 ,  1315 , -.1500E+02 , 0.5254E+06 , 0.0000E+00 , 0.0000E+00 , 0.3000E+08 , 
  316 , 0.793581E+09 ,    76 , 0.1500E+02 , 0.3623E+06 , 0.0000E+00 , 0.0000E+00 , 0.0000E+00 ,  1315 , -.1500E+02 , 0.5251E+06 , 0.0000E+00 , 0.0000E+00 , 0.3000E+08 , 
  317 , 0.797037E+09 ,    76 , 0.1500E+02 , 0.3623E+06 , 0.0000E+00 , 0.0000E+00 , 0.0000E+00 ,  1315 , -.1500E+02 , 0.5249E+06 , 0.0000E+00 , 0.0000E+00 , 0.3000E+08 , 
  318 , 0.800493E+09 ,    76 , 0.1500E+02 , 0.3623E+06 , 0.0000E+00 , 0.0000E+00 , 0.0000E+00 ,  1315 , -.1500E+02 , 0.5246E+06 , 0.0000E+00 , 0.0000E+00 , 0.3000E+08 , 
  319 , 0.803949E+09 ,    76 , 0.1500E+02 , 0.3623E+06 , 0.0000E+00 , 0.0000E+00 , 0.0000E+00 ,  1315 , -.1500E+02 , 0.5243E+06 , 0.0000E+00 , 0.0000E+00 , 0.3000E+08 , 
  320 , 0.807405E+09 ,    76 , 0.1500E+02 , 0.3623E+06 , 0.0000E+00 , 0.0000E+00 , 0.0000E+00 ,  1315 , -.1500E+02 , 0.5241E+06 , 0.0000E+00 , 0.0000E+00 , 0.3000E+08 , 
  321 , 0.810861E+09 ,    76 , 0.1500E+02 , 0.3623E+06 , 0.0000E+00 , 0.0000E+00 , 0.0000E+00 ,  1315 , -.1500E+02 , 0.5238E+06 , 0.0000E+00 , 0.0000E+00 , 0.3000E+08 , 
  322 , 0.814317E+09 ,    76 , 0.1500E+02 , 0.3623E+06 , 0.0000E+00 , 0.0000E+00 , 0.0000E+00 ,  1315 , -.1500E+02 , 0.5236E+06 , 0.0000E+00 , 0.0000E+00 , 0.3000E+08 , 
  323 , 0.817773E+09 ,    76 , 0.1500E+02 , 0.3623E+06 , 0.0000E+00 , 0.0000E+00 , 0.0000E+00 ,  1315 , -.1500E+02 , 0.5233E+06 , 0.0000E+00 , 0.0000E+00 , 0.3000E+08 , 
  324 , 0.821229E+09 ,    76 , 0.1500E+02 , 0.3623E+06 , 0.0000E+00 , 0.0000E+00 , 0.0000E+00 ,  1315 , -.1500E+02 , 0.5230E+06 , 0.0000E+00 , 0.0000E+00 , 0.3000E+08 , 
  325 , 0.824685E+09 ,    76 , 0.1500E+02 , 0.3623E+06 , 0.0000E+00 , 0.0000E+00 , 0.0000E+00 ,  1315 , -.1500E+02 , 0.5228E+06 , 0.0000E+00 , 0.0000E+00 , 0.3000E+08 , 
  326 , 0.828141E+09 ,    76 , 0.1500E+02 , 0.3623E+06 , 0.0000E+00 , 0.0000E+00 , 0.0000E+00 ,  1315 , -.1500E+02 , 0.5225E+06 , 0.0000E+00 , 0.0000E+00 , 0.3000E+08 , 
  327 , 0.831597E+09 ,    76 , 0.1500E+02 , 0.3623E+06 , 0.0000E+00 , 0.0000E+00 , 0.0000E+00 ,  1315 , -.1500E+02 , 0.5223E+06 , 0.0000E+00 , 0.0000E+00 , 0.3000E+08 , 
  328 , 0.835053E+09 ,    76 , 0.1500E+02 , 0.3623E+06 , 0.0000E+00 , 0.0000E+00 , 0.0000E+00 ,  1315 , -.1500E+02 , 0.5220E+06 , 0.0000E+00 , 0.0000E+00 , 0.3000E+08 , 
  329 , 0.838509E+09 ,    76 , 0.1500E+02 , 0.3623E+06 , 0.0000E+00 , 0.0000E+00 , 0.0000E+00 ,  1315 , -.1500E+02 , 0.5218E+06 , 0.0000E+00 , 0.0000E+00 , 0.3000E+08 , 
  330 , 0.841965E+09 ,    76 , 0.1500E+02 , 0.3623E+06 , 0.0000E+00 , 0.0000E+00 , 0.0000E+00 ,  1315 , -.1500E+02 , 0.5215E+06 , 0.0000E+00 , 0.0000E+00 , 0.3000E+08 , 
  331 , 0.845421E+09 ,    76 , 0.1500E+02 , 0.3623E+06 , 0.0000E+00 , 0.0000E+00 , 0.0000E+00 ,  1315 , -.1500E+02 , 0.5213E+06 , 0.0000E+00 , 0.0000E+00 , 0.3000E+08 , 
  332 , 0.848877E+09 ,    76 , 0.1500E+02 , 0.3623E+06 , 0.0000E+00 , 0.0000E+00 , 0.0000E+00 ,  1315 , -.1500E+02 , 0.5210E+06 , 0.0000E+00 , 0.0000E+00 , 0.3000E+08 , 
  333 , 0.852333E+09 ,    76 , 0.1500E+02 , 0.3623E+06 , 0.0000E+00 , 0.0000E+00 , 0.0000E+00 ,  1315 , -.1500E+02 , 0.5208E+06 , 0.0000E+00 , 0.0000E+00 , 0.3000E+08 , 
  334 , 0.855789E+09 ,    76 , 0.1500E+02 , 0.3623E+06 , 0.0000E+00 , 0.0000E+00 , 0.0000E+00 ,  1315 , -.1500E+02 , 0.5205E+06 , 0.0000E+00 , 0.0000E+00 , 0.3000E+08 , 
  335 , 0.859245E+09 ,    76 , 0.1500E+02 , 0.3623E+06 , 0.0000E+00 , 0.0000E+00 , 0.0000E+00 ,  1315 , -.1500E+02 , 0.5203E+06 , 0.0000E+00 , 0.0000E+00 , 0.3000E+08 , 
  336 , 0.862701E+09 ,    76 , 0.1500E+02 , 0.3623E+06 , 0.0000E+00 , 0.0000E+00 , 0.0000E+00 ,  1315 , -.1500E+02 , 0.5200E+06 , 0.0000E+00 , 0.0000E+00 , 0.3000E+08 , 
  337 , 0.864000E+09 ,    76 , 0.1500E+02 , 0.3623E+06 , 0.0000E+00 , 0.0000E+00 , 0.0000E+00 ,  1315 , -.1500E+02 , 0.5200E+06 , 0.0000E+00 , 0.0000E+00 , 0.3000E+08 , 
