
          ----Time evolution at specified elements----

   Unit: 
    - Aqueous species: Total concencentrations in mol/L     
    - Component in dry nodes in mol/L medium

ELEM    Time(day)      P(bar)        Sg         Sl      pH    I.STR         aH2O   Porosity  Perm(m^2)   t_tracer    chg.bal.(eq
00D15 0.200116E+00  0.3000E+03 0.0000E+00 0.1000E+01   5.645  0.2219E-05  0.1000E+01  1.00000  0.8330E-07  0.9770E-03  0.9999E-07
00D15 0.200347E+00  0.3000E+03 0.0000E+00 0.1000E+01   5.645  0.2219E-05  0.1000E+01  1.00000  0.8330E-07  0.9733E-03  0.9999E-07
00D15 0.200810E+00  0.3000E+03 0.0000E+00 0.1000E+01   5.645  0.2219E-05  0.1000E+01  1.00000  0.8330E-07  0.9659E-03  0.9999E-07
00D15 0.201736E+00  0.3000E+03 0.0000E+00 0.1000E+01   5.645  0.2219E-05  0.1000E+01  1.00000  0.8330E-07  0.9515E-03  0.9999E-07
00D15 0.203588E+00  0.3000E+03 0.0000E+00 0.1000E+01   5.645  0.2219E-05  0.1000E+01  1.00000  0.8330E-07  0.9240E-03  0.9999E-07
00D15 0.207292E+00  0.3000E+03 0.0000E+00 0.1000E+01   5.645  0.2219E-05  0.1000E+01  1.00000  0.8330E-07  0.8735E-03  0.9999E-07
00D15 0.214699E+00  0.3000E+03 0.0000E+00 0.1000E+01   5.645  0.2219E-05  0.1000E+01  1.00000  0.8330E-07  0.7875E-03  0.9999E-07
00D15 0.229514E+00  0.3000E+03 0.0000E+00 0.1000E+01   5.645  0.2219E-05  0.1000E+01  1.00000  0.8330E-07  0.6575E-03  0.9999E-07
00D15 0.259144E+00  0.3000E+03 0.0000E+00 0.1000E+01   5.645  0.2219E-05  0.1000E+01  1.00000  0.8330E-07  0.4935E-03  0.9999E-07
00D15 0.318403E+00  0.3000E+03 0.0000E+00 0.1000E+01   5.645  0.2219E-05  0.1000E+01  1.00000  0.8330E-07  0.3286E-03  0.9999E-07
00D15 0.436921E+00  0.3000E+03 0.0000E+00 0.1000E+01   5.645  0.2219E-05  0.1000E+01  1.00000  0.8330E-07  0.1934E-03  0.9999E-07
00D15 0.500000E+00  0.3000E+03 0.0000E+00 0.1000E+01   5.645  0.2219E-05  0.1000E+01  1.00000  0.8330E-07  0.1482E-03  0.1000E-06
00D15 0.626157E+00  0.3000E+03 0.0000E+00 0.1000E+01   5.645  0.2219E-05  0.1000E+01  1.00000  0.8330E-07  0.9937E-04  0.1000E-06
00D15 0.878472E+00  0.3000E+03 0.0000E+00 0.1000E+01   5.645  0.2219E-05  0.1000E+01  1.00000  0.8330E-07  0.5574E-04  0.1000E-06
00D15 0.138310E+01  0.3000E+03 0.0000E+00 0.1000E+01   5.645  0.2219E-05  0.1000E+01  1.00000  0.8330E-07  0.2430E-04  0.1000E-06
00D15 0.239236E+01  0.3000E+03 0.0000E+00 0.1000E+01   5.645  0.2219E-05  0.1000E+01  1.00000  0.8330E-07  0.7393E-05  0.1000E-06
00D15 0.441088E+01  0.3000E+03 0.0000E+00 0.1000E+01   5.645  0.2219E-05  0.1000E+01  1.00000  0.8330E-07  0.1478E-05  0.1000E-06
00D15 0.844792E+01  0.3000E+03 0.0000E+00 0.1000E+01   5.645  0.2219E-05  0.1000E+01  1.00000  0.8330E-07  0.2042E-06  0.1000E-06
00D15 0.165220E+02  0.3000E+03 0.0000E+00 0.1000E+01   5.645  0.2219E-05  0.1000E+01  1.00000  0.8330E-07  0.2156E-07  0.1000E-06
00D15 0.326701E+02  0.3000E+03 0.0000E+00 0.1000E+01   5.645  0.2219E-05  0.1000E+01  1.00000  0.8330E-07  0.2071E-08  0.1000E-06
00D15 0.649664E+02  0.3000E+03 0.0000E+00 0.1000E+01   5.645  0.2219E-05  0.1000E+01  1.00000  0.8330E-07  0.3162E-09  0.1000E-06
00D15 0.104966E+03  0.3000E+03 0.0000E+00 0.1000E+01   5.645  0.2219E-05  0.1000E+01  1.00000  0.8330E-07  0.1373E-09  0.1000E-06
00D15 0.144966E+03  0.3000E+03 0.0000E+00 0.1000E+01   5.645  0.2219E-05  0.1000E+01  1.00000  0.8330E-07  0.1079E-09  0.1000E-06
00D15 0.184966E+03  0.3000E+03 0.0000E+00 0.1000E+01   5.645  0.2219E-05  0.1000E+01  1.00000  0.8330E-07  0.1018E-09  0.1000E-06
00D15 0.224966E+03  0.3000E+03 0.0000E+00 0.1000E+01   5.645  0.2219E-05  0.1000E+01  1.00000  0.8330E-07  0.1004E-09  0.1000E-06
00D15 0.264966E+03  0.3000E+03 0.0000E+00 0.1000E+01   5.645  0.2219E-05  0.1000E+01  1.00000  0.8330E-07  0.1001E-09  0.1000E-06
00D15 0.304966E+03  0.3000E+03 0.0000E+00 0.1000E+01   5.645  0.2219E-05  0.1000E+01  1.00000  0.8330E-07  0.1000E-09  0.1000E-06
00D15 0.344966E+03  0.3000E+03 0.0000E+00 0.1000E+01   5.645  0.2219E-05  0.1000E+01  1.00000  0.8330E-07  0.1000E-09  0.1000E-06
00D15 0.384966E+03  0.3000E+03 0.0000E+00 0.1000E+01   5.645  0.2219E-05  0.1000E+01  1.00000  0.8330E-07  0.1000E-09  0.1000E-06
00D15 0.424966E+03  0.3000E+03 0.0000E+00 0.1000E+01   5.645  0.2219E-05  0.1000E+01  1.00000  0.8330E-07  0.1000E-09  0.1000E-06
00D15 0.464966E+03  0.3000E+03 0.0000E+00 0.1000E+01   5.645  0.2219E-05  0.1000E+01  1.00000  0.8330E-07  0.1000E-09  0.1000E-06
00D15 0.504966E+03  0.3000E+03 0.0000E+00 0.1000E+01   5.645  0.2219E-05  0.1000E+01  1.00000  0.8330E-07  0.1000E-09  0.1000E-06
00D15 0.544966E+03  0.3000E+03 0.0000E+00 0.1000E+01   5.645  0.2219E-05  0.1000E+01  1.00000  0.8330E-07  0.1000E-09  0.1000E-06
00D15 0.584966E+03  0.3000E+03 0.0000E+00 0.1000E+01   5.645  0.2219E-05  0.1000E+01  1.00000  0.8330E-07  0.1000E-09  0.1000E-06
00D15 0.624966E+03  0.3000E+03 0.0000E+00 0.1000E+01   5.645  0.2219E-05  0.1000E+01  1.00000  0.8330E-07  0.1000E-09  0.1000E-06
00D15 0.664966E+03  0.3000E+03 0.0000E+00 0.1000E+01   5.645  0.2219E-05  0.1000E+01  1.00000  0.8330E-07  0.1000E-09  0.1000E-06
00D15 0.704966E+03  0.3000E+03 0.0000E+00 0.1000E+01   5.645  0.2219E-05  0.1000E+01  1.00000  0.8330E-07  0.1000E-09  0.1000E-06
00D15 0.744966E+03  0.3000E+03 0.0000E+00 0.1000E+01   5.645  0.2219E-05  0.1000E+01  1.00000  0.8330E-07  0.1000E-09  0.1000E-06
00D15 0.784966E+03  0.3000E+03 0.0000E+00 0.1000E+01   5.645  0.2219E-05  0.1000E+01  1.00000  0.8330E-07  0.1000E-09  0.1000E-06
00D15 0.824966E+03  0.3000E+03 0.0000E+00 0.1000E+01   5.645  0.2219E-05  0.1000E+01  1.00000  0.8330E-07  0.1000E-09  0.1000E-06
00D15 0.864966E+03  0.3000E+03 0.0000E+00 0.1000E+01   5.645  0.2219E-05  0.1000E+01  1.00000  0.8330E-07  0.1000E-09  0.1000E-06
00D15 0.904966E+03  0.3000E+03 0.0000E+00 0.1000E+01   5.645  0.2219E-05  0.1000E+01  1.00000  0.8330E-07  0.1000E-09  0.1000E-06
00D15 0.944966E+03  0.3000E+03 0.0000E+00 0.1000E+01   5.645  0.2219E-05  0.1000E+01  1.00000  0.8330E-07  0.1000E-09  0.1000E-06
00D15 0.984966E+03  0.3000E+03 0.0000E+00 0.1000E+01   5.645  0.2219E-05  0.1000E+01  1.00000  0.8330E-07  0.1000E-09  0.1000E-06
00D15 0.102497E+04  0.3000E+03 0.0000E+00 0.1000E+01   5.645  0.2219E-05  0.1000E+01  1.00000  0.8330E-07  0.1000E-09  0.1000E-06
00D15 0.106497E+04  0.3000E+03 0.0000E+00 0.1000E+01   5.645  0.2219E-05  0.1000E+01  1.00000  0.8330E-07  0.1000E-09  0.1000E-06
00D15 0.110497E+04  0.3000E+03 0.0000E+00 0.1000E+01   5.645  0.2219E-05  0.1000E+01  1.00000  0.8330E-07  0.1000E-09  0.1000E-06
00D15 0.114497E+04  0.3000E+03 0.0000E+00 0.1000E+01   5.645  0.2219E-05  0.1000E+01  1.00000  0.8330E-07  0.1000E-09  0.1000E-06
00D15 0.118497E+04  0.3000E+03 0.0000E+00 0.1000E+01   5.645  0.2219E-05  0.1000E+01  1.00000  0.8330E-07  0.1000E-09  0.1000E-06
00D15 0.122497E+04  0.3000E+03 0.0000E+00 0.1000E+01   5.645  0.2219E-05  0.1000E+01  1.00000  0.8330E-07  0.1000E-09  0.1000E-06
00D15 0.126497E+04  0.3000E+03 0.0000E+00 0.1000E+01   5.645  0.2219E-05  0.1000E+01  1.00000  0.8330E-07  0.1000E-09  0.1000E-06
00D15 0.130497E+04  0.3001E+03 0.0000E+00 0.1000E+01   5.645  0.2219E-05  0.1000E+01  1.00000  0.8330E-07  0.1000E-09  0.1000E-06
00D15 0.134497E+04  0.3001E+03 0.0000E+00 0.1000E+01   5.645  0.2219E-05  0.1000E+01  1.00000  0.8330E-07  0.1000E-09  0.1000E-06
00D15 0.138497E+04  0.3001E+03 0.0000E+00 0.1000E+01   5.645  0.2219E-05  0.1000E+01  1.00000  0.8330E-07  0.1000E-09  0.1000E-06
00D15 0.142497E+04  0.3001E+03 0.0000E+00 0.1000E+01   5.645  0.2219E-05  0.1000E+01  1.00000  0.8330E-07  0.1000E-09  0.1000E-06
00D15 0.146497E+04  0.3001E+03 0.0000E+00 0.1000E+01   5.645  0.2219E-05  0.1000E+01  1.00000  0.8330E-07  0.1000E-09  0.1000E-06
00D15 0.150497E+04  0.3001E+03 0.0000E+00 0.1000E+01   5.645  0.2219E-05  0.1000E+01  1.00000  0.8330E-07  0.1000E-09  0.1000E-06
00D15 0.154497E+04  0.3001E+03 0.0000E+00 0.1000E+01   5.645  0.2219E-05  0.1000E+01  1.00000  0.8330E-07  0.1000E-09  0.1000E-06
00D15 0.158497E+04  0.3001E+03 0.0000E+00 0.1000E+01   5.645  0.2219E-05  0.1000E+01  1.00000  0.8330E-07  0.1000E-09  0.1000E-06
00D15 0.162497E+04  0.3001E+03 0.0000E+00 0.1000E+01   5.645  0.2219E-05  0.1000E+01  1.00000  0.8330E-07  0.1000E-09  0.1000E-06
00D15 0.166497E+04  0.3001E+03 0.0000E+00 0.1000E+01   5.645  0.2219E-05  0.1000E+01  1.00000  0.8330E-07  0.1000E-09  0.1000E-06
00D15 0.170497E+04  0.3001E+03 0.0000E+00 0.1000E+01   5.645  0.2219E-05  0.1000E+01  1.00000  0.8330E-07  0.1000E-09  0.1000E-06
00D15 0.174497E+04  0.3001E+03 0.0000E+00 0.1000E+01   5.645  0.2219E-05  0.1000E+01  1.00000  0.8330E-07  0.1000E-09  0.1000E-06
00D15 0.178497E+04  0.3001E+03 0.0000E+00 0.1000E+01   5.645  0.2219E-05  0.1000E+01  1.00000  0.8330E-07  0.1000E-09  0.1000E-06
00D15 0.182497E+04  0.3001E+03 0.0000E+00 0.1000E+01   5.645  0.2219E-05  0.1000E+01  1.00000  0.8330E-07  0.1000E-09  0.1000E-06
00D15 0.186497E+04  0.3001E+03 0.0000E+00 0.1000E+01   5.645  0.2219E-05  0.1000E+01  1.00000  0.8330E-07  0.1000E-09  0.1000E-06
00D15 0.190497E+04  0.3001E+03 0.0000E+00 0.1000E+01   5.645  0.2219E-05  0.1000E+01  1.00000  0.8330E-07  0.1000E-09  0.1000E-06
00D15 0.194497E+04  0.3001E+03 0.0000E+00 0.1000E+01   5.645  0.2219E-05  0.1000E+01  1.00000  0.8330E-07  0.1000E-09  0.1000E-06
00D15 0.198497E+04  0.3001E+03 0.0000E+00 0.1000E+01   5.645  0.2219E-05  0.1000E+01  1.00000  0.8330E-07  0.1000E-09  0.1000E-06
00D15 0.202497E+04  0.3001E+03 0.0000E+00 0.1000E+01   5.645  0.2219E-05  0.1000E+01  1.00000  0.8330E-07  0.1000E-09  0.1000E-06
00D15 0.206497E+04  0.3001E+03 0.0000E+00 0.1000E+01   5.645  0.2219E-05  0.1000E+01  1.00000  0.8330E-07  0.1000E-09  0.1000E-06
00D15 0.210497E+04  0.3001E+03 0.0000E+00 0.1000E+01   5.645  0.2219E-05  0.1000E+01  1.00000  0.8330E-07  0.1000E-09  0.1000E-06
00D15 0.214497E+04  0.3001E+03 0.0000E+00 0.1000E+01   5.645  0.2219E-05  0.1000E+01  1.00000  0.8330E-07  0.1000E-09  0.1000E-06
00D15 0.218497E+04  0.3001E+03 0.0000E+00 0.1000E+01   5.645  0.2219E-05  0.1000E+01  1.00000  0.8330E-07  0.1000E-09  0.1000E-06
00D15 0.222497E+04  0.3001E+03 0.0000E+00 0.1000E+01   5.645  0.2219E-05  0.1000E+01  1.00000  0.8330E-07  0.1000E-09  0.1000E-06
00D15 0.226497E+04  0.3001E+03 0.0000E+00 0.1000E+01   5.645  0.2219E-05  0.1000E+01  1.00000  0.8330E-07  0.1000E-09  0.1000E-06
00D15 0.230497E+04  0.3001E+03 0.0000E+00 0.1000E+01   5.645  0.2219E-05  0.1000E+01  1.00000  0.8330E-07  0.1000E-09  0.1000E-06
00D15 0.234497E+04  0.3001E+03 0.0000E+00 0.1000E+01   5.645  0.2219E-05  0.1000E+01  1.00000  0.8330E-07  0.1000E-09  0.1000E-06
00D15 0.238497E+04  0.3001E+03 0.0000E+00 0.1000E+01   5.645  0.2219E-05  0.1000E+01  1.00000  0.8330E-07  0.1000E-09  0.1000E-06
00D15 0.242497E+04  0.3001E+03 0.0000E+00 0.1000E+01   5.645  0.2219E-05  0.1000E+01  1.00000  0.8330E-07  0.1000E-09  0.1000E-06
00D15 0.246497E+04  0.3001E+03 0.0000E+00 0.1000E+01   5.645  0.2219E-05  0.1000E+01  1.00000  0.8330E-07  0.1000E-09  0.1000E-06
00D15 0.250497E+04  0.3001E+03 0.0000E+00 0.1000E+01   5.645  0.2219E-05  0.1000E+01  1.00000  0.8330E-07  0.1000E-09  0.1000E-06
00D15 0.254497E+04  0.3001E+03 0.0000E+00 0.1000E+01   5.645  0.2219E-05  0.1000E+01  1.00000  0.8330E-07  0.1000E-09  0.1000E-06
00D15 0.258497E+04  0.3001E+03 0.0000E+00 0.1000E+01   5.645  0.2219E-05  0.1000E+01  1.00000  0.8330E-07  0.1000E-09  0.1000E-06
00D15 0.262497E+04  0.3001E+03 0.0000E+00 0.1000E+01   5.645  0.2219E-05  0.1000E+01  1.00000  0.8330E-07  0.1000E-09  0.1000E-06
00D15 0.266497E+04  0.3001E+03 0.0000E+00 0.1000E+01   5.645  0.2219E-05  0.1000E+01  1.00000  0.8330E-07  0.1000E-09  0.1000E-06
00D15 0.270497E+04  0.3001E+03 0.0000E+00 0.1000E+01   5.645  0.2219E-05  0.1000E+01  1.00000  0.8330E-07  0.1000E-09  0.1000E-06
00D15 0.274497E+04  0.3001E+03 0.0000E+00 0.1000E+01   5.645  0.2219E-05  0.1000E+01  1.00000  0.8330E-07  0.1000E-09  0.1000E-06
00D15 0.278497E+04  0.3001E+03 0.0000E+00 0.1000E+01   5.645  0.2219E-05  0.1000E+01  1.00000  0.8330E-07  0.1000E-09  0.1000E-06
00D15 0.282497E+04  0.3001E+03 0.0000E+00 0.1000E+01   5.645  0.2219E-05  0.1000E+01  1.00000  0.8330E-07  0.1000E-09  0.1000E-06
00D15 0.286497E+04  0.3001E+03 0.0000E+00 0.1000E+01   5.645  0.2219E-05  0.1000E+01  1.00000  0.8330E-07  0.1000E-09  0.1000E-06
00D15 0.290497E+04  0.3001E+03 0.0000E+00 0.1000E+01   5.645  0.2219E-05  0.1000E+01  1.00000  0.8330E-07  0.1000E-09  0.1000E-06
00D15 0.294497E+04  0.3001E+03 0.0000E+00 0.1000E+01   5.645  0.2219E-05  0.1000E+01  1.00000  0.8330E-07  0.1000E-09  0.1000E-06
00D15 0.298497E+04  0.3001E+03 0.0000E+00 0.1000E+01   5.645  0.2219E-05  0.1000E+01  1.00000  0.8330E-07  0.1000E-09  0.1000E-06
00D15 0.302497E+04  0.3001E+03 0.0000E+00 0.1000E+01   5.645  0.2219E-05  0.1000E+01  1.00000  0.8330E-07  0.1000E-09  0.1000E-06
00D15 0.306497E+04  0.3001E+03 0.0000E+00 0.1000E+01   5.645  0.2219E-05  0.1000E+01  1.00000  0.8330E-07  0.1000E-09  0.1000E-06
00D15 0.310497E+04  0.3001E+03 0.0000E+00 0.1000E+01   5.645  0.2219E-05  0.1000E+01  1.00000  0.8330E-07  0.1000E-09  0.1000E-06
00D15 0.314497E+04  0.3001E+03 0.0000E+00 0.1000E+01   5.645  0.2219E-05  0.1000E+01  1.00000  0.8330E-07  0.1000E-09  0.1000E-06
00D15 0.318497E+04  0.3001E+03 0.0000E+00 0.1000E+01   5.645  0.2219E-05  0.1000E+01  1.00000  0.8330E-07  0.1000E-09  0.1000E-06
00D15 0.322497E+04  0.3001E+03 0.0000E+00 0.1000E+01   5.645  0.2219E-05  0.1000E+01  1.00000  0.8330E-07  0.1000E-09  0.1000E-06
00D15 0.326497E+04  0.3001E+03 0.0000E+00 0.1000E+01   5.645  0.2219E-05  0.1000E+01  1.00000  0.8330E-07  0.1000E-09  0.1000E-06
00D15 0.330497E+04  0.3001E+03 0.0000E+00 0.1000E+01   5.645  0.2219E-05  0.1000E+01  1.00000  0.8330E-07  0.1000E-09  0.1000E-06
00D15 0.334497E+04  0.3001E+03 0.0000E+00 0.1000E+01   5.645  0.2219E-05  0.1000E+01  1.00000  0.8330E-07  0.1000E-09  0.1000E-06
00D15 0.338497E+04  0.3001E+03 0.0000E+00 0.1000E+01   5.645  0.2219E-05  0.1000E+01  1.00000  0.8330E-07  0.1000E-09  0.1000E-06
00D15 0.342497E+04  0.3001E+03 0.0000E+00 0.1000E+01   5.645  0.2219E-05  0.1000E+01  1.00000  0.8330E-07  0.1000E-09  0.1000E-06
00D15 0.346497E+04  0.3001E+03 0.0000E+00 0.1000E+01   5.645  0.2219E-05  0.1000E+01  1.00000  0.8330E-07  0.1000E-09  0.1000E-06
00D15 0.350497E+04  0.3001E+03 0.0000E+00 0.1000E+01   5.645  0.2219E-05  0.1000E+01  1.00000  0.8330E-07  0.1000E-09  0.1000E-06
00D15 0.354497E+04  0.3001E+03 0.0000E+00 0.1000E+01   5.645  0.2219E-05  0.1000E+01  1.00000  0.8330E-07  0.1000E-09  0.1000E-06
00D15 0.358497E+04  0.3001E+03 0.0000E+00 0.1000E+01   5.645  0.2219E-05  0.1000E+01  1.00000  0.8330E-07  0.1000E-09  0.1000E-06
00D15 0.362497E+04  0.3001E+03 0.0000E+00 0.1000E+01   5.645  0.2219E-05  0.1000E+01  1.00000  0.8330E-07  0.1000E-09  0.1000E-06
00D15 0.366497E+04  0.3001E+03 0.0000E+00 0.1000E+01   5.645  0.2219E-05  0.1000E+01  1.00000  0.8330E-07  0.1000E-09  0.1000E-06
00D15 0.370497E+04  0.3001E+03 0.0000E+00 0.1000E+01   5.645  0.2219E-05  0.1000E+01  1.00000  0.8330E-07  0.1000E-09  0.1000E-06
00D15 0.374497E+04  0.3001E+03 0.0000E+00 0.1000E+01   5.645  0.2219E-05  0.1000E+01  1.00000  0.8330E-07  0.1000E-09  0.1000E-06
00D15 0.378497E+04  0.3001E+03 0.0000E+00 0.1000E+01   5.645  0.2219E-05  0.1000E+01  1.00000  0.8330E-07  0.1000E-09  0.1000E-06
00D15 0.382497E+04  0.3001E+03 0.0000E+00 0.1000E+01   5.645  0.2219E-05  0.1000E+01  1.00000  0.8330E-07  0.1000E-09  0.1000E-06
00D15 0.386497E+04  0.3001E+03 0.0000E+00 0.1000E+01   5.645  0.2219E-05  0.1000E+01  1.00000  0.8330E-07  0.1000E-09  0.1000E-06
00D15 0.390497E+04  0.3001E+03 0.0000E+00 0.1000E+01   5.645  0.2219E-05  0.1000E+01  1.00000  0.8330E-07  0.1000E-09  0.1000E-06
00D15 0.394497E+04  0.3001E+03 0.0000E+00 0.1000E+01   5.645  0.2219E-05  0.1000E+01  1.00000  0.8330E-07  0.1000E-09  0.1000E-06
00D15 0.398497E+04  0.3001E+03 0.0000E+00 0.1000E+01   5.645  0.2219E-05  0.1000E+01  1.00000  0.8330E-07  0.1000E-09  0.1000E-06
00D15 0.402497E+04  0.3001E+03 0.0000E+00 0.1000E+01   5.645  0.2219E-05  0.1000E+01  1.00000  0.8330E-07  0.1000E-09  0.1000E-06
00D15 0.406497E+04  0.3001E+03 0.0000E+00 0.1000E+01   5.645  0.2219E-05  0.1000E+01  1.00000  0.8330E-07  0.1000E-09  0.1000E-06
00D15 0.410497E+04  0.3001E+03 0.0000E+00 0.1000E+01   5.645  0.2219E-05  0.1000E+01  1.00000  0.8330E-07  0.1000E-09  0.1000E-06
00D15 0.414497E+04  0.3001E+03 0.0000E+00 0.1000E+01   5.645  0.2219E-05  0.1000E+01  1.00000  0.8330E-07  0.1000E-09  0.1000E-06
00D15 0.418497E+04  0.3001E+03 0.0000E+00 0.1000E+01   5.645  0.2219E-05  0.1000E+01  1.00000  0.8330E-07  0.1000E-09  0.1000E-06
00D15 0.422497E+04  0.3001E+03 0.0000E+00 0.1000E+01   5.645  0.2219E-05  0.1000E+01  1.00000  0.8330E-07  0.1000E-09  0.1000E-06
00D15 0.426497E+04  0.3001E+03 0.0000E+00 0.1000E+01   5.645  0.2219E-05  0.1000E+01  1.00000  0.8330E-07  0.1000E-09  0.1000E-06
00D15 0.430497E+04  0.3001E+03 0.0000E+00 0.1000E+01   5.645  0.2219E-05  0.1000E+01  1.00000  0.8330E-07  0.1000E-09  0.1000E-06
00D15 0.434497E+04  0.3001E+03 0.0000E+00 0.1000E+01   5.645  0.2219E-05  0.1000E+01  1.00000  0.8330E-07  0.1000E-09  0.1000E-06
00D15 0.438497E+04  0.3001E+03 0.0000E+00 0.1000E+01   5.645  0.2219E-05  0.1000E+01  1.00000  0.8330E-07  0.1000E-09  0.1000E-06
00D15 0.442497E+04  0.3001E+03 0.0000E+00 0.1000E+01   5.645  0.2219E-05  0.1000E+01  1.00000  0.8330E-07  0.1000E-09  0.1000E-06
00D15 0.446497E+04  0.3001E+03 0.0000E+00 0.1000E+01   5.645  0.2219E-05  0.1000E+01  1.00000  0.8330E-07  0.1000E-09  0.1000E-06
00D15 0.450497E+04  0.3001E+03 0.0000E+00 0.1000E+01   5.645  0.2219E-05  0.1000E+01  1.00000  0.8330E-07  0.1000E-09  0.1000E-06
00D15 0.454497E+04  0.3001E+03 0.0000E+00 0.1000E+01   5.645  0.2219E-05  0.1000E+01  1.00000  0.8330E-07  0.1000E-09  0.1000E-06
00D15 0.458497E+04  0.3001E+03 0.0000E+00 0.1000E+01   5.645  0.2219E-05  0.1000E+01  1.00000  0.8330E-07  0.1000E-09  0.1000E-06
00D15 0.462497E+04  0.3001E+03 0.0000E+00 0.1000E+01   5.645  0.2219E-05  0.1000E+01  1.00000  0.8330E-07  0.1000E-09  0.1000E-06
00D15 0.466497E+04  0.3001E+03 0.0000E+00 0.1000E+01   5.645  0.2219E-05  0.1000E+01  1.00000  0.8330E-07  0.1000E-09  0.1000E-06
00D15 0.470497E+04  0.3001E+03 0.0000E+00 0.1000E+01   5.645  0.2219E-05  0.1000E+01  1.00000  0.8330E-07  0.1000E-09  0.1000E-06
00D15 0.474497E+04  0.3001E+03 0.0000E+00 0.1000E+01   5.645  0.2219E-05  0.1000E+01  1.00000  0.8330E-07  0.1000E-09  0.1000E-06
00D15 0.478497E+04  0.3001E+03 0.0000E+00 0.1000E+01   5.645  0.2219E-05  0.1000E+01  1.00000  0.8330E-07  0.1000E-09  0.1000E-06
00D15 0.482497E+04  0.3001E+03 0.0000E+00 0.1000E+01   5.645  0.2219E-05  0.1000E+01  1.00000  0.8330E-07  0.1000E-09  0.1000E-06
00D15 0.486497E+04  0.3001E+03 0.0000E+00 0.1000E+01   5.645  0.2219E-05  0.1000E+01  1.00000  0.8330E-07  0.1000E-09  0.1000E-06
00D15 0.490497E+04  0.3001E+03 0.0000E+00 0.1000E+01   5.645  0.2219E-05  0.1000E+01  1.00000  0.8330E-07  0.1000E-09  0.1000E-06
00D15 0.494497E+04  0.3001E+03 0.0000E+00 0.1000E+01   5.645  0.2219E-05  0.1000E+01  1.00000  0.8330E-07  0.1000E-09  0.1000E-06
00D15 0.498497E+04  0.3001E+03 0.0000E+00 0.1000E+01   5.645  0.2219E-05  0.1000E+01  1.00000  0.8330E-07  0.1000E-09  0.1000E-06
00D15 0.502497E+04  0.3001E+03 0.0000E+00 0.1000E+01   5.645  0.2219E-05  0.1000E+01  1.00000  0.8330E-07  0.1000E-09  0.1000E-06
00D15 0.506497E+04  0.3001E+03 0.0000E+00 0.1000E+01   5.645  0.2219E-05  0.1000E+01  1.00000  0.8330E-07  0.1000E-09  0.1000E-06
00D15 0.510497E+04  0.3001E+03 0.0000E+00 0.1000E+01   5.645  0.2219E-05  0.1000E+01  1.00000  0.8330E-07  0.1000E-09  0.1000E-06
00D15 0.514497E+04  0.3001E+03 0.0000E+00 0.1000E+01   5.645  0.2219E-05  0.1000E+01  1.00000  0.8330E-07  0.1000E-09  0.1000E-06
00D15 0.518497E+04  0.3001E+03 0.0000E+00 0.1000E+01   5.645  0.2219E-05  0.1000E+01  1.00000  0.8330E-07  0.1000E-09  0.1000E-06
00D15 0.522497E+04  0.3001E+03 0.0000E+00 0.1000E+01   5.645  0.2219E-05  0.1000E+01  1.00000  0.8330E-07  0.1000E-09  0.1000E-06
00D15 0.526497E+04  0.3001E+03 0.0000E+00 0.1000E+01   5.645  0.2219E-05  0.1000E+01  1.00000  0.8330E-07  0.1000E-09  0.1000E-06
00D15 0.530497E+04  0.3001E+03 0.0000E+00 0.1000E+01   5.645  0.2219E-05  0.1000E+01  1.00000  0.8330E-07  0.1000E-09  0.1000E-06
00D15 0.534497E+04  0.3001E+03 0.0000E+00 0.1000E+01   5.645  0.2219E-05  0.1000E+01  1.00000  0.8330E-07  0.1000E-09  0.1000E-06
00D15 0.538497E+04  0.3001E+03 0.0000E+00 0.1000E+01   5.645  0.2219E-05  0.1000E+01  1.00000  0.8330E-07  0.1000E-09  0.1000E-06
00D15 0.542497E+04  0.3001E+03 0.0000E+00 0.1000E+01   5.645  0.2219E-05  0.1000E+01  1.00000  0.8330E-07  0.1000E-09  0.1000E-06
00D15 0.546497E+04  0.3001E+03 0.0000E+00 0.1000E+01   5.645  0.2219E-05  0.1000E+01  1.00000  0.8330E-07  0.1000E-09  0.1000E-06
00D15 0.550497E+04  0.3001E+03 0.0000E+00 0.1000E+01   5.645  0.2219E-05  0.1000E+01  1.00000  0.8330E-07  0.1000E-09  0.1000E-06
00D15 0.554497E+04  0.3001E+03 0.0000E+00 0.1000E+01   5.645  0.2219E-05  0.1000E+01  1.00000  0.8330E-07  0.1000E-09  0.1000E-06
00D15 0.558497E+04  0.3001E+03 0.0000E+00 0.1000E+01   5.645  0.2219E-05  0.1000E+01  1.00000  0.8330E-07  0.1000E-09  0.1000E-06
00D15 0.562497E+04  0.3001E+03 0.0000E+00 0.1000E+01   5.645  0.2219E-05  0.1000E+01  1.00000  0.8330E-07  0.1000E-09  0.1000E-06
00D15 0.566497E+04  0.3001E+03 0.0000E+00 0.1000E+01   5.645  0.2219E-05  0.1000E+01  1.00000  0.8330E-07  0.1000E-09  0.1000E-06
00D15 0.570497E+04  0.3001E+03 0.0000E+00 0.1000E+01   5.645  0.2219E-05  0.1000E+01  1.00000  0.8330E-07  0.1000E-09  0.1000E-06
00D15 0.574497E+04  0.3001E+03 0.0000E+00 0.1000E+01   5.645  0.2219E-05  0.1000E+01  1.00000  0.8330E-07  0.1000E-09  0.1000E-06
00D15 0.578497E+04  0.3001E+03 0.0000E+00 0.1000E+01   5.645  0.2219E-05  0.1000E+01  1.00000  0.8330E-07  0.1000E-09  0.1000E-06
00D15 0.582497E+04  0.3001E+03 0.0000E+00 0.1000E+01   5.645  0.2219E-05  0.1000E+01  1.00000  0.8330E-07  0.1000E-09  0.1000E-06
00D15 0.586497E+04  0.3001E+03 0.0000E+00 0.1000E+01   5.645  0.2219E-05  0.1000E+01  1.00000  0.8330E-07  0.1000E-09  0.1000E-06
00D15 0.590497E+04  0.3001E+03 0.0000E+00 0.1000E+01   5.645  0.2219E-05  0.1000E+01  1.00000  0.8330E-07  0.1000E-09  0.1000E-06
00D15 0.594497E+04  0.3001E+03 0.0000E+00 0.1000E+01   5.645  0.2219E-05  0.1000E+01  1.00000  0.8330E-07  0.1000E-09  0.1000E-06
00D15 0.598497E+04  0.3001E+03 0.0000E+00 0.1000E+01   5.645  0.2219E-05  0.1000E+01  1.00000  0.8330E-07  0.1000E-09  0.1000E-06
00D15 0.602497E+04  0.3001E+03 0.0000E+00 0.1000E+01   5.645  0.2219E-05  0.1000E+01  1.00000  0.8330E-07  0.1000E-09  0.1000E-06
00D15 0.606497E+04  0.3001E+03 0.0000E+00 0.1000E+01   5.645  0.2219E-05  0.1000E+01  1.00000  0.8330E-07  0.1000E-09  0.1000E-06
00D15 0.610497E+04  0.3001E+03 0.0000E+00 0.1000E+01   5.645  0.2219E-05  0.1000E+01  1.00000  0.8330E-07  0.1000E-09  0.1000E-06
00D15 0.614497E+04  0.3001E+03 0.0000E+00 0.1000E+01   5.645  0.2219E-05  0.1000E+01  1.00000  0.8330E-07  0.1000E-09  0.1000E-06
00D15 0.618497E+04  0.3001E+03 0.0000E+00 0.1000E+01   5.645  0.2219E-05  0.1000E+01  1.00000  0.8330E-07  0.1000E-09  0.1000E-06
00D15 0.622497E+04  0.3001E+03 0.0000E+00 0.1000E+01   5.645  0.2219E-05  0.1000E+01  1.00000  0.8330E-07  0.1000E-09  0.1000E-06
00D15 0.626497E+04  0.3001E+03 0.0000E+00 0.1000E+01   5.645  0.2219E-05  0.1000E+01  1.00000  0.8330E-07  0.1000E-09  0.1000E-06
00D15 0.630497E+04  0.3001E+03 0.0000E+00 0.1000E+01   5.645  0.2219E-05  0.1000E+01  1.00000  0.8330E-07  0.1000E-09  0.1000E-06
00D15 0.634497E+04  0.3001E+03 0.0000E+00 0.1000E+01   5.645  0.2219E-05  0.1000E+01  1.00000  0.8330E-07  0.1000E-09  0.1000E-06
00D15 0.638497E+04  0.3001E+03 0.0000E+00 0.1000E+01   5.645  0.2219E-05  0.1000E+01  1.00000  0.8330E-07  0.1000E-09  0.1000E-06
00D15 0.642497E+04  0.3001E+03 0.0000E+00 0.1000E+01   5.645  0.2219E-05  0.1000E+01  1.00000  0.8330E-07  0.1000E-09  0.1000E-06
00D15 0.646497E+04  0.3001E+03 0.0000E+00 0.1000E+01   5.645  0.2219E-05  0.1000E+01  1.00000  0.8330E-07  0.1000E-09  0.1000E-06
00D15 0.650497E+04  0.3001E+03 0.0000E+00 0.1000E+01   5.645  0.2219E-05  0.1000E+01  1.00000  0.8330E-07  0.1000E-09  0.1000E-06
00D15 0.654497E+04  0.3001E+03 0.0000E+00 0.1000E+01   5.645  0.2219E-05  0.1000E+01  1.00000  0.8330E-07  0.1000E-09  0.1000E-06
00D15 0.658497E+04  0.3001E+03 0.0000E+00 0.1000E+01   5.645  0.2219E-05  0.1000E+01  1.00000  0.8330E-07  0.1000E-09  0.1000E-06
00D15 0.662497E+04  0.3001E+03 0.0000E+00 0.1000E+01   5.645  0.2219E-05  0.1000E+01  1.00000  0.8330E-07  0.1000E-09  0.1000E-06
00D15 0.666497E+04  0.3001E+03 0.0000E+00 0.1000E+01   5.645  0.2219E-05  0.1000E+01  1.00000  0.8330E-07  0.1000E-09  0.1000E-06
00D15 0.670497E+04  0.3001E+03 0.0000E+00 0.1000E+01   5.645  0.2219E-05  0.1000E+01  1.00000  0.8330E-07  0.1000E-09  0.1000E-06
00D15 0.674497E+04  0.3001E+03 0.0000E+00 0.1000E+01   5.645  0.2219E-05  0.1000E+01  1.00000  0.8330E-07  0.1000E-09  0.1000E-06
00D15 0.678497E+04  0.3001E+03 0.0000E+00 0.1000E+01   5.645  0.2219E-05  0.1000E+01  1.00000  0.8330E-07  0.1000E-09  0.1000E-06
00D15 0.682497E+04  0.3001E+03 0.0000E+00 0.1000E+01   5.645  0.2219E-05  0.1000E+01  1.00000  0.8330E-07  0.1000E-09  0.1000E-06
00D15 0.686497E+04  0.3001E+03 0.0000E+00 0.1000E+01   5.645  0.2219E-05  0.1000E+01  1.00000  0.8330E-07  0.1000E-09  0.1000E-06
00D15 0.690497E+04  0.3001E+03 0.0000E+00 0.1000E+01   5.645  0.2219E-05  0.1000E+01  1.00000  0.8330E-07  0.1000E-09  0.1000E-06
00D15 0.694497E+04  0.3001E+03 0.0000E+00 0.1000E+01   5.645  0.2219E-05  0.1000E+01  1.00000  0.8330E-07  0.1000E-09  0.1000E-06
00D15 0.698497E+04  0.3001E+03 0.0000E+00 0.1000E+01   5.645  0.2219E-05  0.1000E+01  1.00000  0.8330E-07  0.1000E-09  0.1000E-06
00D15 0.702497E+04  0.3001E+03 0.0000E+00 0.1000E+01   5.645  0.2219E-05  0.1000E+01  1.00000  0.8330E-07  0.1000E-09  0.1000E-06
00D15 0.706497E+04  0.3001E+03 0.0000E+00 0.1000E+01   5.645  0.2219E-05  0.1000E+01  1.00000  0.8330E-07  0.1000E-09  0.1000E-06
00D15 0.710497E+04  0.3001E+03 0.0000E+00 0.1000E+01   5.645  0.2219E-05  0.1000E+01  1.00000  0.8330E-07  0.1000E-09  0.1000E-06
00D15 0.714497E+04  0.3001E+03 0.0000E+00 0.1000E+01   5.645  0.2219E-05  0.1000E+01  1.00000  0.8330E-07  0.1000E-09  0.1000E-06
00D15 0.718497E+04  0.3001E+03 0.0000E+00 0.1000E+01   5.645  0.2219E-05  0.1000E+01  1.00000  0.8330E-07  0.1000E-09  0.1000E-06
00D15 0.722497E+04  0.3001E+03 0.0000E+00 0.1000E+01   5.645  0.2219E-05  0.1000E+01  1.00000  0.8330E-07  0.1000E-09  0.1000E-06
00D15 0.726497E+04  0.3001E+03 0.0000E+00 0.1000E+01   5.645  0.2219E-05  0.1000E+01  1.00000  0.8330E-07  0.1000E-09  0.1000E-06
00D15 0.730497E+04  0.3001E+03 0.0000E+00 0.1000E+01   5.645  0.2219E-05  0.1000E+01  1.00000  0.8330E-07  0.1000E-09  0.1000E-06
00D15 0.734497E+04  0.3001E+03 0.0000E+00 0.1000E+01   5.645  0.2219E-05  0.1000E+01  1.00000  0.8330E-07  0.1000E-09  0.1000E-06
00D15 0.738497E+04  0.3001E+03 0.0000E+00 0.1000E+01   5.645  0.2219E-05  0.1000E+01  1.00000  0.8330E-07  0.1000E-09  0.1000E-06
00D15 0.742497E+04  0.3001E+03 0.0000E+00 0.1000E+01   5.645  0.2219E-05  0.1000E+01  1.00000  0.8330E-07  0.1000E-09  0.1000E-06
00D15 0.746497E+04  0.3001E+03 0.0000E+00 0.1000E+01   5.645  0.2219E-05  0.1000E+01  1.00000  0.8330E-07  0.1000E-09  0.1000E-06
00D15 0.750497E+04  0.3001E+03 0.0000E+00 0.1000E+01   5.645  0.2219E-05  0.1000E+01  1.00000  0.8330E-07  0.1000E-09  0.1000E-06
00D15 0.754497E+04  0.3001E+03 0.0000E+00 0.1000E+01   5.645  0.2219E-05  0.1000E+01  1.00000  0.8330E-07  0.1000E-09  0.1000E-06
00D15 0.758497E+04  0.3001E+03 0.0000E+00 0.1000E+01   5.645  0.2219E-05  0.1000E+01  1.00000  0.8330E-07  0.1000E-09  0.1000E-06
00D15 0.762497E+04  0.3001E+03 0.0000E+00 0.1000E+01   5.645  0.2219E-05  0.1000E+01  1.00000  0.8330E-07  0.1000E-09  0.1000E-06
00D15 0.766497E+04  0.3001E+03 0.0000E+00 0.1000E+01   5.645  0.2219E-05  0.1000E+01  1.00000  0.8330E-07  0.1000E-09  0.1000E-06
00D15 0.770497E+04  0.3001E+03 0.0000E+00 0.1000E+01   5.645  0.2219E-05  0.1000E+01  1.00000  0.8330E-07  0.1000E-09  0.1000E-06
00D15 0.774497E+04  0.3001E+03 0.0000E+00 0.1000E+01   5.645  0.2219E-05  0.1000E+01  1.00000  0.8330E-07  0.1000E-09  0.1000E-06
00D15 0.778497E+04  0.3001E+03 0.0000E+00 0.1000E+01   5.645  0.2219E-05  0.1000E+01  1.00000  0.8330E-07  0.1000E-09  0.1000E-06
00D15 0.782497E+04  0.3001E+03 0.0000E+00 0.1000E+01   5.645  0.2219E-05  0.1000E+01  1.00000  0.8330E-07  0.1000E-09  0.1000E-06
00D15 0.786497E+04  0.3001E+03 0.0000E+00 0.1000E+01   5.645  0.2219E-05  0.1000E+01  1.00000  0.8330E-07  0.1000E-09  0.1000E-06
00D15 0.790497E+04  0.3001E+03 0.0000E+00 0.1000E+01   5.645  0.2219E-05  0.1000E+01  1.00000  0.8330E-07  0.1000E-09  0.1000E-06
00D15 0.794497E+04  0.3001E+03 0.0000E+00 0.1000E+01   5.645  0.2219E-05  0.1000E+01  1.00000  0.8330E-07  0.1000E-09  0.1000E-06
00D15 0.798497E+04  0.3001E+03 0.0000E+00 0.1000E+01   5.645  0.2219E-05  0.1000E+01  1.00000  0.8330E-07  0.1000E-09  0.1000E-06
00D15 0.802497E+04  0.3001E+03 0.0000E+00 0.1000E+01   5.645  0.2219E-05  0.1000E+01  1.00000  0.8330E-07  0.1000E-09  0.1000E-06
00D15 0.806497E+04  0.3001E+03 0.0000E+00 0.1000E+01   5.645  0.2219E-05  0.1000E+01  1.00000  0.8330E-07  0.1000E-09  0.1000E-06
00D15 0.810497E+04  0.3001E+03 0.0000E+00 0.1000E+01   5.645  0.2219E-05  0.1000E+01  1.00000  0.8330E-07  0.1000E-09  0.1000E-06
00D15 0.814497E+04  0.3001E+03 0.0000E+00 0.1000E+01   5.645  0.2219E-05  0.1000E+01  1.00000  0.8330E-07  0.1000E-09  0.1000E-06
00D15 0.818497E+04  0.3001E+03 0.0000E+00 0.1000E+01   5.645  0.2219E-05  0.1000E+01  1.00000  0.8330E-07  0.1000E-09  0.1000E-06
00D15 0.822497E+04  0.3001E+03 0.0000E+00 0.1000E+01   5.645  0.2219E-05  0.1000E+01  1.00000  0.8330E-07  0.1000E-09  0.1000E-06
00D15 0.826497E+04  0.3001E+03 0.0000E+00 0.1000E+01   5.645  0.2219E-05  0.1000E+01  1.00000  0.8330E-07  0.1000E-09  0.1000E-06
00D15 0.830497E+04  0.3001E+03 0.0000E+00 0.1000E+01   5.645  0.2219E-05  0.1000E+01  1.00000  0.8330E-07  0.1000E-09  0.1000E-06
00D15 0.834497E+04  0.3001E+03 0.0000E+00 0.1000E+01   5.645  0.2219E-05  0.1000E+01  1.00000  0.8330E-07  0.1000E-09  0.1000E-06
00D15 0.838497E+04  0.3001E+03 0.0000E+00 0.1000E+01   5.645  0.2219E-05  0.1000E+01  1.00000  0.8330E-07  0.1000E-09  0.1000E-06
00D15 0.842497E+04  0.3001E+03 0.0000E+00 0.1000E+01   5.645  0.2219E-05  0.1000E+01  1.00000  0.8330E-07  0.1000E-09  0.1000E-06
00D15 0.846497E+04  0.3001E+03 0.0000E+00 0.1000E+01   5.645  0.2219E-05  0.1000E+01  1.00000  0.8330E-07  0.1000E-09  0.1000E-06
00D15 0.850497E+04  0.3001E+03 0.0000E+00 0.1000E+01   5.645  0.2219E-05  0.1000E+01  1.00000  0.8330E-07  0.1000E-09  0.1000E-06
00D15 0.854497E+04  0.3001E+03 0.0000E+00 0.1000E+01   5.645  0.2219E-05  0.1000E+01  1.00000  0.8330E-07  0.1000E-09  0.1000E-06
00D15 0.858497E+04  0.3001E+03 0.0000E+00 0.1000E+01   5.645  0.2219E-05  0.1000E+01  1.00000  0.8330E-07  0.1000E-09  0.1000E-06
00D15 0.862497E+04  0.3001E+03 0.0000E+00 0.1000E+01   5.645  0.2219E-05  0.1000E+01  1.00000  0.8330E-07  0.1000E-09  0.1000E-06
00D15 0.866497E+04  0.3001E+03 0.0000E+00 0.1000E+01   5.645  0.2219E-05  0.1000E+01  1.00000  0.8330E-07  0.1000E-09  0.1000E-06
00D15 0.870497E+04  0.3001E+03 0.0000E+00 0.1000E+01   5.645  0.2219E-05  0.1000E+01  1.00000  0.8330E-07  0.1000E-09  0.1000E-06
00D15 0.874497E+04  0.3001E+03 0.0000E+00 0.1000E+01   5.645  0.2219E-05  0.1000E+01  1.00000  0.8330E-07  0.1000E-09  0.1000E-06
00D15 0.878497E+04  0.3001E+03 0.0000E+00 0.1000E+01   5.645  0.2219E-05  0.1000E+01  1.00000  0.8330E-07  0.1000E-09  0.1000E-06
00D15 0.882497E+04  0.3001E+03 0.0000E+00 0.1000E+01   5.645  0.2219E-05  0.1000E+01  1.00000  0.8330E-07  0.1000E-09  0.1000E-06
00D15 0.886497E+04  0.3001E+03 0.0000E+00 0.1000E+01   5.645  0.2219E-05  0.1000E+01  1.00000  0.8330E-07  0.1000E-09  0.1000E-06
00D15 0.890497E+04  0.3001E+03 0.0000E+00 0.1000E+01   5.645  0.2219E-05  0.1000E+01  1.00000  0.8330E-07  0.1000E-09  0.1000E-06
00D15 0.894497E+04  0.3001E+03 0.0000E+00 0.1000E+01   5.645  0.2219E-05  0.1000E+01  1.00000  0.8330E-07  0.1000E-09  0.1000E-06
00D15 0.898497E+04  0.3001E+03 0.0000E+00 0.1000E+01   5.645  0.2219E-05  0.1000E+01  1.00000  0.8330E-07  0.1000E-09  0.1000E-06
00D15 0.902497E+04  0.3001E+03 0.0000E+00 0.1000E+01   5.645  0.2219E-05  0.1000E+01  1.00000  0.8330E-07  0.1000E-09  0.1000E-06
00D15 0.906497E+04  0.3001E+03 0.0000E+00 0.1000E+01   5.645  0.2219E-05  0.1000E+01  1.00000  0.8330E-07  0.1000E-09  0.1000E-06
00D15 0.910497E+04  0.3001E+03 0.0000E+00 0.1000E+01   5.645  0.2219E-05  0.1000E+01  1.00000  0.8330E-07  0.1000E-09  0.1000E-06
00D15 0.914497E+04  0.3001E+03 0.0000E+00 0.1000E+01   5.645  0.2219E-05  0.1000E+01  1.00000  0.8330E-07  0.1000E-09  0.1000E-06
00D15 0.918497E+04  0.3001E+03 0.0000E+00 0.1000E+01   5.645  0.2219E-05  0.1000E+01  1.00000  0.8330E-07  0.1000E-09  0.1000E-06
00D15 0.922497E+04  0.3001E+03 0.0000E+00 0.1000E+01   5.645  0.2219E-05  0.1000E+01  1.00000  0.8330E-07  0.1000E-09  0.1000E-06
00D15 0.926497E+04  0.3001E+03 0.0000E+00 0.1000E+01   5.645  0.2219E-05  0.1000E+01  1.00000  0.8330E-07  0.1000E-09  0.1000E-06
00D15 0.930497E+04  0.3001E+03 0.0000E+00 0.1000E+01   5.645  0.2219E-05  0.1000E+01  1.00000  0.8330E-07  0.1000E-09  0.1000E-06
00D15 0.934497E+04  0.3001E+03 0.0000E+00 0.1000E+01   5.645  0.2219E-05  0.1000E+01  1.00000  0.8330E-07  0.1000E-09  0.1000E-06
00D15 0.938497E+04  0.3001E+03 0.0000E+00 0.1000E+01   5.645  0.2219E-05  0.1000E+01  1.00000  0.8330E-07  0.1000E-09  0.1000E-06
00D15 0.942497E+04  0.3001E+03 0.0000E+00 0.1000E+01   5.645  0.2219E-05  0.1000E+01  1.00000  0.8330E-07  0.1000E-09  0.1000E-06
00D15 0.946497E+04  0.3001E+03 0.0000E+00 0.1000E+01   5.645  0.2219E-05  0.1000E+01  1.00000  0.8330E-07  0.1000E-09  0.1000E-06
00D15 0.950497E+04  0.3001E+03 0.0000E+00 0.1000E+01   5.645  0.2219E-05  0.1000E+01  1.00000  0.8330E-07  0.1000E-09  0.1000E-06
00D15 0.954497E+04  0.3001E+03 0.0000E+00 0.1000E+01   5.645  0.2219E-05  0.1000E+01  1.00000  0.8330E-07  0.1000E-09  0.1000E-06
00D15 0.958497E+04  0.3001E+03 0.0000E+00 0.1000E+01   5.645  0.2219E-05  0.1000E+01  1.00000  0.8330E-07  0.1000E-09  0.1000E-06
00D15 0.962497E+04  0.3001E+03 0.0000E+00 0.1000E+01   5.645  0.2219E-05  0.1000E+01  1.00000  0.8330E-07  0.1000E-09  0.1000E-06
00D15 0.966497E+04  0.3001E+03 0.0000E+00 0.1000E+01   5.645  0.2219E-05  0.1000E+01  1.00000  0.8330E-07  0.1000E-09  0.1000E-06
00D15 0.970497E+04  0.3001E+03 0.0000E+00 0.1000E+01   5.645  0.2219E-05  0.1000E+01  1.00000  0.8330E-07  0.1000E-09  0.1000E-06
00D15 0.974497E+04  0.3001E+03 0.0000E+00 0.1000E+01   5.645  0.2219E-05  0.1000E+01  1.00000  0.8330E-07  0.1000E-09  0.1000E-06
00D15 0.978497E+04  0.3001E+03 0.0000E+00 0.1000E+01   5.645  0.2219E-05  0.1000E+01  1.00000  0.8330E-07  0.1000E-09  0.1000E-06
00D15 0.982497E+04  0.3001E+03 0.0000E+00 0.1000E+01   5.645  0.2219E-05  0.1000E+01  1.00000  0.8330E-07  0.1000E-09  0.1000E-06
00D15 0.986497E+04  0.3001E+03 0.0000E+00 0.1000E+01   5.645  0.2219E-05  0.1000E+01  1.00000  0.8330E-07  0.1000E-09  0.1000E-06
00D15 0.990497E+04  0.3001E+03 0.0000E+00 0.1000E+01   5.645  0.2219E-05  0.1000E+01  1.00000  0.8330E-07  0.1000E-09  0.1000E-06
00D15 0.994497E+04  0.3001E+03 0.0000E+00 0.1000E+01   5.645  0.2219E-05  0.1000E+01  1.00000  0.8330E-07  0.1000E-09  0.1000E-06
00D15 0.998497E+04  0.3001E+03 0.0000E+00 0.1000E+01   5.645  0.2219E-05  0.1000E+01  1.00000  0.8330E-07  0.1000E-09  0.1000E-06
00D15 0.100000E+05  0.3001E+03 0.0000E+00 0.1000E+01   5.645  0.2219E-05  0.1000E+01  1.00000  0.8330E-07  0.1000E-09  0.1000E-06
