   97 , 0.433000E+04 ,    79 , 0.30088722E+08 , 0.80845022E+02 , 0.00000000E+00 , 0.00000000E+00 ,   246 , 0.30011303E+08 , 0.16053493E+03 , 0.00000000E+00 , 0.00000000E+00 , 
   98 , 0.435000E+04 ,    79 , 0.30088803E+08 , 0.80845006E+02 , 0.00000000E+00 , 0.00000000E+00 ,   246 , 0.30011318E+08 , 0.16030796E+03 , 0.00000000E+00 , 0.00000000E+00 , 
   99 , 0.439000E+04 ,    79 , 0.30088963E+08 , 0.80844975E+02 , 0.00000000E+00 , 0.00000000E+00 ,   246 , 0.30011348E+08 , 0.15985604E+03 , 0.00000000E+00 , 0.00000000E+00 , 
  100 , 0.447000E+04 ,    79 , 0.30089280E+08 , 0.80844914E+02 , 0.00000000E+00 , 0.00000000E+00 ,   246 , 0.30011409E+08 , 0.15896128E+03 , 0.00000000E+00 , 0.00000000E+00 , 
  101 , 0.463000E+04 ,    79 , 0.30089924E+08 , 0.80844790E+02 , 0.00000000E+00 , 0.00000000E+00 ,   246 , 0.30011537E+08 , 0.15722787E+03 , 0.00000000E+00 , 0.00000000E+00 , 
  102 , 0.495000E+04 ,    79 , 0.30091127E+08 , 0.80844559E+02 , 0.00000000E+00 , 0.00000000E+00 ,   246 , 0.30011782E+08 , 0.15395162E+03 , 0.00000000E+00 , 0.00000000E+00 , 
  103 , 0.559000E+04 ,    79 , 0.30093304E+08 , 0.80844140E+02 , 0.00000000E+00 , 0.00000000E+00 ,   246 , 0.30012247E+08 , 0.14814841E+03 , 0.00000000E+00 , 0.00000000E+00 , 
  104 , 0.687000E+04 ,    79 , 0.30096951E+08 , 0.80843439E+02 , 0.00000000E+00 , 0.00000000E+00 ,   246 , 0.30013094E+08 , 0.13881064E+03 , 0.00000000E+00 , 0.00000000E+00 , 
  105 , 0.864000E+04 ,    79 , 0.30101109E+08 , 0.80842640E+02 , 0.00000000E+00 , 0.00000000E+00 ,   246 , 0.30014160E+08 , 0.12883598E+03 , 0.00000000E+00 , 0.00000000E+00 , 
  106 , 0.121800E+05 ,    79 , 0.30107104E+08 , 0.80841488E+02 , 0.00000000E+00 , 0.00000000E+00 ,   246 , 0.30015933E+08 , 0.11519227E+03 , 0.00000000E+00 , 0.00000000E+00 , 
  107 , 0.192600E+05 ,    79 , 0.30114439E+08 , 0.80840078E+02 , 0.00000000E+00 , 0.00000000E+00 ,   246 , 0.30018455E+08 , 0.10017749E+03 , 0.00000000E+00 , 0.00000000E+00 , 
  108 , 0.334200E+05 ,    79 , 0.30121066E+08 , 0.80838804E+02 , 0.00000000E+00 , 0.00000000E+00 ,   246 , 0.30020935E+08 , 0.88661851E+02 , 0.00000000E+00 , 0.00000000E+00 , 
  109 , 0.617400E+05 ,    79 , 0.30124910E+08 , 0.80838066E+02 , 0.00000000E+00 , 0.00000000E+00 ,   246 , 0.30022383E+08 , 0.82972943E+02 , 0.00000000E+00 , 0.00000000E+00 , 
  110 , 0.864000E+05 ,    79 , 0.30125978E+08 , 0.80837860E+02 , 0.00000000E+00 , 0.00000000E+00 ,   246 , 0.30022779E+08 , 0.81521272E+02 , 0.00000000E+00 , 0.00000000E+00 , 
  111 , 0.135720E+06 ,    79 , 0.30126379E+08 , 0.80837783E+02 , 0.00000000E+00 , 0.00000000E+00 ,   246 , 0.30022928E+08 , 0.80982420E+02 , 0.00000000E+00 , 0.00000000E+00 , 
  112 , 0.234360E+06 ,    79 , 0.30126462E+08 , 0.80837767E+02 , 0.00000000E+00 , 0.00000000E+00 ,   246 , 0.30022959E+08 , 0.80871181E+02 , 0.00000000E+00 , 0.00000000E+00 , 
  113 , 0.431640E+06 ,    79 , 0.30126472E+08 , 0.80837766E+02 , 0.00000000E+00 , 0.00000000E+00 ,   246 , 0.30022963E+08 , 0.80858557E+02 , 0.00000000E+00 , 0.00000000E+00 , 
  114 , 0.826200E+06 ,    79 , 0.30126472E+08 , 0.80837765E+02 , 0.00000000E+00 , 0.00000000E+00 ,   246 , 0.30022963E+08 , 0.80857687E+02 , 0.00000000E+00 , 0.00000000E+00 , 
  115 , 0.161532E+07 ,    79 , 0.30126472E+08 , 0.80837765E+02 , 0.00000000E+00 , 0.00000000E+00 ,   246 , 0.30022963E+08 , 0.80857645E+02 , 0.00000000E+00 , 0.00000000E+00 , 
  116 , 0.319356E+07 ,    79 , 0.30126472E+08 , 0.80837765E+02 , 0.00000000E+00 , 0.00000000E+00 ,   246 , 0.30022963E+08 , 0.80857644E+02 , 0.00000000E+00 , 0.00000000E+00 , 
  117 , 0.492156E+07 ,    79 , 0.30126472E+08 , 0.80837765E+02 , 0.00000000E+00 , 0.00000000E+00 ,   246 , 0.30022963E+08 , 0.80857644E+02 , 0.00000000E+00 , 0.00000000E+00 , 
  118 , 0.664956E+07 ,    79 , 0.30126472E+08 , 0.80837765E+02 , 0.00000000E+00 , 0.00000000E+00 ,   246 , 0.30022963E+08 , 0.80857644E+02 , 0.00000000E+00 , 0.00000000E+00 , 
  119 , 0.837756E+07 ,    79 , 0.30126472E+08 , 0.80837765E+02 , 0.00000000E+00 , 0.00000000E+00 ,   246 , 0.30022963E+08 , 0.80857644E+02 , 0.00000000E+00 , 0.00000000E+00 , 
  120 , 0.864000E+07 ,    79 , 0.30126472E+08 , 0.80837765E+02 , 0.00000000E+00 , 0.00000000E+00 ,   246 , 0.30022963E+08 , 0.80857644E+02 , 0.00000000E+00 , 0.00000000E+00 , 
  121 , 0.916488E+07 ,    79 , 0.30126472E+08 , 0.80837765E+02 , 0.00000000E+00 , 0.00000000E+00 ,   246 , 0.30022963E+08 , 0.80857644E+02 , 0.00000000E+00 , 0.00000000E+00 , 
  122 , 0.102146E+08 ,    79 , 0.30126472E+08 , 0.80837765E+02 , 0.00000000E+00 , 0.00000000E+00 ,   246 , 0.30022963E+08 , 0.80857644E+02 , 0.00000000E+00 , 0.00000000E+00 , 
  123 , 0.119426E+08 ,    79 , 0.30126472E+08 , 0.80837765E+02 , 0.00000000E+00 , 0.00000000E+00 ,   246 , 0.30022963E+08 , 0.80857644E+02 , 0.00000000E+00 , 0.00000000E+00 , 
  124 , 0.136706E+08 ,    79 , 0.30126472E+08 , 0.80837765E+02 , 0.00000000E+00 , 0.00000000E+00 ,   246 , 0.30022963E+08 , 0.80857644E+02 , 0.00000000E+00 , 0.00000000E+00 , 
  125 , 0.153986E+08 ,    79 , 0.30126472E+08 , 0.80837765E+02 , 0.00000000E+00 , 0.00000000E+00 ,   246 , 0.30022963E+08 , 0.80857644E+02 , 0.00000000E+00 , 0.00000000E+00 , 
  126 , 0.171266E+08 ,    79 , 0.30126472E+08 , 0.80837765E+02 , 0.00000000E+00 , 0.00000000E+00 ,   246 , 0.30022963E+08 , 0.80857644E+02 , 0.00000000E+00 , 0.00000000E+00 , 
  127 , 0.188546E+08 ,    79 , 0.30126472E+08 , 0.80837765E+02 , 0.00000000E+00 , 0.00000000E+00 ,   246 , 0.30022963E+08 , 0.80857644E+02 , 0.00000000E+00 , 0.00000000E+00 , 
  128 , 0.205826E+08 ,    79 , 0.30126472E+08 , 0.80837765E+02 , 0.00000000E+00 , 0.00000000E+00 ,   246 , 0.30022963E+08 , 0.80857644E+02 , 0.00000000E+00 , 0.00000000E+00 , 
  129 , 0.223106E+08 ,    79 , 0.30126472E+08 , 0.80837765E+02 , 0.00000000E+00 , 0.00000000E+00 ,   246 , 0.30022963E+08 , 0.80857644E+02 , 0.00000000E+00 , 0.00000000E+00 , 
  130 , 0.240386E+08 ,    79 , 0.30126472E+08 , 0.80837765E+02 , 0.00000000E+00 , 0.00000000E+00 ,   246 , 0.30022963E+08 , 0.80857644E+02 , 0.00000000E+00 , 0.00000000E+00 , 
  131 , 0.257666E+08 ,    79 , 0.30126472E+08 , 0.80837765E+02 , 0.00000000E+00 , 0.00000000E+00 ,   246 , 0.30022963E+08 , 0.80857644E+02 , 0.00000000E+00 , 0.00000000E+00 , 
  132 , 0.274946E+08 ,    79 , 0.30126472E+08 , 0.80837765E+02 , 0.00000000E+00 , 0.00000000E+00 ,   246 , 0.30022963E+08 , 0.80857644E+02 , 0.00000000E+00 , 0.00000000E+00 , 
  133 , 0.292226E+08 ,    79 , 0.30126472E+08 , 0.80837765E+02 , 0.00000000E+00 , 0.00000000E+00 ,   246 , 0.30022963E+08 , 0.80857644E+02 , 0.00000000E+00 , 0.00000000E+00 , 
  134 , 0.309506E+08 ,    79 , 0.30126472E+08 , 0.80837765E+02 , 0.00000000E+00 , 0.00000000E+00 ,   246 , 0.30022963E+08 , 0.80857644E+02 , 0.00000000E+00 , 0.00000000E+00 , 
  135 , 0.326786E+08 ,    79 , 0.30126472E+08 , 0.80837765E+02 , 0.00000000E+00 , 0.00000000E+00 ,   246 , 0.30022963E+08 , 0.80857644E+02 , 0.00000000E+00 , 0.00000000E+00 , 
  136 , 0.344066E+08 ,    79 , 0.30126472E+08 , 0.80837765E+02 , 0.00000000E+00 , 0.00000000E+00 ,   246 , 0.30022963E+08 , 0.80857644E+02 , 0.00000000E+00 , 0.00000000E+00 , 
  137 , 0.361346E+08 ,    79 , 0.30126472E+08 , 0.80837765E+02 , 0.00000000E+00 , 0.00000000E+00 ,   246 , 0.30022963E+08 , 0.80857644E+02 , 0.00000000E+00 , 0.00000000E+00 , 
  138 , 0.378626E+08 ,    79 , 0.30126472E+08 , 0.80837765E+02 , 0.00000000E+00 , 0.00000000E+00 ,   246 , 0.30022963E+08 , 0.80857644E+02 , 0.00000000E+00 , 0.00000000E+00 , 
  139 , 0.395906E+08 ,    79 , 0.30126472E+08 , 0.80837765E+02 , 0.00000000E+00 , 0.00000000E+00 ,   246 , 0.30022963E+08 , 0.80857644E+02 , 0.00000000E+00 , 0.00000000E+00 , 
  140 , 0.413186E+08 ,    79 , 0.30126472E+08 , 0.80837765E+02 , 0.00000000E+00 , 0.00000000E+00 ,   246 , 0.30022963E+08 , 0.80857644E+02 , 0.00000000E+00 , 0.00000000E+00 , 
  141 , 0.430466E+08 ,    79 , 0.30126472E+08 , 0.80837765E+02 , 0.00000000E+00 , 0.00000000E+00 ,   246 , 0.30022963E+08 , 0.80857644E+02 , 0.00000000E+00 , 0.00000000E+00 , 
  142 , 0.447746E+08 ,    79 , 0.30126472E+08 , 0.80837765E+02 , 0.00000000E+00 , 0.00000000E+00 ,   246 , 0.30022963E+08 , 0.80857644E+02 , 0.00000000E+00 , 0.00000000E+00 , 
  143 , 0.465026E+08 ,    79 , 0.30126472E+08 , 0.80837765E+02 , 0.00000000E+00 , 0.00000000E+00 ,   246 , 0.30022963E+08 , 0.80857644E+02 , 0.00000000E+00 , 0.00000000E+00 , 
  144 , 0.482306E+08 ,    79 , 0.30126472E+08 , 0.80837765E+02 , 0.00000000E+00 , 0.00000000E+00 ,   246 , 0.30022963E+08 , 0.80857644E+02 , 0.00000000E+00 , 0.00000000E+00 , 
  145 , 0.499586E+08 ,    79 , 0.30126472E+08 , 0.80837765E+02 , 0.00000000E+00 , 0.00000000E+00 ,   246 , 0.30022963E+08 , 0.80857644E+02 , 0.00000000E+00 , 0.00000000E+00 , 
  146 , 0.516866E+08 ,    79 , 0.30126472E+08 , 0.80837765E+02 , 0.00000000E+00 , 0.00000000E+00 ,   246 , 0.30022963E+08 , 0.80857644E+02 , 0.00000000E+00 , 0.00000000E+00 , 
  147 , 0.534146E+08 ,    79 , 0.30126472E+08 , 0.80837765E+02 , 0.00000000E+00 , 0.00000000E+00 ,   246 , 0.30022963E+08 , 0.80857644E+02 , 0.00000000E+00 , 0.00000000E+00 , 
  148 , 0.551426E+08 ,    79 , 0.30126472E+08 , 0.80837765E+02 , 0.00000000E+00 , 0.00000000E+00 ,   246 , 0.30022963E+08 , 0.80857644E+02 , 0.00000000E+00 , 0.00000000E+00 , 
  149 , 0.568706E+08 ,    79 , 0.30126472E+08 , 0.80837765E+02 , 0.00000000E+00 , 0.00000000E+00 ,   246 , 0.30022963E+08 , 0.80857644E+02 , 0.00000000E+00 , 0.00000000E+00 , 
  150 , 0.585986E+08 ,    79 , 0.30126472E+08 , 0.80837765E+02 , 0.00000000E+00 , 0.00000000E+00 ,   246 , 0.30022963E+08 , 0.80857644E+02 , 0.00000000E+00 , 0.00000000E+00 , 
  151 , 0.603266E+08 ,    79 , 0.30126472E+08 , 0.80837765E+02 , 0.00000000E+00 , 0.00000000E+00 ,   246 , 0.30022963E+08 , 0.80857644E+02 , 0.00000000E+00 , 0.00000000E+00 , 
  152 , 0.620546E+08 ,    79 , 0.30126472E+08 , 0.80837765E+02 , 0.00000000E+00 , 0.00000000E+00 ,   246 , 0.30022963E+08 , 0.80857644E+02 , 0.00000000E+00 , 0.00000000E+00 , 
  153 , 0.637826E+08 ,    79 , 0.30126472E+08 , 0.80837765E+02 , 0.00000000E+00 , 0.00000000E+00 ,   246 , 0.30022963E+08 , 0.80857644E+02 , 0.00000000E+00 , 0.00000000E+00 , 
  154 , 0.655106E+08 ,    79 , 0.30126472E+08 , 0.80837765E+02 , 0.00000000E+00 , 0.00000000E+00 ,   246 , 0.30022963E+08 , 0.80857644E+02 , 0.00000000E+00 , 0.00000000E+00 , 
  155 , 0.672386E+08 ,    79 , 0.30126472E+08 , 0.80837765E+02 , 0.00000000E+00 , 0.00000000E+00 ,   246 , 0.30022963E+08 , 0.80857644E+02 , 0.00000000E+00 , 0.00000000E+00 , 
  156 , 0.689666E+08 ,    79 , 0.30126472E+08 , 0.80837765E+02 , 0.00000000E+00 , 0.00000000E+00 ,   246 , 0.30022963E+08 , 0.80857644E+02 , 0.00000000E+00 , 0.00000000E+00 , 
  157 , 0.706946E+08 ,    79 , 0.30126472E+08 , 0.80837765E+02 , 0.00000000E+00 , 0.00000000E+00 ,   246 , 0.30022963E+08 , 0.80857644E+02 , 0.00000000E+00 , 0.00000000E+00 , 
  158 , 0.724226E+08 ,    79 , 0.30126472E+08 , 0.80837765E+02 , 0.00000000E+00 , 0.00000000E+00 ,   246 , 0.30022963E+08 , 0.80857644E+02 , 0.00000000E+00 , 0.00000000E+00 , 
  159 , 0.741506E+08 ,    79 , 0.30126472E+08 , 0.80837765E+02 , 0.00000000E+00 , 0.00000000E+00 ,   246 , 0.30022963E+08 , 0.80857644E+02 , 0.00000000E+00 , 0.00000000E+00 , 
  160 , 0.758786E+08 ,    79 , 0.30126472E+08 , 0.80837765E+02 , 0.00000000E+00 , 0.00000000E+00 ,   246 , 0.30022963E+08 , 0.80857644E+02 , 0.00000000E+00 , 0.00000000E+00 , 
  161 , 0.776066E+08 ,    79 , 0.30126472E+08 , 0.80837765E+02 , 0.00000000E+00 , 0.00000000E+00 ,   246 , 0.30022963E+08 , 0.80857644E+02 , 0.00000000E+00 , 0.00000000E+00 , 
  162 , 0.793346E+08 ,    79 , 0.30126472E+08 , 0.80837765E+02 , 0.00000000E+00 , 0.00000000E+00 ,   246 , 0.30022963E+08 , 0.80857644E+02 , 0.00000000E+00 , 0.00000000E+00 , 
  163 , 0.810626E+08 ,    79 , 0.30126472E+08 , 0.80837765E+02 , 0.00000000E+00 , 0.00000000E+00 ,   246 , 0.30022963E+08 , 0.80857644E+02 , 0.00000000E+00 , 0.00000000E+00 , 
  164 , 0.827906E+08 ,    79 , 0.30126472E+08 , 0.80837765E+02 , 0.00000000E+00 , 0.00000000E+00 ,   246 , 0.30022963E+08 , 0.80857644E+02 , 0.00000000E+00 , 0.00000000E+00 , 
  165 , 0.845186E+08 ,    79 , 0.30126472E+08 , 0.80837765E+02 , 0.00000000E+00 , 0.00000000E+00 ,   246 , 0.30022963E+08 , 0.80857644E+02 , 0.00000000E+00 , 0.00000000E+00 , 
  166 , 0.862466E+08 ,    79 , 0.30126472E+08 , 0.80837765E+02 , 0.00000000E+00 , 0.00000000E+00 ,   246 , 0.30022963E+08 , 0.80857644E+02 , 0.00000000E+00 , 0.00000000E+00 , 
  167 , 0.864000E+08 ,    79 , 0.30126472E+08 , 0.80837765E+02 , 0.00000000E+00 , 0.00000000E+00 ,   246 , 0.30022963E+08 , 0.80857644E+02 , 0.00000000E+00 , 0.00000000E+00 , 
  168 , 0.867067E+08 ,    79 , 0.30126472E+08 , 0.80837765E+02 , 0.00000000E+00 , 0.00000000E+00 ,   246 , 0.30022963E+08 , 0.80857644E+02 , 0.00000000E+00 , 0.00000000E+00 , 
  169 , 0.873202E+08 ,    79 , 0.30126472E+08 , 0.80837765E+02 , 0.00000000E+00 , 0.00000000E+00 ,   246 , 0.30022963E+08 , 0.80857644E+02 , 0.00000000E+00 , 0.00000000E+00 , 
  170 , 0.885470E+08 ,    79 , 0.30126472E+08 , 0.80837765E+02 , 0.00000000E+00 , 0.00000000E+00 ,   246 , 0.30022963E+08 , 0.80857644E+02 , 0.00000000E+00 , 0.00000000E+00 , 
  171 , 0.902750E+08 ,    79 , 0.30126472E+08 , 0.80837765E+02 , 0.00000000E+00 , 0.00000000E+00 ,   246 , 0.30022963E+08 , 0.80857644E+02 , 0.00000000E+00 , 0.00000000E+00 , 
  172 , 0.920030E+08 ,    79 , 0.30126472E+08 , 0.80837765E+02 , 0.00000000E+00 , 0.00000000E+00 ,   246 , 0.30022963E+08 , 0.80857644E+02 , 0.00000000E+00 , 0.00000000E+00 , 
  173 , 0.937310E+08 ,    79 , 0.30126472E+08 , 0.80837765E+02 , 0.00000000E+00 , 0.00000000E+00 ,   246 , 0.30022963E+08 , 0.80857644E+02 , 0.00000000E+00 , 0.00000000E+00 , 
  174 , 0.954590E+08 ,    79 , 0.30126472E+08 , 0.80837765E+02 , 0.00000000E+00 , 0.00000000E+00 ,   246 , 0.30022963E+08 , 0.80857644E+02 , 0.00000000E+00 , 0.00000000E+00 , 
  175 , 0.971870E+08 ,    79 , 0.30126472E+08 , 0.80837765E+02 , 0.00000000E+00 , 0.00000000E+00 ,   246 , 0.30022963E+08 , 0.80857644E+02 , 0.00000000E+00 , 0.00000000E+00 , 
  176 , 0.989150E+08 ,    79 , 0.30126472E+08 , 0.80837765E+02 , 0.00000000E+00 , 0.00000000E+00 ,   246 , 0.30022963E+08 , 0.80857644E+02 , 0.00000000E+00 , 0.00000000E+00 , 
  177 , 0.100643E+09 ,    79 , 0.30126472E+08 , 0.80837765E+02 , 0.00000000E+00 , 0.00000000E+00 ,   246 , 0.30022963E+08 , 0.80857644E+02 , 0.00000000E+00 , 0.00000000E+00 , 
  178 , 0.102371E+09 ,    79 , 0.30126472E+08 , 0.80837765E+02 , 0.00000000E+00 , 0.00000000E+00 ,   246 , 0.30022963E+08 , 0.80857644E+02 , 0.00000000E+00 , 0.00000000E+00 , 
  179 , 0.104099E+09 ,    79 , 0.30126472E+08 , 0.80837765E+02 , 0.00000000E+00 , 0.00000000E+00 ,   246 , 0.30022963E+08 , 0.80857644E+02 , 0.00000000E+00 , 0.00000000E+00 , 
  180 , 0.105827E+09 ,    79 , 0.30126472E+08 , 0.80837765E+02 , 0.00000000E+00 , 0.00000000E+00 ,   246 , 0.30022963E+08 , 0.80857644E+02 , 0.00000000E+00 , 0.00000000E+00 , 
  181 , 0.107555E+09 ,    79 , 0.30126472E+08 , 0.80837765E+02 , 0.00000000E+00 , 0.00000000E+00 ,   246 , 0.30022963E+08 , 0.80857644E+02 , 0.00000000E+00 , 0.00000000E+00 , 
  182 , 0.109283E+09 ,    79 , 0.30126472E+08 , 0.80837765E+02 , 0.00000000E+00 , 0.00000000E+00 ,   246 , 0.30022963E+08 , 0.80857644E+02 , 0.00000000E+00 , 0.00000000E+00 , 
  183 , 0.111011E+09 ,    79 , 0.30126472E+08 , 0.80837765E+02 , 0.00000000E+00 , 0.00000000E+00 ,   246 , 0.30022963E+08 , 0.80857644E+02 , 0.00000000E+00 , 0.00000000E+00 , 
  184 , 0.112739E+09 ,    79 , 0.30126472E+08 , 0.80837765E+02 , 0.00000000E+00 , 0.00000000E+00 ,   246 , 0.30022963E+08 , 0.80857644E+02 , 0.00000000E+00 , 0.00000000E+00 , 
  185 , 0.114467E+09 ,    79 , 0.30126472E+08 , 0.80837765E+02 , 0.00000000E+00 , 0.00000000E+00 ,   246 , 0.30022963E+08 , 0.80857644E+02 , 0.00000000E+00 , 0.00000000E+00 , 
  186 , 0.116195E+09 ,    79 , 0.30126472E+08 , 0.80837765E+02 , 0.00000000E+00 , 0.00000000E+00 ,   246 , 0.30022963E+08 , 0.80857644E+02 , 0.00000000E+00 , 0.00000000E+00 , 
  187 , 0.117923E+09 ,    79 , 0.30126472E+08 , 0.80837765E+02 , 0.00000000E+00 , 0.00000000E+00 ,   246 , 0.30022963E+08 , 0.80857644E+02 , 0.00000000E+00 , 0.00000000E+00 , 
  188 , 0.119651E+09 ,    79 , 0.30126472E+08 , 0.80837765E+02 , 0.00000000E+00 , 0.00000000E+00 ,   246 , 0.30022963E+08 , 0.80857644E+02 , 0.00000000E+00 , 0.00000000E+00 , 
  189 , 0.121379E+09 ,    79 , 0.30126472E+08 , 0.80837765E+02 , 0.00000000E+00 , 0.00000000E+00 ,   246 , 0.30022963E+08 , 0.80857644E+02 , 0.00000000E+00 , 0.00000000E+00 , 
  190 , 0.123107E+09 ,    79 , 0.30126472E+08 , 0.80837765E+02 , 0.00000000E+00 , 0.00000000E+00 ,   246 , 0.30022963E+08 , 0.80857644E+02 , 0.00000000E+00 , 0.00000000E+00 , 
  191 , 0.124835E+09 ,    79 , 0.30126472E+08 , 0.80837765E+02 , 0.00000000E+00 , 0.00000000E+00 ,   246 , 0.30022963E+08 , 0.80857644E+02 , 0.00000000E+00 , 0.00000000E+00 , 
  192 , 0.126563E+09 ,    79 , 0.30126472E+08 , 0.80837765E+02 , 0.00000000E+00 , 0.00000000E+00 ,   246 , 0.30022963E+08 , 0.80857644E+02 , 0.00000000E+00 , 0.00000000E+00 , 
  193 , 0.128291E+09 ,    79 , 0.30126472E+08 , 0.80837765E+02 , 0.00000000E+00 , 0.00000000E+00 ,   246 , 0.30022963E+08 , 0.80857644E+02 , 0.00000000E+00 , 0.00000000E+00 , 
  194 , 0.130019E+09 ,    79 , 0.30126472E+08 , 0.80837765E+02 , 0.00000000E+00 , 0.00000000E+00 ,   246 , 0.30022963E+08 , 0.80857644E+02 , 0.00000000E+00 , 0.00000000E+00 , 
  195 , 0.131747E+09 ,    79 , 0.30126472E+08 , 0.80837765E+02 , 0.00000000E+00 , 0.00000000E+00 ,   246 , 0.30022963E+08 , 0.80857644E+02 , 0.00000000E+00 , 0.00000000E+00 , 
  196 , 0.133475E+09 ,    79 , 0.30126472E+08 , 0.80837765E+02 , 0.00000000E+00 , 0.00000000E+00 ,   246 , 0.30022963E+08 , 0.80857644E+02 , 0.00000000E+00 , 0.00000000E+00 , 
  197 , 0.135203E+09 ,    79 , 0.30126472E+08 , 0.80837765E+02 , 0.00000000E+00 , 0.00000000E+00 ,   246 , 0.30022963E+08 , 0.80857644E+02 , 0.00000000E+00 , 0.00000000E+00 , 
  198 , 0.136931E+09 ,    79 , 0.30126472E+08 , 0.80837765E+02 , 0.00000000E+00 , 0.00000000E+00 ,   246 , 0.30022963E+08 , 0.80857644E+02 , 0.00000000E+00 , 0.00000000E+00 , 
  199 , 0.138659E+09 ,    79 , 0.30126472E+08 , 0.80837765E+02 , 0.00000000E+00 , 0.00000000E+00 ,   246 , 0.30022963E+08 , 0.80857644E+02 , 0.00000000E+00 , 0.00000000E+00 , 
  200 , 0.140387E+09 ,    79 , 0.30126472E+08 , 0.80837765E+02 , 0.00000000E+00 , 0.00000000E+00 ,   246 , 0.30022963E+08 , 0.80857644E+02 , 0.00000000E+00 , 0.00000000E+00 , 
  201 , 0.142115E+09 ,    79 , 0.30126472E+08 , 0.80837765E+02 , 0.00000000E+00 , 0.00000000E+00 ,   246 , 0.30022963E+08 , 0.80857644E+02 , 0.00000000E+00 , 0.00000000E+00 , 
  202 , 0.143843E+09 ,    79 , 0.30126472E+08 , 0.80837765E+02 , 0.00000000E+00 , 0.00000000E+00 ,   246 , 0.30022963E+08 , 0.80857644E+02 , 0.00000000E+00 , 0.00000000E+00 , 
  203 , 0.145571E+09 ,    79 , 0.30126472E+08 , 0.80837765E+02 , 0.00000000E+00 , 0.00000000E+00 ,   246 , 0.30022963E+08 , 0.80857644E+02 , 0.00000000E+00 , 0.00000000E+00 , 
  204 , 0.147299E+09 ,    79 , 0.30126472E+08 , 0.80837765E+02 , 0.00000000E+00 , 0.00000000E+00 ,   246 , 0.30022963E+08 , 0.80857644E+02 , 0.00000000E+00 , 0.00000000E+00 , 
  205 , 0.149027E+09 ,    79 , 0.30126472E+08 , 0.80837765E+02 , 0.00000000E+00 , 0.00000000E+00 ,   246 , 0.30022963E+08 , 0.80857644E+02 , 0.00000000E+00 , 0.00000000E+00 , 
  206 , 0.150755E+09 ,    79 , 0.30126472E+08 , 0.80837765E+02 , 0.00000000E+00 , 0.00000000E+00 ,   246 , 0.30022963E+08 , 0.80857644E+02 , 0.00000000E+00 , 0.00000000E+00 , 
  207 , 0.152483E+09 ,    79 , 0.30126472E+08 , 0.80837765E+02 , 0.00000000E+00 , 0.00000000E+00 ,   246 , 0.30022963E+08 , 0.80857644E+02 , 0.00000000E+00 , 0.00000000E+00 , 
  208 , 0.154211E+09 ,    79 , 0.30126472E+08 , 0.80837765E+02 , 0.00000000E+00 , 0.00000000E+00 ,   246 , 0.30022963E+08 , 0.80857644E+02 , 0.00000000E+00 , 0.00000000E+00 , 
  209 , 0.155939E+09 ,    79 , 0.30126472E+08 , 0.80837765E+02 , 0.00000000E+00 , 0.00000000E+00 ,   246 , 0.30022963E+08 , 0.80857644E+02 , 0.00000000E+00 , 0.00000000E+00 , 
  210 , 0.157667E+09 ,    79 , 0.30126472E+08 , 0.80837765E+02 , 0.00000000E+00 , 0.00000000E+00 ,   246 , 0.30022963E+08 , 0.80857644E+02 , 0.00000000E+00 , 0.00000000E+00 , 
  211 , 0.159395E+09 ,    79 , 0.30126472E+08 , 0.80837765E+02 , 0.00000000E+00 , 0.00000000E+00 ,   246 , 0.30022963E+08 , 0.80857644E+02 , 0.00000000E+00 , 0.00000000E+00 , 
  212 , 0.161123E+09 ,    79 , 0.30126472E+08 , 0.80837765E+02 , 0.00000000E+00 , 0.00000000E+00 ,   246 , 0.30022963E+08 , 0.80857644E+02 , 0.00000000E+00 , 0.00000000E+00 , 
  213 , 0.162851E+09 ,    79 , 0.30126472E+08 , 0.80837765E+02 , 0.00000000E+00 , 0.00000000E+00 ,   246 , 0.30022963E+08 , 0.80857644E+02 , 0.00000000E+00 , 0.00000000E+00 , 
  214 , 0.164579E+09 ,    79 , 0.30126472E+08 , 0.80837765E+02 , 0.00000000E+00 , 0.00000000E+00 ,   246 , 0.30022963E+08 , 0.80857644E+02 , 0.00000000E+00 , 0.00000000E+00 , 
  215 , 0.166307E+09 ,    79 , 0.30126472E+08 , 0.80837765E+02 , 0.00000000E+00 , 0.00000000E+00 ,   246 , 0.30022963E+08 , 0.80857644E+02 , 0.00000000E+00 , 0.00000000E+00 , 
  216 , 0.168035E+09 ,    79 , 0.30126472E+08 , 0.80837765E+02 , 0.00000000E+00 , 0.00000000E+00 ,   246 , 0.30022963E+08 , 0.80857644E+02 , 0.00000000E+00 , 0.00000000E+00 , 
  217 , 0.169763E+09 ,    79 , 0.30126472E+08 , 0.80837765E+02 , 0.00000000E+00 , 0.00000000E+00 ,   246 , 0.30022963E+08 , 0.80857644E+02 , 0.00000000E+00 , 0.00000000E+00 , 
  218 , 0.171491E+09 ,    79 , 0.30126472E+08 , 0.80837765E+02 , 0.00000000E+00 , 0.00000000E+00 ,   246 , 0.30022963E+08 , 0.80857644E+02 , 0.00000000E+00 , 0.00000000E+00 , 
  219 , 0.173219E+09 ,    79 , 0.30126472E+08 , 0.80837765E+02 , 0.00000000E+00 , 0.00000000E+00 ,   246 , 0.30022963E+08 , 0.80857644E+02 , 0.00000000E+00 , 0.00000000E+00 , 
  220 , 0.174947E+09 ,    79 , 0.30126472E+08 , 0.80837765E+02 , 0.00000000E+00 , 0.00000000E+00 ,   246 , 0.30022963E+08 , 0.80857644E+02 , 0.00000000E+00 , 0.00000000E+00 , 
  221 , 0.176675E+09 ,    79 , 0.30126472E+08 , 0.80837765E+02 , 0.00000000E+00 , 0.00000000E+00 ,   246 , 0.30022963E+08 , 0.80857644E+02 , 0.00000000E+00 , 0.00000000E+00 , 
  222 , 0.178403E+09 ,    79 , 0.30126472E+08 , 0.80837765E+02 , 0.00000000E+00 , 0.00000000E+00 ,   246 , 0.30022963E+08 , 0.80857644E+02 , 0.00000000E+00 , 0.00000000E+00 , 
  223 , 0.180131E+09 ,    79 , 0.30126472E+08 , 0.80837765E+02 , 0.00000000E+00 , 0.00000000E+00 ,   246 , 0.30022963E+08 , 0.80857644E+02 , 0.00000000E+00 , 0.00000000E+00 , 
  224 , 0.181859E+09 ,    79 , 0.30126472E+08 , 0.80837765E+02 , 0.00000000E+00 , 0.00000000E+00 ,   246 , 0.30022963E+08 , 0.80857644E+02 , 0.00000000E+00 , 0.00000000E+00 , 
  225 , 0.183587E+09 ,    79 , 0.30126472E+08 , 0.80837765E+02 , 0.00000000E+00 , 0.00000000E+00 ,   246 , 0.30022963E+08 , 0.80857644E+02 , 0.00000000E+00 , 0.00000000E+00 , 
  226 , 0.185315E+09 ,    79 , 0.30126472E+08 , 0.80837765E+02 , 0.00000000E+00 , 0.00000000E+00 ,   246 , 0.30022963E+08 , 0.80857644E+02 , 0.00000000E+00 , 0.00000000E+00 , 
  227 , 0.187043E+09 ,    79 , 0.30126472E+08 , 0.80837765E+02 , 0.00000000E+00 , 0.00000000E+00 ,   246 , 0.30022963E+08 , 0.80857644E+02 , 0.00000000E+00 , 0.00000000E+00 , 
  228 , 0.188771E+09 ,    79 , 0.30126472E+08 , 0.80837765E+02 , 0.00000000E+00 , 0.00000000E+00 ,   246 , 0.30022963E+08 , 0.80857644E+02 , 0.00000000E+00 , 0.00000000E+00 , 
  229 , 0.190499E+09 ,    79 , 0.30126472E+08 , 0.80837765E+02 , 0.00000000E+00 , 0.00000000E+00 ,   246 , 0.30022963E+08 , 0.80857644E+02 , 0.00000000E+00 , 0.00000000E+00 , 
  230 , 0.192227E+09 ,    79 , 0.30126472E+08 , 0.80837765E+02 , 0.00000000E+00 , 0.00000000E+00 ,   246 , 0.30022963E+08 , 0.80857644E+02 , 0.00000000E+00 , 0.00000000E+00 , 
  231 , 0.193955E+09 ,    79 , 0.30126472E+08 , 0.80837765E+02 , 0.00000000E+00 , 0.00000000E+00 ,   246 , 0.30022963E+08 , 0.80857644E+02 , 0.00000000E+00 , 0.00000000E+00 , 
  232 , 0.195683E+09 ,    79 , 0.30126472E+08 , 0.80837765E+02 , 0.00000000E+00 , 0.00000000E+00 ,   246 , 0.30022963E+08 , 0.80857644E+02 , 0.00000000E+00 , 0.00000000E+00 , 
  233 , 0.197411E+09 ,    79 , 0.30126472E+08 , 0.80837765E+02 , 0.00000000E+00 , 0.00000000E+00 ,   246 , 0.30022963E+08 , 0.80857644E+02 , 0.00000000E+00 , 0.00000000E+00 , 
  234 , 0.199139E+09 ,    79 , 0.30126472E+08 , 0.80837765E+02 , 0.00000000E+00 , 0.00000000E+00 ,   246 , 0.30022963E+08 , 0.80857644E+02 , 0.00000000E+00 , 0.00000000E+00 , 
  235 , 0.200867E+09 ,    79 , 0.30126472E+08 , 0.80837765E+02 , 0.00000000E+00 , 0.00000000E+00 ,   246 , 0.30022963E+08 , 0.80857644E+02 , 0.00000000E+00 , 0.00000000E+00 , 
  236 , 0.202595E+09 ,    79 , 0.30126472E+08 , 0.80837765E+02 , 0.00000000E+00 , 0.00000000E+00 ,   246 , 0.30022963E+08 , 0.80857644E+02 , 0.00000000E+00 , 0.00000000E+00 , 
  237 , 0.204323E+09 ,    79 , 0.30126472E+08 , 0.80837765E+02 , 0.00000000E+00 , 0.00000000E+00 ,   246 , 0.30022963E+08 , 0.80857644E+02 , 0.00000000E+00 , 0.00000000E+00 , 
  238 , 0.206051E+09 ,    79 , 0.30126472E+08 , 0.80837765E+02 , 0.00000000E+00 , 0.00000000E+00 ,   246 , 0.30022963E+08 , 0.80857644E+02 , 0.00000000E+00 , 0.00000000E+00 , 
  239 , 0.207779E+09 ,    79 , 0.30126472E+08 , 0.80837765E+02 , 0.00000000E+00 , 0.00000000E+00 ,   246 , 0.30022963E+08 , 0.80857644E+02 , 0.00000000E+00 , 0.00000000E+00 , 
  240 , 0.209507E+09 ,    79 , 0.30126472E+08 , 0.80837765E+02 , 0.00000000E+00 , 0.00000000E+00 ,   246 , 0.30022963E+08 , 0.80857644E+02 , 0.00000000E+00 , 0.00000000E+00 , 
  241 , 0.211235E+09 ,    79 , 0.30126472E+08 , 0.80837765E+02 , 0.00000000E+00 , 0.00000000E+00 ,   246 , 0.30022963E+08 , 0.80857644E+02 , 0.00000000E+00 , 0.00000000E+00 , 
  242 , 0.212963E+09 ,    79 , 0.30126472E+08 , 0.80837765E+02 , 0.00000000E+00 , 0.00000000E+00 ,   246 , 0.30022963E+08 , 0.80857644E+02 , 0.00000000E+00 , 0.00000000E+00 , 
  243 , 0.214691E+09 ,    79 , 0.30126472E+08 , 0.80837765E+02 , 0.00000000E+00 , 0.00000000E+00 ,   246 , 0.30022963E+08 , 0.80857644E+02 , 0.00000000E+00 , 0.00000000E+00 , 
  244 , 0.216419E+09 ,    79 , 0.30126472E+08 , 0.80837765E+02 , 0.00000000E+00 , 0.00000000E+00 ,   246 , 0.30022963E+08 , 0.80857644E+02 , 0.00000000E+00 , 0.00000000E+00 , 
  245 , 0.218147E+09 ,    79 , 0.30126472E+08 , 0.80837765E+02 , 0.00000000E+00 , 0.00000000E+00 ,   246 , 0.30022963E+08 , 0.80857644E+02 , 0.00000000E+00 , 0.00000000E+00 , 
  246 , 0.219875E+09 ,    79 , 0.30126472E+08 , 0.80837765E+02 , 0.00000000E+00 , 0.00000000E+00 ,   246 , 0.30022963E+08 , 0.80857644E+02 , 0.00000000E+00 , 0.00000000E+00 , 
  247 , 0.221603E+09 ,    79 , 0.30126472E+08 , 0.80837765E+02 , 0.00000000E+00 , 0.00000000E+00 ,   246 , 0.30022963E+08 , 0.80857644E+02 , 0.00000000E+00 , 0.00000000E+00 , 
  248 , 0.223331E+09 ,    79 , 0.30126472E+08 , 0.80837765E+02 , 0.00000000E+00 , 0.00000000E+00 ,   246 , 0.30022963E+08 , 0.80857644E+02 , 0.00000000E+00 , 0.00000000E+00 , 
  249 , 0.225059E+09 ,    79 , 0.30126472E+08 , 0.80837765E+02 , 0.00000000E+00 , 0.00000000E+00 ,   246 , 0.30022963E+08 , 0.80857644E+02 , 0.00000000E+00 , 0.00000000E+00 , 
  250 , 0.226787E+09 ,    79 , 0.30126472E+08 , 0.80837765E+02 , 0.00000000E+00 , 0.00000000E+00 ,   246 , 0.30022963E+08 , 0.80857644E+02 , 0.00000000E+00 , 0.00000000E+00 , 
  251 , 0.228515E+09 ,    79 , 0.30126472E+08 , 0.80837765E+02 , 0.00000000E+00 , 0.00000000E+00 ,   246 , 0.30022963E+08 , 0.80857644E+02 , 0.00000000E+00 , 0.00000000E+00 , 
  252 , 0.230243E+09 ,    79 , 0.30126472E+08 , 0.80837765E+02 , 0.00000000E+00 , 0.00000000E+00 ,   246 , 0.30022963E+08 , 0.80857644E+02 , 0.00000000E+00 , 0.00000000E+00 , 
  253 , 0.231971E+09 ,    79 , 0.30126472E+08 , 0.80837765E+02 , 0.00000000E+00 , 0.00000000E+00 ,   246 , 0.30022963E+08 , 0.80857644E+02 , 0.00000000E+00 , 0.00000000E+00 , 
  254 , 0.233699E+09 ,    79 , 0.30126472E+08 , 0.80837765E+02 , 0.00000000E+00 , 0.00000000E+00 ,   246 , 0.30022963E+08 , 0.80857644E+02 , 0.00000000E+00 , 0.00000000E+00 , 
  255 , 0.235427E+09 ,    79 , 0.30126472E+08 , 0.80837765E+02 , 0.00000000E+00 , 0.00000000E+00 ,   246 , 0.30022963E+08 , 0.80857644E+02 , 0.00000000E+00 , 0.00000000E+00 , 
  256 , 0.237155E+09 ,    79 , 0.30126472E+08 , 0.80837765E+02 , 0.00000000E+00 , 0.00000000E+00 ,   246 , 0.30022963E+08 , 0.80857644E+02 , 0.00000000E+00 , 0.00000000E+00 , 
  257 , 0.238883E+09 ,    79 , 0.30126472E+08 , 0.80837765E+02 , 0.00000000E+00 , 0.00000000E+00 ,   246 , 0.30022963E+08 , 0.80857644E+02 , 0.00000000E+00 , 0.00000000E+00 , 
  258 , 0.240611E+09 ,    79 , 0.30126472E+08 , 0.80837765E+02 , 0.00000000E+00 , 0.00000000E+00 ,   246 , 0.30022963E+08 , 0.80857644E+02 , 0.00000000E+00 , 0.00000000E+00 , 
  259 , 0.242339E+09 ,    79 , 0.30126472E+08 , 0.80837765E+02 , 0.00000000E+00 , 0.00000000E+00 ,   246 , 0.30022963E+08 , 0.80857644E+02 , 0.00000000E+00 , 0.00000000E+00 , 
  260 , 0.244067E+09 ,    79 , 0.30126472E+08 , 0.80837765E+02 , 0.00000000E+00 , 0.00000000E+00 ,   246 , 0.30022963E+08 , 0.80857644E+02 , 0.00000000E+00 , 0.00000000E+00 , 
  261 , 0.245795E+09 ,    79 , 0.30126472E+08 , 0.80837765E+02 , 0.00000000E+00 , 0.00000000E+00 ,   246 , 0.30022963E+08 , 0.80857644E+02 , 0.00000000E+00 , 0.00000000E+00 , 
  262 , 0.247523E+09 ,    79 , 0.30126472E+08 , 0.80837765E+02 , 0.00000000E+00 , 0.00000000E+00 ,   246 , 0.30022963E+08 , 0.80857644E+02 , 0.00000000E+00 , 0.00000000E+00 , 
  263 , 0.249251E+09 ,    79 , 0.30126472E+08 , 0.80837765E+02 , 0.00000000E+00 , 0.00000000E+00 ,   246 , 0.30022963E+08 , 0.80857644E+02 , 0.00000000E+00 , 0.00000000E+00 , 
  264 , 0.250979E+09 ,    79 , 0.30126472E+08 , 0.80837765E+02 , 0.00000000E+00 , 0.00000000E+00 ,   246 , 0.30022963E+08 , 0.80857644E+02 , 0.00000000E+00 , 0.00000000E+00 , 
  265 , 0.252707E+09 ,    79 , 0.30126472E+08 , 0.80837765E+02 , 0.00000000E+00 , 0.00000000E+00 ,   246 , 0.30022963E+08 , 0.80857644E+02 , 0.00000000E+00 , 0.00000000E+00 , 
  266 , 0.254435E+09 ,    79 , 0.30126472E+08 , 0.80837765E+02 , 0.00000000E+00 , 0.00000000E+00 ,   246 , 0.30022963E+08 , 0.80857644E+02 , 0.00000000E+00 , 0.00000000E+00 , 
  267 , 0.256163E+09 ,    79 , 0.30126472E+08 , 0.80837765E+02 , 0.00000000E+00 , 0.00000000E+00 ,   246 , 0.30022963E+08 , 0.80857644E+02 , 0.00000000E+00 , 0.00000000E+00 , 
  268 , 0.257891E+09 ,    79 , 0.30126472E+08 , 0.80837765E+02 , 0.00000000E+00 , 0.00000000E+00 ,   246 , 0.30022963E+08 , 0.80857644E+02 , 0.00000000E+00 , 0.00000000E+00 , 
  269 , 0.259619E+09 ,    79 , 0.30126472E+08 , 0.80837765E+02 , 0.00000000E+00 , 0.00000000E+00 ,   246 , 0.30022963E+08 , 0.80857644E+02 , 0.00000000E+00 , 0.00000000E+00 , 
  270 , 0.261347E+09 ,    79 , 0.30126472E+08 , 0.80837765E+02 , 0.00000000E+00 , 0.00000000E+00 ,   246 , 0.30022963E+08 , 0.80857644E+02 , 0.00000000E+00 , 0.00000000E+00 , 
  271 , 0.263075E+09 ,    79 , 0.30126472E+08 , 0.80837765E+02 , 0.00000000E+00 , 0.00000000E+00 ,   246 , 0.30022963E+08 , 0.80857644E+02 , 0.00000000E+00 , 0.00000000E+00 , 
  272 , 0.264803E+09 ,    79 , 0.30126472E+08 , 0.80837765E+02 , 0.00000000E+00 , 0.00000000E+00 ,   246 , 0.30022963E+08 , 0.80857644E+02 , 0.00000000E+00 , 0.00000000E+00 , 
  273 , 0.266531E+09 ,    79 , 0.30126472E+08 , 0.80837765E+02 , 0.00000000E+00 , 0.00000000E+00 ,   246 , 0.30022963E+08 , 0.80857644E+02 , 0.00000000E+00 , 0.00000000E+00 , 
  274 , 0.268259E+09 ,    79 , 0.30126472E+08 , 0.80837765E+02 , 0.00000000E+00 , 0.00000000E+00 ,   246 , 0.30022963E+08 , 0.80857644E+02 , 0.00000000E+00 , 0.00000000E+00 , 
  275 , 0.269987E+09 ,    79 , 0.30126472E+08 , 0.80837765E+02 , 0.00000000E+00 , 0.00000000E+00 ,   246 , 0.30022963E+08 , 0.80857644E+02 , 0.00000000E+00 , 0.00000000E+00 , 
  276 , 0.271715E+09 ,    79 , 0.30126472E+08 , 0.80837765E+02 , 0.00000000E+00 , 0.00000000E+00 ,   246 , 0.30022963E+08 , 0.80857644E+02 , 0.00000000E+00 , 0.00000000E+00 , 
  277 , 0.273443E+09 ,    79 , 0.30126472E+08 , 0.80837765E+02 , 0.00000000E+00 , 0.00000000E+00 ,   246 , 0.30022963E+08 , 0.80857644E+02 , 0.00000000E+00 , 0.00000000E+00 , 
  278 , 0.275171E+09 ,    79 , 0.30126472E+08 , 0.80837765E+02 , 0.00000000E+00 , 0.00000000E+00 ,   246 , 0.30022963E+08 , 0.80857644E+02 , 0.00000000E+00 , 0.00000000E+00 , 
  279 , 0.276899E+09 ,    79 , 0.30126472E+08 , 0.80837765E+02 , 0.00000000E+00 , 0.00000000E+00 ,   246 , 0.30022963E+08 , 0.80857644E+02 , 0.00000000E+00 , 0.00000000E+00 , 
  280 , 0.278627E+09 ,    79 , 0.30126472E+08 , 0.80837765E+02 , 0.00000000E+00 , 0.00000000E+00 ,   246 , 0.30022963E+08 , 0.80857644E+02 , 0.00000000E+00 , 0.00000000E+00 , 
  281 , 0.280355E+09 ,    79 , 0.30126472E+08 , 0.80837765E+02 , 0.00000000E+00 , 0.00000000E+00 ,   246 , 0.30022963E+08 , 0.80857644E+02 , 0.00000000E+00 , 0.00000000E+00 , 
  282 , 0.282083E+09 ,    79 , 0.30126472E+08 , 0.80837765E+02 , 0.00000000E+00 , 0.00000000E+00 ,   246 , 0.30022963E+08 , 0.80857644E+02 , 0.00000000E+00 , 0.00000000E+00 , 
  283 , 0.283811E+09 ,    79 , 0.30126472E+08 , 0.80837765E+02 , 0.00000000E+00 , 0.00000000E+00 ,   246 , 0.30022963E+08 , 0.80857644E+02 , 0.00000000E+00 , 0.00000000E+00 , 
  284 , 0.285539E+09 ,    79 , 0.30126472E+08 , 0.80837765E+02 , 0.00000000E+00 , 0.00000000E+00 ,   246 , 0.30022963E+08 , 0.80857644E+02 , 0.00000000E+00 , 0.00000000E+00 , 
  285 , 0.287267E+09 ,    79 , 0.30126472E+08 , 0.80837765E+02 , 0.00000000E+00 , 0.00000000E+00 ,   246 , 0.30022963E+08 , 0.80857644E+02 , 0.00000000E+00 , 0.00000000E+00 , 
  286 , 0.288995E+09 ,    79 , 0.30126472E+08 , 0.80837765E+02 , 0.00000000E+00 , 0.00000000E+00 ,   246 , 0.30022963E+08 , 0.80857644E+02 , 0.00000000E+00 , 0.00000000E+00 , 
  287 , 0.290723E+09 ,    79 , 0.30126472E+08 , 0.80837765E+02 , 0.00000000E+00 , 0.00000000E+00 ,   246 , 0.30022963E+08 , 0.80857644E+02 , 0.00000000E+00 , 0.00000000E+00 , 
  288 , 0.292451E+09 ,    79 , 0.30126472E+08 , 0.80837765E+02 , 0.00000000E+00 , 0.00000000E+00 ,   246 , 0.30022963E+08 , 0.80857644E+02 , 0.00000000E+00 , 0.00000000E+00 , 
  289 , 0.294179E+09 ,    79 , 0.30126472E+08 , 0.80837765E+02 , 0.00000000E+00 , 0.00000000E+00 ,   246 , 0.30022963E+08 , 0.80857644E+02 , 0.00000000E+00 , 0.00000000E+00 , 
  290 , 0.295907E+09 ,    79 , 0.30126472E+08 , 0.80837765E+02 , 0.00000000E+00 , 0.00000000E+00 ,   246 , 0.30022963E+08 , 0.80857644E+02 , 0.00000000E+00 , 0.00000000E+00 , 
  291 , 0.297635E+09 ,    79 , 0.30126472E+08 , 0.80837765E+02 , 0.00000000E+00 , 0.00000000E+00 ,   246 , 0.30022963E+08 , 0.80857644E+02 , 0.00000000E+00 , 0.00000000E+00 , 
  292 , 0.299363E+09 ,    79 , 0.30126472E+08 , 0.80837765E+02 , 0.00000000E+00 , 0.00000000E+00 ,   246 , 0.30022963E+08 , 0.80857644E+02 , 0.00000000E+00 , 0.00000000E+00 , 
  293 , 0.301091E+09 ,    79 , 0.30126472E+08 , 0.80837765E+02 , 0.00000000E+00 , 0.00000000E+00 ,   246 , 0.30022963E+08 , 0.80857644E+02 , 0.00000000E+00 , 0.00000000E+00 , 
  294 , 0.302819E+09 ,    79 , 0.30126472E+08 , 0.80837765E+02 , 0.00000000E+00 , 0.00000000E+00 ,   246 , 0.30022963E+08 , 0.80857644E+02 , 0.00000000E+00 , 0.00000000E+00 , 
  295 , 0.304547E+09 ,    79 , 0.30126472E+08 , 0.80837765E+02 , 0.00000000E+00 , 0.00000000E+00 ,   246 , 0.30022963E+08 , 0.80857644E+02 , 0.00000000E+00 , 0.00000000E+00 , 
  296 , 0.306275E+09 ,    79 , 0.30126472E+08 , 0.80837765E+02 , 0.00000000E+00 , 0.00000000E+00 ,   246 , 0.30022963E+08 , 0.80857644E+02 , 0.00000000E+00 , 0.00000000E+00 , 
  297 , 0.308003E+09 ,    79 , 0.30126472E+08 , 0.80837765E+02 , 0.00000000E+00 , 0.00000000E+00 ,   246 , 0.30022963E+08 , 0.80857644E+02 , 0.00000000E+00 , 0.00000000E+00 , 
  298 , 0.309731E+09 ,    79 , 0.30126472E+08 , 0.80837765E+02 , 0.00000000E+00 , 0.00000000E+00 ,   246 , 0.30022963E+08 , 0.80857644E+02 , 0.00000000E+00 , 0.00000000E+00 , 
  299 , 0.311459E+09 ,    79 , 0.30126472E+08 , 0.80837765E+02 , 0.00000000E+00 , 0.00000000E+00 ,   246 , 0.30022963E+08 , 0.80857644E+02 , 0.00000000E+00 , 0.00000000E+00 , 
  300 , 0.313187E+09 ,    79 , 0.30126472E+08 , 0.80837765E+02 , 0.00000000E+00 , 0.00000000E+00 ,   246 , 0.30022963E+08 , 0.80857644E+02 , 0.00000000E+00 , 0.00000000E+00 , 
  301 , 0.314915E+09 ,    79 , 0.30126472E+08 , 0.80837765E+02 , 0.00000000E+00 , 0.00000000E+00 ,   246 , 0.30022963E+08 , 0.80857644E+02 , 0.00000000E+00 , 0.00000000E+00 , 
  302 , 0.316643E+09 ,    79 , 0.30126472E+08 , 0.80837765E+02 , 0.00000000E+00 , 0.00000000E+00 ,   246 , 0.30022963E+08 , 0.80857644E+02 , 0.00000000E+00 , 0.00000000E+00 , 
  303 , 0.318371E+09 ,    79 , 0.30126472E+08 , 0.80837765E+02 , 0.00000000E+00 , 0.00000000E+00 ,   246 , 0.30022963E+08 , 0.80857644E+02 , 0.00000000E+00 , 0.00000000E+00 , 
  304 , 0.320099E+09 ,    79 , 0.30126472E+08 , 0.80837765E+02 , 0.00000000E+00 , 0.00000000E+00 ,   246 , 0.30022963E+08 , 0.80857644E+02 , 0.00000000E+00 , 0.00000000E+00 , 
  305 , 0.321827E+09 ,    79 , 0.30126472E+08 , 0.80837765E+02 , 0.00000000E+00 , 0.00000000E+00 ,   246 , 0.30022963E+08 , 0.80857644E+02 , 0.00000000E+00 , 0.00000000E+00 , 
  306 , 0.323555E+09 ,    79 , 0.30126472E+08 , 0.80837765E+02 , 0.00000000E+00 , 0.00000000E+00 ,   246 , 0.30022963E+08 , 0.80857644E+02 , 0.00000000E+00 , 0.00000000E+00 , 
  307 , 0.325283E+09 ,    79 , 0.30126472E+08 , 0.80837765E+02 , 0.00000000E+00 , 0.00000000E+00 ,   246 , 0.30022963E+08 , 0.80857644E+02 , 0.00000000E+00 , 0.00000000E+00 , 
  308 , 0.327011E+09 ,    79 , 0.30126472E+08 , 0.80837765E+02 , 0.00000000E+00 , 0.00000000E+00 ,   246 , 0.30022963E+08 , 0.80857644E+02 , 0.00000000E+00 , 0.00000000E+00 , 
  309 , 0.328739E+09 ,    79 , 0.30126472E+08 , 0.80837765E+02 , 0.00000000E+00 , 0.00000000E+00 ,   246 , 0.30022963E+08 , 0.80857644E+02 , 0.00000000E+00 , 0.00000000E+00 , 
  310 , 0.330467E+09 ,    79 , 0.30126472E+08 , 0.80837765E+02 , 0.00000000E+00 , 0.00000000E+00 ,   246 , 0.30022963E+08 , 0.80857644E+02 , 0.00000000E+00 , 0.00000000E+00 , 
  311 , 0.332195E+09 ,    79 , 0.30126472E+08 , 0.80837765E+02 , 0.00000000E+00 , 0.00000000E+00 ,   246 , 0.30022963E+08 , 0.80857644E+02 , 0.00000000E+00 , 0.00000000E+00 , 
  312 , 0.333923E+09 ,    79 , 0.30126472E+08 , 0.80837765E+02 , 0.00000000E+00 , 0.00000000E+00 ,   246 , 0.30022963E+08 , 0.80857644E+02 , 0.00000000E+00 , 0.00000000E+00 , 
  313 , 0.335651E+09 ,    79 , 0.30126472E+08 , 0.80837765E+02 , 0.00000000E+00 , 0.00000000E+00 ,   246 , 0.30022963E+08 , 0.80857644E+02 , 0.00000000E+00 , 0.00000000E+00 , 
  314 , 0.337379E+09 ,    79 , 0.30126472E+08 , 0.80837765E+02 , 0.00000000E+00 , 0.00000000E+00 ,   246 , 0.30022963E+08 , 0.80857644E+02 , 0.00000000E+00 , 0.00000000E+00 , 
  315 , 0.339107E+09 ,    79 , 0.30126472E+08 , 0.80837765E+02 , 0.00000000E+00 , 0.00000000E+00 ,   246 , 0.30022963E+08 , 0.80857644E+02 , 0.00000000E+00 , 0.00000000E+00 , 
  316 , 0.340835E+09 ,    79 , 0.30126472E+08 , 0.80837765E+02 , 0.00000000E+00 , 0.00000000E+00 ,   246 , 0.30022963E+08 , 0.80857644E+02 , 0.00000000E+00 , 0.00000000E+00 , 
  317 , 0.342563E+09 ,    79 , 0.30126472E+08 , 0.80837765E+02 , 0.00000000E+00 , 0.00000000E+00 ,   246 , 0.30022963E+08 , 0.80857644E+02 , 0.00000000E+00 , 0.00000000E+00 , 
  318 , 0.344291E+09 ,    79 , 0.30126472E+08 , 0.80837765E+02 , 0.00000000E+00 , 0.00000000E+00 ,   246 , 0.30022963E+08 , 0.80857644E+02 , 0.00000000E+00 , 0.00000000E+00 , 
  319 , 0.346019E+09 ,    79 , 0.30126472E+08 , 0.80837765E+02 , 0.00000000E+00 , 0.00000000E+00 ,   246 , 0.30022963E+08 , 0.80857644E+02 , 0.00000000E+00 , 0.00000000E+00 , 
  320 , 0.347747E+09 ,    79 , 0.30126472E+08 , 0.80837765E+02 , 0.00000000E+00 , 0.00000000E+00 ,   246 , 0.30022963E+08 , 0.80857644E+02 , 0.00000000E+00 , 0.00000000E+00 , 
  321 , 0.349475E+09 ,    79 , 0.30126472E+08 , 0.80837765E+02 , 0.00000000E+00 , 0.00000000E+00 ,   246 , 0.30022963E+08 , 0.80857644E+02 , 0.00000000E+00 , 0.00000000E+00 , 
  322 , 0.351203E+09 ,    79 , 0.30126472E+08 , 0.80837765E+02 , 0.00000000E+00 , 0.00000000E+00 ,   246 , 0.30022963E+08 , 0.80857644E+02 , 0.00000000E+00 , 0.00000000E+00 , 
  323 , 0.352931E+09 ,    79 , 0.30126472E+08 , 0.80837765E+02 , 0.00000000E+00 , 0.00000000E+00 ,   246 , 0.30022963E+08 , 0.80857644E+02 , 0.00000000E+00 , 0.00000000E+00 , 
  324 , 0.354659E+09 ,    79 , 0.30126472E+08 , 0.80837765E+02 , 0.00000000E+00 , 0.00000000E+00 ,   246 , 0.30022963E+08 , 0.80857644E+02 , 0.00000000E+00 , 0.00000000E+00 , 
  325 , 0.356387E+09 ,    79 , 0.30126472E+08 , 0.80837765E+02 , 0.00000000E+00 , 0.00000000E+00 ,   246 , 0.30022963E+08 , 0.80857644E+02 , 0.00000000E+00 , 0.00000000E+00 , 
  326 , 0.358115E+09 ,    79 , 0.30126472E+08 , 0.80837765E+02 , 0.00000000E+00 , 0.00000000E+00 ,   246 , 0.30022963E+08 , 0.80857644E+02 , 0.00000000E+00 , 0.00000000E+00 , 
  327 , 0.359843E+09 ,    79 , 0.30126472E+08 , 0.80837765E+02 , 0.00000000E+00 , 0.00000000E+00 ,   246 , 0.30022963E+08 , 0.80857644E+02 , 0.00000000E+00 , 0.00000000E+00 , 
  328 , 0.361571E+09 ,    79 , 0.30126472E+08 , 0.80837765E+02 , 0.00000000E+00 , 0.00000000E+00 ,   246 , 0.30022963E+08 , 0.80857644E+02 , 0.00000000E+00 , 0.00000000E+00 , 
  329 , 0.363299E+09 ,    79 , 0.30126472E+08 , 0.80837765E+02 , 0.00000000E+00 , 0.00000000E+00 ,   246 , 0.30022963E+08 , 0.80857644E+02 , 0.00000000E+00 , 0.00000000E+00 , 
  330 , 0.365027E+09 ,    79 , 0.30126472E+08 , 0.80837765E+02 , 0.00000000E+00 , 0.00000000E+00 ,   246 , 0.30022963E+08 , 0.80857644E+02 , 0.00000000E+00 , 0.00000000E+00 , 
  331 , 0.366755E+09 ,    79 , 0.30126472E+08 , 0.80837765E+02 , 0.00000000E+00 , 0.00000000E+00 ,   246 , 0.30022963E+08 , 0.80857644E+02 , 0.00000000E+00 , 0.00000000E+00 , 
  332 , 0.368483E+09 ,    79 , 0.30126472E+08 , 0.80837765E+02 , 0.00000000E+00 , 0.00000000E+00 ,   246 , 0.30022963E+08 , 0.80857644E+02 , 0.00000000E+00 , 0.00000000E+00 , 
  333 , 0.370211E+09 ,    79 , 0.30126472E+08 , 0.80837765E+02 , 0.00000000E+00 , 0.00000000E+00 ,   246 , 0.30022963E+08 , 0.80857644E+02 , 0.00000000E+00 , 0.00000000E+00 , 
  334 , 0.371939E+09 ,    79 , 0.30126472E+08 , 0.80837765E+02 , 0.00000000E+00 , 0.00000000E+00 ,   246 , 0.30022963E+08 , 0.80857644E+02 , 0.00000000E+00 , 0.00000000E+00 , 
  335 , 0.373667E+09 ,    79 , 0.30126472E+08 , 0.80837765E+02 , 0.00000000E+00 , 0.00000000E+00 ,   246 , 0.30022963E+08 , 0.80857644E+02 , 0.00000000E+00 , 0.00000000E+00 , 
  336 , 0.375395E+09 ,    79 , 0.30126472E+08 , 0.80837765E+02 , 0.00000000E+00 , 0.00000000E+00 ,   246 , 0.30022963E+08 , 0.80857644E+02 , 0.00000000E+00 , 0.00000000E+00 , 
  337 , 0.377123E+09 ,    79 , 0.30126472E+08 , 0.80837765E+02 , 0.00000000E+00 , 0.00000000E+00 ,   246 , 0.30022963E+08 , 0.80857644E+02 , 0.00000000E+00 , 0.00000000E+00 , 
  338 , 0.378851E+09 ,    79 , 0.30126472E+08 , 0.80837765E+02 , 0.00000000E+00 , 0.00000000E+00 ,   246 , 0.30022963E+08 , 0.80857644E+02 , 0.00000000E+00 , 0.00000000E+00 , 
  339 , 0.380579E+09 ,    79 , 0.30126472E+08 , 0.80837765E+02 , 0.00000000E+00 , 0.00000000E+00 ,   246 , 0.30022963E+08 , 0.80857644E+02 , 0.00000000E+00 , 0.00000000E+00 , 
  340 , 0.382307E+09 ,    79 , 0.30126472E+08 , 0.80837765E+02 , 0.00000000E+00 , 0.00000000E+00 ,   246 , 0.30022963E+08 , 0.80857644E+02 , 0.00000000E+00 , 0.00000000E+00 , 
  341 , 0.384035E+09 ,    79 , 0.30126472E+08 , 0.80837765E+02 , 0.00000000E+00 , 0.00000000E+00 ,   246 , 0.30022963E+08 , 0.80857644E+02 , 0.00000000E+00 , 0.00000000E+00 , 
  342 , 0.385763E+09 ,    79 , 0.30126472E+08 , 0.80837765E+02 , 0.00000000E+00 , 0.00000000E+00 ,   246 , 0.30022963E+08 , 0.80857644E+02 , 0.00000000E+00 , 0.00000000E+00 , 
  343 , 0.387491E+09 ,    79 , 0.30126472E+08 , 0.80837765E+02 , 0.00000000E+00 , 0.00000000E+00 ,   246 , 0.30022963E+08 , 0.80857644E+02 , 0.00000000E+00 , 0.00000000E+00 , 
  344 , 0.389219E+09 ,    79 , 0.30126472E+08 , 0.80837765E+02 , 0.00000000E+00 , 0.00000000E+00 ,   246 , 0.30022963E+08 , 0.80857644E+02 , 0.00000000E+00 , 0.00000000E+00 , 
  345 , 0.390947E+09 ,    79 , 0.30126472E+08 , 0.80837765E+02 , 0.00000000E+00 , 0.00000000E+00 ,   246 , 0.30022963E+08 , 0.80857644E+02 , 0.00000000E+00 , 0.00000000E+00 , 
  346 , 0.392675E+09 ,    79 , 0.30126472E+08 , 0.80837765E+02 , 0.00000000E+00 , 0.00000000E+00 ,   246 , 0.30022963E+08 , 0.80857644E+02 , 0.00000000E+00 , 0.00000000E+00 , 
  347 , 0.394403E+09 ,    79 , 0.30126472E+08 , 0.80837765E+02 , 0.00000000E+00 , 0.00000000E+00 ,   246 , 0.30022963E+08 , 0.80857644E+02 , 0.00000000E+00 , 0.00000000E+00 , 
  348 , 0.396131E+09 ,    79 , 0.30126472E+08 , 0.80837765E+02 , 0.00000000E+00 , 0.00000000E+00 ,   246 , 0.30022963E+08 , 0.80857644E+02 , 0.00000000E+00 , 0.00000000E+00 , 
  349 , 0.397859E+09 ,    79 , 0.30126472E+08 , 0.80837765E+02 , 0.00000000E+00 , 0.00000000E+00 ,   246 , 0.30022963E+08 , 0.80857644E+02 , 0.00000000E+00 , 0.00000000E+00 , 
  350 , 0.399587E+09 ,    79 , 0.30126472E+08 , 0.80837765E+02 , 0.00000000E+00 , 0.00000000E+00 ,   246 , 0.30022963E+08 , 0.80857644E+02 , 0.00000000E+00 , 0.00000000E+00 , 
  351 , 0.401315E+09 ,    79 , 0.30126472E+08 , 0.80837765E+02 , 0.00000000E+00 , 0.00000000E+00 ,   246 , 0.30022963E+08 , 0.80857644E+02 , 0.00000000E+00 , 0.00000000E+00 , 
  352 , 0.403043E+09 ,    79 , 0.30126472E+08 , 0.80837765E+02 , 0.00000000E+00 , 0.00000000E+00 ,   246 , 0.30022963E+08 , 0.80857644E+02 , 0.00000000E+00 , 0.00000000E+00 , 
  353 , 0.404771E+09 ,    79 , 0.30126472E+08 , 0.80837765E+02 , 0.00000000E+00 , 0.00000000E+00 ,   246 , 0.30022963E+08 , 0.80857644E+02 , 0.00000000E+00 , 0.00000000E+00 , 
  354 , 0.406499E+09 ,    79 , 0.30126472E+08 , 0.80837765E+02 , 0.00000000E+00 , 0.00000000E+00 ,   246 , 0.30022963E+08 , 0.80857644E+02 , 0.00000000E+00 , 0.00000000E+00 , 
  355 , 0.408227E+09 ,    79 , 0.30126472E+08 , 0.80837765E+02 , 0.00000000E+00 , 0.00000000E+00 ,   246 , 0.30022963E+08 , 0.80857644E+02 , 0.00000000E+00 , 0.00000000E+00 , 
  356 , 0.409955E+09 ,    79 , 0.30126472E+08 , 0.80837765E+02 , 0.00000000E+00 , 0.00000000E+00 ,   246 , 0.30022963E+08 , 0.80857644E+02 , 0.00000000E+00 , 0.00000000E+00 , 
  357 , 0.411683E+09 ,    79 , 0.30126472E+08 , 0.80837765E+02 , 0.00000000E+00 , 0.00000000E+00 ,   246 , 0.30022963E+08 , 0.80857644E+02 , 0.00000000E+00 , 0.00000000E+00 , 
  358 , 0.413411E+09 ,    79 , 0.30126472E+08 , 0.80837765E+02 , 0.00000000E+00 , 0.00000000E+00 ,   246 , 0.30022963E+08 , 0.80857644E+02 , 0.00000000E+00 , 0.00000000E+00 , 
  359 , 0.415139E+09 ,    79 , 0.30126472E+08 , 0.80837765E+02 , 0.00000000E+00 , 0.00000000E+00 ,   246 , 0.30022963E+08 , 0.80857644E+02 , 0.00000000E+00 , 0.00000000E+00 , 
  360 , 0.416867E+09 ,    79 , 0.30126472E+08 , 0.80837765E+02 , 0.00000000E+00 , 0.00000000E+00 ,   246 , 0.30022963E+08 , 0.80857644E+02 , 0.00000000E+00 , 0.00000000E+00 , 
  361 , 0.418595E+09 ,    79 , 0.30126472E+08 , 0.80837765E+02 , 0.00000000E+00 , 0.00000000E+00 ,   246 , 0.30022963E+08 , 0.80857644E+02 , 0.00000000E+00 , 0.00000000E+00 , 
  362 , 0.420323E+09 ,    79 , 0.30126472E+08 , 0.80837765E+02 , 0.00000000E+00 , 0.00000000E+00 ,   246 , 0.30022963E+08 , 0.80857644E+02 , 0.00000000E+00 , 0.00000000E+00 , 
  363 , 0.422051E+09 ,    79 , 0.30126472E+08 , 0.80837765E+02 , 0.00000000E+00 , 0.00000000E+00 ,   246 , 0.30022963E+08 , 0.80857644E+02 , 0.00000000E+00 , 0.00000000E+00 , 
  364 , 0.423779E+09 ,    79 , 0.30126472E+08 , 0.80837765E+02 , 0.00000000E+00 , 0.00000000E+00 ,   246 , 0.30022963E+08 , 0.80857644E+02 , 0.00000000E+00 , 0.00000000E+00 , 
  365 , 0.425507E+09 ,    79 , 0.30126472E+08 , 0.80837765E+02 , 0.00000000E+00 , 0.00000000E+00 ,   246 , 0.30022963E+08 , 0.80857644E+02 , 0.00000000E+00 , 0.00000000E+00 , 
  366 , 0.427235E+09 ,    79 , 0.30126472E+08 , 0.80837765E+02 , 0.00000000E+00 , 0.00000000E+00 ,   246 , 0.30022963E+08 , 0.80857644E+02 , 0.00000000E+00 , 0.00000000E+00 , 
  367 , 0.428963E+09 ,    79 , 0.30126472E+08 , 0.80837765E+02 , 0.00000000E+00 , 0.00000000E+00 ,   246 , 0.30022963E+08 , 0.80857644E+02 , 0.00000000E+00 , 0.00000000E+00 , 
  368 , 0.430691E+09 ,    79 , 0.30126472E+08 , 0.80837765E+02 , 0.00000000E+00 , 0.00000000E+00 ,   246 , 0.30022963E+08 , 0.80857644E+02 , 0.00000000E+00 , 0.00000000E+00 , 
  369 , 0.432419E+09 ,    79 , 0.30126472E+08 , 0.80837765E+02 , 0.00000000E+00 , 0.00000000E+00 ,   246 , 0.30022963E+08 , 0.80857644E+02 , 0.00000000E+00 , 0.00000000E+00 , 
  370 , 0.434147E+09 ,    79 , 0.30126472E+08 , 0.80837765E+02 , 0.00000000E+00 , 0.00000000E+00 ,   246 , 0.30022963E+08 , 0.80857644E+02 , 0.00000000E+00 , 0.00000000E+00 , 
  371 , 0.435875E+09 ,    79 , 0.30126472E+08 , 0.80837765E+02 , 0.00000000E+00 , 0.00000000E+00 ,   246 , 0.30022963E+08 , 0.80857644E+02 , 0.00000000E+00 , 0.00000000E+00 , 
  372 , 0.437603E+09 ,    79 , 0.30126472E+08 , 0.80837765E+02 , 0.00000000E+00 , 0.00000000E+00 ,   246 , 0.30022963E+08 , 0.80857644E+02 , 0.00000000E+00 , 0.00000000E+00 , 
  373 , 0.439331E+09 ,    79 , 0.30126472E+08 , 0.80837765E+02 , 0.00000000E+00 , 0.00000000E+00 ,   246 , 0.30022963E+08 , 0.80857644E+02 , 0.00000000E+00 , 0.00000000E+00 , 
  374 , 0.441059E+09 ,    79 , 0.30126472E+08 , 0.80837765E+02 , 0.00000000E+00 , 0.00000000E+00 ,   246 , 0.30022963E+08 , 0.80857644E+02 , 0.00000000E+00 , 0.00000000E+00 , 
  375 , 0.442787E+09 ,    79 , 0.30126472E+08 , 0.80837765E+02 , 0.00000000E+00 , 0.00000000E+00 ,   246 , 0.30022963E+08 , 0.80857644E+02 , 0.00000000E+00 , 0.00000000E+00 , 
  376 , 0.444515E+09 ,    79 , 0.30126472E+08 , 0.80837765E+02 , 0.00000000E+00 , 0.00000000E+00 ,   246 , 0.30022963E+08 , 0.80857644E+02 , 0.00000000E+00 , 0.00000000E+00 , 
  377 , 0.446243E+09 ,    79 , 0.30126472E+08 , 0.80837765E+02 , 0.00000000E+00 , 0.00000000E+00 ,   246 , 0.30022963E+08 , 0.80857644E+02 , 0.00000000E+00 , 0.00000000E+00 , 
  378 , 0.447971E+09 ,    79 , 0.30126472E+08 , 0.80837765E+02 , 0.00000000E+00 , 0.00000000E+00 ,   246 , 0.30022963E+08 , 0.80857644E+02 , 0.00000000E+00 , 0.00000000E+00 , 
  379 , 0.449699E+09 ,    79 , 0.30126472E+08 , 0.80837765E+02 , 0.00000000E+00 , 0.00000000E+00 ,   246 , 0.30022963E+08 , 0.80857644E+02 , 0.00000000E+00 , 0.00000000E+00 , 
  380 , 0.451427E+09 ,    79 , 0.30126472E+08 , 0.80837765E+02 , 0.00000000E+00 , 0.00000000E+00 ,   246 , 0.30022963E+08 , 0.80857644E+02 , 0.00000000E+00 , 0.00000000E+00 , 
  381 , 0.453155E+09 ,    79 , 0.30126472E+08 , 0.80837765E+02 , 0.00000000E+00 , 0.00000000E+00 ,   246 , 0.30022963E+08 , 0.80857644E+02 , 0.00000000E+00 , 0.00000000E+00 , 
  382 , 0.454883E+09 ,    79 , 0.30126472E+08 , 0.80837765E+02 , 0.00000000E+00 , 0.00000000E+00 ,   246 , 0.30022963E+08 , 0.80857644E+02 , 0.00000000E+00 , 0.00000000E+00 , 
  383 , 0.456611E+09 ,    79 , 0.30126472E+08 , 0.80837765E+02 , 0.00000000E+00 , 0.00000000E+00 ,   246 , 0.30022963E+08 , 0.80857644E+02 , 0.00000000E+00 , 0.00000000E+00 , 
  384 , 0.458339E+09 ,    79 , 0.30126472E+08 , 0.80837765E+02 , 0.00000000E+00 , 0.00000000E+00 ,   246 , 0.30022963E+08 , 0.80857644E+02 , 0.00000000E+00 , 0.00000000E+00 , 
  385 , 0.460067E+09 ,    79 , 0.30126472E+08 , 0.80837765E+02 , 0.00000000E+00 , 0.00000000E+00 ,   246 , 0.30022963E+08 , 0.80857644E+02 , 0.00000000E+00 , 0.00000000E+00 , 
  386 , 0.461795E+09 ,    79 , 0.30126472E+08 , 0.80837765E+02 , 0.00000000E+00 , 0.00000000E+00 ,   246 , 0.30022963E+08 , 0.80857644E+02 , 0.00000000E+00 , 0.00000000E+00 , 
  387 , 0.463523E+09 ,    79 , 0.30126472E+08 , 0.80837765E+02 , 0.00000000E+00 , 0.00000000E+00 ,   246 , 0.30022963E+08 , 0.80857644E+02 , 0.00000000E+00 , 0.00000000E+00 , 
  388 , 0.465251E+09 ,    79 , 0.30126472E+08 , 0.80837765E+02 , 0.00000000E+00 , 0.00000000E+00 ,   246 , 0.30022963E+08 , 0.80857644E+02 , 0.00000000E+00 , 0.00000000E+00 , 
  389 , 0.466979E+09 ,    79 , 0.30126472E+08 , 0.80837765E+02 , 0.00000000E+00 , 0.00000000E+00 ,   246 , 0.30022963E+08 , 0.80857644E+02 , 0.00000000E+00 , 0.00000000E+00 , 
  390 , 0.468707E+09 ,    79 , 0.30126472E+08 , 0.80837765E+02 , 0.00000000E+00 , 0.00000000E+00 ,   246 , 0.30022963E+08 , 0.80857644E+02 , 0.00000000E+00 , 0.00000000E+00 , 
  391 , 0.470435E+09 ,    79 , 0.30126472E+08 , 0.80837765E+02 , 0.00000000E+00 , 0.00000000E+00 ,   246 , 0.30022963E+08 , 0.80857644E+02 , 0.00000000E+00 , 0.00000000E+00 , 
  392 , 0.472163E+09 ,    79 , 0.30126472E+08 , 0.80837765E+02 , 0.00000000E+00 , 0.00000000E+00 ,   246 , 0.30022963E+08 , 0.80857644E+02 , 0.00000000E+00 , 0.00000000E+00 , 
  393 , 0.473891E+09 ,    79 , 0.30126472E+08 , 0.80837765E+02 , 0.00000000E+00 , 0.00000000E+00 ,   246 , 0.30022963E+08 , 0.80857644E+02 , 0.00000000E+00 , 0.00000000E+00 , 
  394 , 0.475619E+09 ,    79 , 0.30126472E+08 , 0.80837765E+02 , 0.00000000E+00 , 0.00000000E+00 ,   246 , 0.30022963E+08 , 0.80857644E+02 , 0.00000000E+00 , 0.00000000E+00 , 
  395 , 0.477347E+09 ,    79 , 0.30126472E+08 , 0.80837765E+02 , 0.00000000E+00 , 0.00000000E+00 ,   246 , 0.30022963E+08 , 0.80857644E+02 , 0.00000000E+00 , 0.00000000E+00 , 
  396 , 0.479075E+09 ,    79 , 0.30126472E+08 , 0.80837765E+02 , 0.00000000E+00 , 0.00000000E+00 ,   246 , 0.30022963E+08 , 0.80857644E+02 , 0.00000000E+00 , 0.00000000E+00 , 
  397 , 0.480803E+09 ,    79 , 0.30126472E+08 , 0.80837765E+02 , 0.00000000E+00 , 0.00000000E+00 ,   246 , 0.30022963E+08 , 0.80857644E+02 , 0.00000000E+00 , 0.00000000E+00 , 
  398 , 0.482531E+09 ,    79 , 0.30126472E+08 , 0.80837765E+02 , 0.00000000E+00 , 0.00000000E+00 ,   246 , 0.30022963E+08 , 0.80857644E+02 , 0.00000000E+00 , 0.00000000E+00 , 
  399 , 0.484259E+09 ,    79 , 0.30126472E+08 , 0.80837765E+02 , 0.00000000E+00 , 0.00000000E+00 ,   246 , 0.30022963E+08 , 0.80857644E+02 , 0.00000000E+00 , 0.00000000E+00 , 
  400 , 0.485987E+09 ,    79 , 0.30126472E+08 , 0.80837765E+02 , 0.00000000E+00 , 0.00000000E+00 ,   246 , 0.30022963E+08 , 0.80857644E+02 , 0.00000000E+00 , 0.00000000E+00 , 
  401 , 0.487715E+09 ,    79 , 0.30126472E+08 , 0.80837765E+02 , 0.00000000E+00 , 0.00000000E+00 ,   246 , 0.30022963E+08 , 0.80857644E+02 , 0.00000000E+00 , 0.00000000E+00 , 
  402 , 0.489443E+09 ,    79 , 0.30126472E+08 , 0.80837765E+02 , 0.00000000E+00 , 0.00000000E+00 ,   246 , 0.30022963E+08 , 0.80857644E+02 , 0.00000000E+00 , 0.00000000E+00 , 
  403 , 0.491171E+09 ,    79 , 0.30126472E+08 , 0.80837765E+02 , 0.00000000E+00 , 0.00000000E+00 ,   246 , 0.30022963E+08 , 0.80857644E+02 , 0.00000000E+00 , 0.00000000E+00 , 
  404 , 0.492899E+09 ,    79 , 0.30126472E+08 , 0.80837765E+02 , 0.00000000E+00 , 0.00000000E+00 ,   246 , 0.30022963E+08 , 0.80857644E+02 , 0.00000000E+00 , 0.00000000E+00 , 
  405 , 0.494627E+09 ,    79 , 0.30126472E+08 , 0.80837765E+02 , 0.00000000E+00 , 0.00000000E+00 ,   246 , 0.30022963E+08 , 0.80857644E+02 , 0.00000000E+00 , 0.00000000E+00 , 
  406 , 0.496355E+09 ,    79 , 0.30126472E+08 , 0.80837765E+02 , 0.00000000E+00 , 0.00000000E+00 ,   246 , 0.30022963E+08 , 0.80857644E+02 , 0.00000000E+00 , 0.00000000E+00 , 
  407 , 0.498083E+09 ,    79 , 0.30126472E+08 , 0.80837765E+02 , 0.00000000E+00 , 0.00000000E+00 ,   246 , 0.30022963E+08 , 0.80857644E+02 , 0.00000000E+00 , 0.00000000E+00 , 
  408 , 0.499811E+09 ,    79 , 0.30126472E+08 , 0.80837765E+02 , 0.00000000E+00 , 0.00000000E+00 ,   246 , 0.30022963E+08 , 0.80857644E+02 , 0.00000000E+00 , 0.00000000E+00 , 
  409 , 0.501539E+09 ,    79 , 0.30126472E+08 , 0.80837765E+02 , 0.00000000E+00 , 0.00000000E+00 ,   246 , 0.30022963E+08 , 0.80857644E+02 , 0.00000000E+00 , 0.00000000E+00 , 
  410 , 0.503267E+09 ,    79 , 0.30126472E+08 , 0.80837765E+02 , 0.00000000E+00 , 0.00000000E+00 ,   246 , 0.30022963E+08 , 0.80857644E+02 , 0.00000000E+00 , 0.00000000E+00 , 
  411 , 0.504995E+09 ,    79 , 0.30126472E+08 , 0.80837765E+02 , 0.00000000E+00 , 0.00000000E+00 ,   246 , 0.30022963E+08 , 0.80857644E+02 , 0.00000000E+00 , 0.00000000E+00 , 
  412 , 0.506723E+09 ,    79 , 0.30126472E+08 , 0.80837765E+02 , 0.00000000E+00 , 0.00000000E+00 ,   246 , 0.30022963E+08 , 0.80857644E+02 , 0.00000000E+00 , 0.00000000E+00 , 
  413 , 0.508451E+09 ,    79 , 0.30126472E+08 , 0.80837765E+02 , 0.00000000E+00 , 0.00000000E+00 ,   246 , 0.30022963E+08 , 0.80857644E+02 , 0.00000000E+00 , 0.00000000E+00 , 
  414 , 0.510179E+09 ,    79 , 0.30126472E+08 , 0.80837765E+02 , 0.00000000E+00 , 0.00000000E+00 ,   246 , 0.30022963E+08 , 0.80857644E+02 , 0.00000000E+00 , 0.00000000E+00 , 
  415 , 0.511907E+09 ,    79 , 0.30126472E+08 , 0.80837765E+02 , 0.00000000E+00 , 0.00000000E+00 ,   246 , 0.30022963E+08 , 0.80857644E+02 , 0.00000000E+00 , 0.00000000E+00 , 
  416 , 0.513635E+09 ,    79 , 0.30126472E+08 , 0.80837765E+02 , 0.00000000E+00 , 0.00000000E+00 ,   246 , 0.30022963E+08 , 0.80857644E+02 , 0.00000000E+00 , 0.00000000E+00 , 
  417 , 0.515363E+09 ,    79 , 0.30126472E+08 , 0.80837765E+02 , 0.00000000E+00 , 0.00000000E+00 ,   246 , 0.30022963E+08 , 0.80857644E+02 , 0.00000000E+00 , 0.00000000E+00 , 
  418 , 0.517091E+09 ,    79 , 0.30126472E+08 , 0.80837765E+02 , 0.00000000E+00 , 0.00000000E+00 ,   246 , 0.30022963E+08 , 0.80857644E+02 , 0.00000000E+00 , 0.00000000E+00 , 
  419 , 0.518819E+09 ,    79 , 0.30126472E+08 , 0.80837765E+02 , 0.00000000E+00 , 0.00000000E+00 ,   246 , 0.30022963E+08 , 0.80857644E+02 , 0.00000000E+00 , 0.00000000E+00 , 
  420 , 0.520547E+09 ,    79 , 0.30126472E+08 , 0.80837765E+02 , 0.00000000E+00 , 0.00000000E+00 ,   246 , 0.30022963E+08 , 0.80857644E+02 , 0.00000000E+00 , 0.00000000E+00 , 
  421 , 0.522275E+09 ,    79 , 0.30126472E+08 , 0.80837765E+02 , 0.00000000E+00 , 0.00000000E+00 ,   246 , 0.30022963E+08 , 0.80857644E+02 , 0.00000000E+00 , 0.00000000E+00 , 
  422 , 0.524003E+09 ,    79 , 0.30126472E+08 , 0.80837765E+02 , 0.00000000E+00 , 0.00000000E+00 ,   246 , 0.30022963E+08 , 0.80857644E+02 , 0.00000000E+00 , 0.00000000E+00 , 
  423 , 0.525731E+09 ,    79 , 0.30126472E+08 , 0.80837765E+02 , 0.00000000E+00 , 0.00000000E+00 ,   246 , 0.30022963E+08 , 0.80857644E+02 , 0.00000000E+00 , 0.00000000E+00 , 
  424 , 0.527459E+09 ,    79 , 0.30126472E+08 , 0.80837765E+02 , 0.00000000E+00 , 0.00000000E+00 ,   246 , 0.30022963E+08 , 0.80857644E+02 , 0.00000000E+00 , 0.00000000E+00 , 
  425 , 0.529187E+09 ,    79 , 0.30126472E+08 , 0.80837765E+02 , 0.00000000E+00 , 0.00000000E+00 ,   246 , 0.30022963E+08 , 0.80857644E+02 , 0.00000000E+00 , 0.00000000E+00 , 
  426 , 0.530915E+09 ,    79 , 0.30126472E+08 , 0.80837765E+02 , 0.00000000E+00 , 0.00000000E+00 ,   246 , 0.30022963E+08 , 0.80857644E+02 , 0.00000000E+00 , 0.00000000E+00 , 
  427 , 0.532643E+09 ,    79 , 0.30126472E+08 , 0.80837765E+02 , 0.00000000E+00 , 0.00000000E+00 ,   246 , 0.30022963E+08 , 0.80857644E+02 , 0.00000000E+00 , 0.00000000E+00 , 
  428 , 0.534371E+09 ,    79 , 0.30126472E+08 , 0.80837765E+02 , 0.00000000E+00 , 0.00000000E+00 ,   246 , 0.30022963E+08 , 0.80857644E+02 , 0.00000000E+00 , 0.00000000E+00 , 
  429 , 0.536099E+09 ,    79 , 0.30126472E+08 , 0.80837765E+02 , 0.00000000E+00 , 0.00000000E+00 ,   246 , 0.30022963E+08 , 0.80857644E+02 , 0.00000000E+00 , 0.00000000E+00 , 
  430 , 0.537827E+09 ,    79 , 0.30126472E+08 , 0.80837765E+02 , 0.00000000E+00 , 0.00000000E+00 ,   246 , 0.30022963E+08 , 0.80857644E+02 , 0.00000000E+00 , 0.00000000E+00 , 
  431 , 0.539555E+09 ,    79 , 0.30126472E+08 , 0.80837765E+02 , 0.00000000E+00 , 0.00000000E+00 ,   246 , 0.30022963E+08 , 0.80857644E+02 , 0.00000000E+00 , 0.00000000E+00 , 
  432 , 0.541283E+09 ,    79 , 0.30126472E+08 , 0.80837765E+02 , 0.00000000E+00 , 0.00000000E+00 ,   246 , 0.30022963E+08 , 0.80857644E+02 , 0.00000000E+00 , 0.00000000E+00 , 
  433 , 0.543011E+09 ,    79 , 0.30126472E+08 , 0.80837765E+02 , 0.00000000E+00 , 0.00000000E+00 ,   246 , 0.30022963E+08 , 0.80857644E+02 , 0.00000000E+00 , 0.00000000E+00 , 
  434 , 0.544739E+09 ,    79 , 0.30126472E+08 , 0.80837765E+02 , 0.00000000E+00 , 0.00000000E+00 ,   246 , 0.30022963E+08 , 0.80857644E+02 , 0.00000000E+00 , 0.00000000E+00 , 
  435 , 0.546467E+09 ,    79 , 0.30126472E+08 , 0.80837765E+02 , 0.00000000E+00 , 0.00000000E+00 ,   246 , 0.30022963E+08 , 0.80857644E+02 , 0.00000000E+00 , 0.00000000E+00 , 
  436 , 0.548195E+09 ,    79 , 0.30126472E+08 , 0.80837765E+02 , 0.00000000E+00 , 0.00000000E+00 ,   246 , 0.30022963E+08 , 0.80857644E+02 , 0.00000000E+00 , 0.00000000E+00 , 
  437 , 0.549923E+09 ,    79 , 0.30126472E+08 , 0.80837765E+02 , 0.00000000E+00 , 0.00000000E+00 ,   246 , 0.30022963E+08 , 0.80857644E+02 , 0.00000000E+00 , 0.00000000E+00 , 
  438 , 0.551651E+09 ,    79 , 0.30126472E+08 , 0.80837765E+02 , 0.00000000E+00 , 0.00000000E+00 ,   246 , 0.30022963E+08 , 0.80857644E+02 , 0.00000000E+00 , 0.00000000E+00 , 
  439 , 0.553379E+09 ,    79 , 0.30126472E+08 , 0.80837765E+02 , 0.00000000E+00 , 0.00000000E+00 ,   246 , 0.30022963E+08 , 0.80857644E+02 , 0.00000000E+00 , 0.00000000E+00 , 
  440 , 0.555107E+09 ,    79 , 0.30126472E+08 , 0.80837765E+02 , 0.00000000E+00 , 0.00000000E+00 ,   246 , 0.30022963E+08 , 0.80857644E+02 , 0.00000000E+00 , 0.00000000E+00 , 
  441 , 0.556835E+09 ,    79 , 0.30126472E+08 , 0.80837765E+02 , 0.00000000E+00 , 0.00000000E+00 ,   246 , 0.30022963E+08 , 0.80857644E+02 , 0.00000000E+00 , 0.00000000E+00 , 
  442 , 0.558563E+09 ,    79 , 0.30126472E+08 , 0.80837765E+02 , 0.00000000E+00 , 0.00000000E+00 ,   246 , 0.30022963E+08 , 0.80857644E+02 , 0.00000000E+00 , 0.00000000E+00 , 
  443 , 0.560291E+09 ,    79 , 0.30126472E+08 , 0.80837765E+02 , 0.00000000E+00 , 0.00000000E+00 ,   246 , 0.30022963E+08 , 0.80857644E+02 , 0.00000000E+00 , 0.00000000E+00 , 
  444 , 0.562019E+09 ,    79 , 0.30126472E+08 , 0.80837765E+02 , 0.00000000E+00 , 0.00000000E+00 ,   246 , 0.30022963E+08 , 0.80857644E+02 , 0.00000000E+00 , 0.00000000E+00 , 
  445 , 0.563747E+09 ,    79 , 0.30126472E+08 , 0.80837765E+02 , 0.00000000E+00 , 0.00000000E+00 ,   246 , 0.30022963E+08 , 0.80857644E+02 , 0.00000000E+00 , 0.00000000E+00 , 
  446 , 0.565475E+09 ,    79 , 0.30126472E+08 , 0.80837765E+02 , 0.00000000E+00 , 0.00000000E+00 ,   246 , 0.30022963E+08 , 0.80857644E+02 , 0.00000000E+00 , 0.00000000E+00 , 
  447 , 0.567203E+09 ,    79 , 0.30126472E+08 , 0.80837765E+02 , 0.00000000E+00 , 0.00000000E+00 ,   246 , 0.30022963E+08 , 0.80857644E+02 , 0.00000000E+00 , 0.00000000E+00 , 
  448 , 0.568931E+09 ,    79 , 0.30126472E+08 , 0.80837765E+02 , 0.00000000E+00 , 0.00000000E+00 ,   246 , 0.30022963E+08 , 0.80857644E+02 , 0.00000000E+00 , 0.00000000E+00 , 
  449 , 0.570659E+09 ,    79 , 0.30126472E+08 , 0.80837765E+02 , 0.00000000E+00 , 0.00000000E+00 ,   246 , 0.30022963E+08 , 0.80857644E+02 , 0.00000000E+00 , 0.00000000E+00 , 
  450 , 0.572387E+09 ,    79 , 0.30126472E+08 , 0.80837765E+02 , 0.00000000E+00 , 0.00000000E+00 ,   246 , 0.30022963E+08 , 0.80857644E+02 , 0.00000000E+00 , 0.00000000E+00 , 
  451 , 0.574115E+09 ,    79 , 0.30126472E+08 , 0.80837765E+02 , 0.00000000E+00 , 0.00000000E+00 ,   246 , 0.30022963E+08 , 0.80857644E+02 , 0.00000000E+00 , 0.00000000E+00 , 
  452 , 0.575843E+09 ,    79 , 0.30126472E+08 , 0.80837765E+02 , 0.00000000E+00 , 0.00000000E+00 ,   246 , 0.30022963E+08 , 0.80857644E+02 , 0.00000000E+00 , 0.00000000E+00 , 
  453 , 0.577571E+09 ,    79 , 0.30126472E+08 , 0.80837765E+02 , 0.00000000E+00 , 0.00000000E+00 ,   246 , 0.30022963E+08 , 0.80857644E+02 , 0.00000000E+00 , 0.00000000E+00 , 
  454 , 0.579299E+09 ,    79 , 0.30126472E+08 , 0.80837765E+02 , 0.00000000E+00 , 0.00000000E+00 ,   246 , 0.30022963E+08 , 0.80857644E+02 , 0.00000000E+00 , 0.00000000E+00 , 
  455 , 0.581027E+09 ,    79 , 0.30126472E+08 , 0.80837765E+02 , 0.00000000E+00 , 0.00000000E+00 ,   246 , 0.30022963E+08 , 0.80857644E+02 , 0.00000000E+00 , 0.00000000E+00 , 
  456 , 0.582755E+09 ,    79 , 0.30126472E+08 , 0.80837765E+02 , 0.00000000E+00 , 0.00000000E+00 ,   246 , 0.30022963E+08 , 0.80857644E+02 , 0.00000000E+00 , 0.00000000E+00 , 
  457 , 0.584483E+09 ,    79 , 0.30126472E+08 , 0.80837765E+02 , 0.00000000E+00 , 0.00000000E+00 ,   246 , 0.30022963E+08 , 0.80857644E+02 , 0.00000000E+00 , 0.00000000E+00 , 
  458 , 0.586211E+09 ,    79 , 0.30126472E+08 , 0.80837765E+02 , 0.00000000E+00 , 0.00000000E+00 ,   246 , 0.30022963E+08 , 0.80857644E+02 , 0.00000000E+00 , 0.00000000E+00 , 
  459 , 0.587939E+09 ,    79 , 0.30126472E+08 , 0.80837765E+02 , 0.00000000E+00 , 0.00000000E+00 ,   246 , 0.30022963E+08 , 0.80857644E+02 , 0.00000000E+00 , 0.00000000E+00 , 
  460 , 0.589667E+09 ,    79 , 0.30126472E+08 , 0.80837765E+02 , 0.00000000E+00 , 0.00000000E+00 ,   246 , 0.30022963E+08 , 0.80857644E+02 , 0.00000000E+00 , 0.00000000E+00 , 
  461 , 0.591395E+09 ,    79 , 0.30126472E+08 , 0.80837765E+02 , 0.00000000E+00 , 0.00000000E+00 ,   246 , 0.30022963E+08 , 0.80857644E+02 , 0.00000000E+00 , 0.00000000E+00 , 
  462 , 0.593123E+09 ,    79 , 0.30126472E+08 , 0.80837765E+02 , 0.00000000E+00 , 0.00000000E+00 ,   246 , 0.30022963E+08 , 0.80857644E+02 , 0.00000000E+00 , 0.00000000E+00 , 
  463 , 0.594851E+09 ,    79 , 0.30126472E+08 , 0.80837765E+02 , 0.00000000E+00 , 0.00000000E+00 ,   246 , 0.30022963E+08 , 0.80857644E+02 , 0.00000000E+00 , 0.00000000E+00 , 
  464 , 0.596579E+09 ,    79 , 0.30126472E+08 , 0.80837765E+02 , 0.00000000E+00 , 0.00000000E+00 ,   246 , 0.30022963E+08 , 0.80857644E+02 , 0.00000000E+00 , 0.00000000E+00 , 
  465 , 0.598307E+09 ,    79 , 0.30126472E+08 , 0.80837765E+02 , 0.00000000E+00 , 0.00000000E+00 ,   246 , 0.30022963E+08 , 0.80857644E+02 , 0.00000000E+00 , 0.00000000E+00 , 
  466 , 0.600035E+09 ,    79 , 0.30126472E+08 , 0.80837765E+02 , 0.00000000E+00 , 0.00000000E+00 ,   246 , 0.30022963E+08 , 0.80857644E+02 , 0.00000000E+00 , 0.00000000E+00 , 
  467 , 0.601763E+09 ,    79 , 0.30126472E+08 , 0.80837765E+02 , 0.00000000E+00 , 0.00000000E+00 ,   246 , 0.30022963E+08 , 0.80857644E+02 , 0.00000000E+00 , 0.00000000E+00 , 
  468 , 0.603491E+09 ,    79 , 0.30126472E+08 , 0.80837765E+02 , 0.00000000E+00 , 0.00000000E+00 ,   246 , 0.30022963E+08 , 0.80857644E+02 , 0.00000000E+00 , 0.00000000E+00 , 
  469 , 0.605219E+09 ,    79 , 0.30126472E+08 , 0.80837765E+02 , 0.00000000E+00 , 0.00000000E+00 ,   246 , 0.30022963E+08 , 0.80857644E+02 , 0.00000000E+00 , 0.00000000E+00 , 
  470 , 0.606947E+09 ,    79 , 0.30126472E+08 , 0.80837765E+02 , 0.00000000E+00 , 0.00000000E+00 ,   246 , 0.30022963E+08 , 0.80857644E+02 , 0.00000000E+00 , 0.00000000E+00 , 
  471 , 0.608675E+09 ,    79 , 0.30126472E+08 , 0.80837765E+02 , 0.00000000E+00 , 0.00000000E+00 ,   246 , 0.30022963E+08 , 0.80857644E+02 , 0.00000000E+00 , 0.00000000E+00 , 
  472 , 0.610403E+09 ,    79 , 0.30126472E+08 , 0.80837765E+02 , 0.00000000E+00 , 0.00000000E+00 ,   246 , 0.30022963E+08 , 0.80857644E+02 , 0.00000000E+00 , 0.00000000E+00 , 
  473 , 0.612131E+09 ,    79 , 0.30126472E+08 , 0.80837765E+02 , 0.00000000E+00 , 0.00000000E+00 ,   246 , 0.30022963E+08 , 0.80857644E+02 , 0.00000000E+00 , 0.00000000E+00 , 
  474 , 0.613859E+09 ,    79 , 0.30126472E+08 , 0.80837765E+02 , 0.00000000E+00 , 0.00000000E+00 ,   246 , 0.30022963E+08 , 0.80857644E+02 , 0.00000000E+00 , 0.00000000E+00 , 
  475 , 0.615587E+09 ,    79 , 0.30126472E+08 , 0.80837765E+02 , 0.00000000E+00 , 0.00000000E+00 ,   246 , 0.30022963E+08 , 0.80857644E+02 , 0.00000000E+00 , 0.00000000E+00 , 
  476 , 0.617315E+09 ,    79 , 0.30126472E+08 , 0.80837765E+02 , 0.00000000E+00 , 0.00000000E+00 ,   246 , 0.30022963E+08 , 0.80857644E+02 , 0.00000000E+00 , 0.00000000E+00 , 
  477 , 0.619043E+09 ,    79 , 0.30126472E+08 , 0.80837765E+02 , 0.00000000E+00 , 0.00000000E+00 ,   246 , 0.30022963E+08 , 0.80857644E+02 , 0.00000000E+00 , 0.00000000E+00 , 
  478 , 0.620771E+09 ,    79 , 0.30126472E+08 , 0.80837765E+02 , 0.00000000E+00 , 0.00000000E+00 ,   246 , 0.30022963E+08 , 0.80857644E+02 , 0.00000000E+00 , 0.00000000E+00 , 
  479 , 0.622499E+09 ,    79 , 0.30126472E+08 , 0.80837765E+02 , 0.00000000E+00 , 0.00000000E+00 ,   246 , 0.30022963E+08 , 0.80857644E+02 , 0.00000000E+00 , 0.00000000E+00 , 
  480 , 0.624227E+09 ,    79 , 0.30126472E+08 , 0.80837765E+02 , 0.00000000E+00 , 0.00000000E+00 ,   246 , 0.30022963E+08 , 0.80857644E+02 , 0.00000000E+00 , 0.00000000E+00 , 
  481 , 0.625955E+09 ,    79 , 0.30126472E+08 , 0.80837765E+02 , 0.00000000E+00 , 0.00000000E+00 ,   246 , 0.30022963E+08 , 0.80857644E+02 , 0.00000000E+00 , 0.00000000E+00 , 
  482 , 0.627683E+09 ,    79 , 0.30126472E+08 , 0.80837765E+02 , 0.00000000E+00 , 0.00000000E+00 ,   246 , 0.30022963E+08 , 0.80857644E+02 , 0.00000000E+00 , 0.00000000E+00 , 
  483 , 0.629411E+09 ,    79 , 0.30126472E+08 , 0.80837765E+02 , 0.00000000E+00 , 0.00000000E+00 ,   246 , 0.30022963E+08 , 0.80857644E+02 , 0.00000000E+00 , 0.00000000E+00 , 
  484 , 0.631139E+09 ,    79 , 0.30126472E+08 , 0.80837765E+02 , 0.00000000E+00 , 0.00000000E+00 ,   246 , 0.30022963E+08 , 0.80857644E+02 , 0.00000000E+00 , 0.00000000E+00 , 
  485 , 0.632867E+09 ,    79 , 0.30126472E+08 , 0.80837765E+02 , 0.00000000E+00 , 0.00000000E+00 ,   246 , 0.30022963E+08 , 0.80857644E+02 , 0.00000000E+00 , 0.00000000E+00 , 
  486 , 0.634595E+09 ,    79 , 0.30126472E+08 , 0.80837765E+02 , 0.00000000E+00 , 0.00000000E+00 ,   246 , 0.30022963E+08 , 0.80857644E+02 , 0.00000000E+00 , 0.00000000E+00 , 
  487 , 0.636323E+09 ,    79 , 0.30126472E+08 , 0.80837765E+02 , 0.00000000E+00 , 0.00000000E+00 ,   246 , 0.30022963E+08 , 0.80857644E+02 , 0.00000000E+00 , 0.00000000E+00 , 
  488 , 0.638051E+09 ,    79 , 0.30126472E+08 , 0.80837765E+02 , 0.00000000E+00 , 0.00000000E+00 ,   246 , 0.30022963E+08 , 0.80857644E+02 , 0.00000000E+00 , 0.00000000E+00 , 
  489 , 0.639779E+09 ,    79 , 0.30126472E+08 , 0.80837765E+02 , 0.00000000E+00 , 0.00000000E+00 ,   246 , 0.30022963E+08 , 0.80857644E+02 , 0.00000000E+00 , 0.00000000E+00 , 
  490 , 0.641507E+09 ,    79 , 0.30126472E+08 , 0.80837765E+02 , 0.00000000E+00 , 0.00000000E+00 ,   246 , 0.30022963E+08 , 0.80857644E+02 , 0.00000000E+00 , 0.00000000E+00 , 
  491 , 0.643235E+09 ,    79 , 0.30126472E+08 , 0.80837765E+02 , 0.00000000E+00 , 0.00000000E+00 ,   246 , 0.30022963E+08 , 0.80857644E+02 , 0.00000000E+00 , 0.00000000E+00 , 
  492 , 0.644963E+09 ,    79 , 0.30126472E+08 , 0.80837765E+02 , 0.00000000E+00 , 0.00000000E+00 ,   246 , 0.30022963E+08 , 0.80857644E+02 , 0.00000000E+00 , 0.00000000E+00 , 
  493 , 0.646691E+09 ,    79 , 0.30126472E+08 , 0.80837765E+02 , 0.00000000E+00 , 0.00000000E+00 ,   246 , 0.30022963E+08 , 0.80857644E+02 , 0.00000000E+00 , 0.00000000E+00 , 
  494 , 0.648419E+09 ,    79 , 0.30126472E+08 , 0.80837765E+02 , 0.00000000E+00 , 0.00000000E+00 ,   246 , 0.30022963E+08 , 0.80857644E+02 , 0.00000000E+00 , 0.00000000E+00 , 
  495 , 0.650147E+09 ,    79 , 0.30126472E+08 , 0.80837765E+02 , 0.00000000E+00 , 0.00000000E+00 ,   246 , 0.30022963E+08 , 0.80857644E+02 , 0.00000000E+00 , 0.00000000E+00 , 
  496 , 0.651875E+09 ,    79 , 0.30126472E+08 , 0.80837765E+02 , 0.00000000E+00 , 0.00000000E+00 ,   246 , 0.30022963E+08 , 0.80857644E+02 , 0.00000000E+00 , 0.00000000E+00 , 
  497 , 0.653603E+09 ,    79 , 0.30126472E+08 , 0.80837765E+02 , 0.00000000E+00 , 0.00000000E+00 ,   246 , 0.30022963E+08 , 0.80857644E+02 , 0.00000000E+00 , 0.00000000E+00 , 
  498 , 0.655331E+09 ,    79 , 0.30126472E+08 , 0.80837765E+02 , 0.00000000E+00 , 0.00000000E+00 ,   246 , 0.30022963E+08 , 0.80857644E+02 , 0.00000000E+00 , 0.00000000E+00 , 
  499 , 0.657059E+09 ,    79 , 0.30126472E+08 , 0.80837765E+02 , 0.00000000E+00 , 0.00000000E+00 ,   246 , 0.30022963E+08 , 0.80857644E+02 , 0.00000000E+00 , 0.00000000E+00 , 
  500 , 0.658787E+09 ,    79 , 0.30126472E+08 , 0.80837765E+02 , 0.00000000E+00 , 0.00000000E+00 ,   246 , 0.30022963E+08 , 0.80857644E+02 , 0.00000000E+00 , 0.00000000E+00 , 
  501 , 0.660515E+09 ,    79 , 0.30126472E+08 , 0.80837765E+02 , 0.00000000E+00 , 0.00000000E+00 ,   246 , 0.30022963E+08 , 0.80857644E+02 , 0.00000000E+00 , 0.00000000E+00 , 
  502 , 0.662243E+09 ,    79 , 0.30126472E+08 , 0.80837765E+02 , 0.00000000E+00 , 0.00000000E+00 ,   246 , 0.30022963E+08 , 0.80857644E+02 , 0.00000000E+00 , 0.00000000E+00 , 
  503 , 0.663971E+09 ,    79 , 0.30126472E+08 , 0.80837765E+02 , 0.00000000E+00 , 0.00000000E+00 ,   246 , 0.30022963E+08 , 0.80857644E+02 , 0.00000000E+00 , 0.00000000E+00 , 
  504 , 0.665699E+09 ,    79 , 0.30126472E+08 , 0.80837765E+02 , 0.00000000E+00 , 0.00000000E+00 ,   246 , 0.30022963E+08 , 0.80857644E+02 , 0.00000000E+00 , 0.00000000E+00 , 
  505 , 0.667427E+09 ,    79 , 0.30126472E+08 , 0.80837765E+02 , 0.00000000E+00 , 0.00000000E+00 ,   246 , 0.30022963E+08 , 0.80857644E+02 , 0.00000000E+00 , 0.00000000E+00 , 
  506 , 0.669155E+09 ,    79 , 0.30126472E+08 , 0.80837765E+02 , 0.00000000E+00 , 0.00000000E+00 ,   246 , 0.30022963E+08 , 0.80857644E+02 , 0.00000000E+00 , 0.00000000E+00 , 
  507 , 0.670883E+09 ,    79 , 0.30126472E+08 , 0.80837765E+02 , 0.00000000E+00 , 0.00000000E+00 ,   246 , 0.30022963E+08 , 0.80857644E+02 , 0.00000000E+00 , 0.00000000E+00 , 
  508 , 0.672611E+09 ,    79 , 0.30126472E+08 , 0.80837765E+02 , 0.00000000E+00 , 0.00000000E+00 ,   246 , 0.30022963E+08 , 0.80857644E+02 , 0.00000000E+00 , 0.00000000E+00 , 
  509 , 0.674339E+09 ,    79 , 0.30126472E+08 , 0.80837765E+02 , 0.00000000E+00 , 0.00000000E+00 ,   246 , 0.30022963E+08 , 0.80857644E+02 , 0.00000000E+00 , 0.00000000E+00 , 
  510 , 0.676067E+09 ,    79 , 0.30126472E+08 , 0.80837765E+02 , 0.00000000E+00 , 0.00000000E+00 ,   246 , 0.30022963E+08 , 0.80857644E+02 , 0.00000000E+00 , 0.00000000E+00 , 
  511 , 0.677795E+09 ,    79 , 0.30126472E+08 , 0.80837765E+02 , 0.00000000E+00 , 0.00000000E+00 ,   246 , 0.30022963E+08 , 0.80857644E+02 , 0.00000000E+00 , 0.00000000E+00 , 
  512 , 0.679523E+09 ,    79 , 0.30126472E+08 , 0.80837765E+02 , 0.00000000E+00 , 0.00000000E+00 ,   246 , 0.30022963E+08 , 0.80857644E+02 , 0.00000000E+00 , 0.00000000E+00 , 
  513 , 0.681251E+09 ,    79 , 0.30126472E+08 , 0.80837765E+02 , 0.00000000E+00 , 0.00000000E+00 ,   246 , 0.30022963E+08 , 0.80857644E+02 , 0.00000000E+00 , 0.00000000E+00 , 
  514 , 0.682979E+09 ,    79 , 0.30126472E+08 , 0.80837765E+02 , 0.00000000E+00 , 0.00000000E+00 ,   246 , 0.30022963E+08 , 0.80857644E+02 , 0.00000000E+00 , 0.00000000E+00 , 
  515 , 0.684707E+09 ,    79 , 0.30126472E+08 , 0.80837765E+02 , 0.00000000E+00 , 0.00000000E+00 ,   246 , 0.30022963E+08 , 0.80857644E+02 , 0.00000000E+00 , 0.00000000E+00 , 
  516 , 0.686435E+09 ,    79 , 0.30126472E+08 , 0.80837765E+02 , 0.00000000E+00 , 0.00000000E+00 ,   246 , 0.30022963E+08 , 0.80857644E+02 , 0.00000000E+00 , 0.00000000E+00 , 
  517 , 0.688163E+09 ,    79 , 0.30126472E+08 , 0.80837765E+02 , 0.00000000E+00 , 0.00000000E+00 ,   246 , 0.30022963E+08 , 0.80857644E+02 , 0.00000000E+00 , 0.00000000E+00 , 
  518 , 0.689891E+09 ,    79 , 0.30126472E+08 , 0.80837765E+02 , 0.00000000E+00 , 0.00000000E+00 ,   246 , 0.30022963E+08 , 0.80857644E+02 , 0.00000000E+00 , 0.00000000E+00 , 
  519 , 0.691619E+09 ,    79 , 0.30126472E+08 , 0.80837765E+02 , 0.00000000E+00 , 0.00000000E+00 ,   246 , 0.30022963E+08 , 0.80857644E+02 , 0.00000000E+00 , 0.00000000E+00 , 
  520 , 0.693347E+09 ,    79 , 0.30126472E+08 , 0.80837765E+02 , 0.00000000E+00 , 0.00000000E+00 ,   246 , 0.30022963E+08 , 0.80857644E+02 , 0.00000000E+00 , 0.00000000E+00 , 
  521 , 0.695075E+09 ,    79 , 0.30126472E+08 , 0.80837765E+02 , 0.00000000E+00 , 0.00000000E+00 ,   246 , 0.30022963E+08 , 0.80857644E+02 , 0.00000000E+00 , 0.00000000E+00 , 
  522 , 0.696803E+09 ,    79 , 0.30126472E+08 , 0.80837765E+02 , 0.00000000E+00 , 0.00000000E+00 ,   246 , 0.30022963E+08 , 0.80857644E+02 , 0.00000000E+00 , 0.00000000E+00 , 
  523 , 0.698531E+09 ,    79 , 0.30126472E+08 , 0.80837765E+02 , 0.00000000E+00 , 0.00000000E+00 ,   246 , 0.30022963E+08 , 0.80857644E+02 , 0.00000000E+00 , 0.00000000E+00 , 
  524 , 0.700259E+09 ,    79 , 0.30126472E+08 , 0.80837765E+02 , 0.00000000E+00 , 0.00000000E+00 ,   246 , 0.30022963E+08 , 0.80857644E+02 , 0.00000000E+00 , 0.00000000E+00 , 
  525 , 0.701987E+09 ,    79 , 0.30126472E+08 , 0.80837765E+02 , 0.00000000E+00 , 0.00000000E+00 ,   246 , 0.30022963E+08 , 0.80857644E+02 , 0.00000000E+00 , 0.00000000E+00 , 
  526 , 0.703715E+09 ,    79 , 0.30126472E+08 , 0.80837765E+02 , 0.00000000E+00 , 0.00000000E+00 ,   246 , 0.30022963E+08 , 0.80857644E+02 , 0.00000000E+00 , 0.00000000E+00 , 
  527 , 0.705443E+09 ,    79 , 0.30126472E+08 , 0.80837765E+02 , 0.00000000E+00 , 0.00000000E+00 ,   246 , 0.30022963E+08 , 0.80857644E+02 , 0.00000000E+00 , 0.00000000E+00 , 
  528 , 0.707171E+09 ,    79 , 0.30126472E+08 , 0.80837765E+02 , 0.00000000E+00 , 0.00000000E+00 ,   246 , 0.30022963E+08 , 0.80857644E+02 , 0.00000000E+00 , 0.00000000E+00 , 
  529 , 0.708899E+09 ,    79 , 0.30126472E+08 , 0.80837765E+02 , 0.00000000E+00 , 0.00000000E+00 ,   246 , 0.30022963E+08 , 0.80857644E+02 , 0.00000000E+00 , 0.00000000E+00 , 
  530 , 0.710627E+09 ,    79 , 0.30126472E+08 , 0.80837765E+02 , 0.00000000E+00 , 0.00000000E+00 ,   246 , 0.30022963E+08 , 0.80857644E+02 , 0.00000000E+00 , 0.00000000E+00 , 
  531 , 0.712355E+09 ,    79 , 0.30126472E+08 , 0.80837765E+02 , 0.00000000E+00 , 0.00000000E+00 ,   246 , 0.30022963E+08 , 0.80857644E+02 , 0.00000000E+00 , 0.00000000E+00 , 
  532 , 0.714083E+09 ,    79 , 0.30126472E+08 , 0.80837765E+02 , 0.00000000E+00 , 0.00000000E+00 ,   246 , 0.30022963E+08 , 0.80857644E+02 , 0.00000000E+00 , 0.00000000E+00 , 
  533 , 0.715811E+09 ,    79 , 0.30126472E+08 , 0.80837765E+02 , 0.00000000E+00 , 0.00000000E+00 ,   246 , 0.30022963E+08 , 0.80857644E+02 , 0.00000000E+00 , 0.00000000E+00 , 
  534 , 0.717539E+09 ,    79 , 0.30126472E+08 , 0.80837765E+02 , 0.00000000E+00 , 0.00000000E+00 ,   246 , 0.30022963E+08 , 0.80857644E+02 , 0.00000000E+00 , 0.00000000E+00 , 
  535 , 0.719267E+09 ,    79 , 0.30126472E+08 , 0.80837765E+02 , 0.00000000E+00 , 0.00000000E+00 ,   246 , 0.30022963E+08 , 0.80857644E+02 , 0.00000000E+00 , 0.00000000E+00 , 
  536 , 0.720995E+09 ,    79 , 0.30126472E+08 , 0.80837765E+02 , 0.00000000E+00 , 0.00000000E+00 ,   246 , 0.30022963E+08 , 0.80857644E+02 , 0.00000000E+00 , 0.00000000E+00 , 
  537 , 0.722723E+09 ,    79 , 0.30126472E+08 , 0.80837765E+02 , 0.00000000E+00 , 0.00000000E+00 ,   246 , 0.30022963E+08 , 0.80857644E+02 , 0.00000000E+00 , 0.00000000E+00 , 
  538 , 0.724451E+09 ,    79 , 0.30126472E+08 , 0.80837765E+02 , 0.00000000E+00 , 0.00000000E+00 ,   246 , 0.30022963E+08 , 0.80857644E+02 , 0.00000000E+00 , 0.00000000E+00 , 
  539 , 0.726179E+09 ,    79 , 0.30126472E+08 , 0.80837765E+02 , 0.00000000E+00 , 0.00000000E+00 ,   246 , 0.30022963E+08 , 0.80857644E+02 , 0.00000000E+00 , 0.00000000E+00 , 
  540 , 0.727907E+09 ,    79 , 0.30126472E+08 , 0.80837765E+02 , 0.00000000E+00 , 0.00000000E+00 ,   246 , 0.30022963E+08 , 0.80857644E+02 , 0.00000000E+00 , 0.00000000E+00 , 
  541 , 0.729635E+09 ,    79 , 0.30126472E+08 , 0.80837765E+02 , 0.00000000E+00 , 0.00000000E+00 ,   246 , 0.30022963E+08 , 0.80857644E+02 , 0.00000000E+00 , 0.00000000E+00 , 
  542 , 0.731363E+09 ,    79 , 0.30126472E+08 , 0.80837765E+02 , 0.00000000E+00 , 0.00000000E+00 ,   246 , 0.30022963E+08 , 0.80857644E+02 , 0.00000000E+00 , 0.00000000E+00 , 
  543 , 0.733091E+09 ,    79 , 0.30126472E+08 , 0.80837765E+02 , 0.00000000E+00 , 0.00000000E+00 ,   246 , 0.30022963E+08 , 0.80857644E+02 , 0.00000000E+00 , 0.00000000E+00 , 
  544 , 0.734819E+09 ,    79 , 0.30126472E+08 , 0.80837765E+02 , 0.00000000E+00 , 0.00000000E+00 ,   246 , 0.30022963E+08 , 0.80857644E+02 , 0.00000000E+00 , 0.00000000E+00 , 
  545 , 0.736547E+09 ,    79 , 0.30126472E+08 , 0.80837765E+02 , 0.00000000E+00 , 0.00000000E+00 ,   246 , 0.30022963E+08 , 0.80857644E+02 , 0.00000000E+00 , 0.00000000E+00 , 
  546 , 0.738275E+09 ,    79 , 0.30126472E+08 , 0.80837765E+02 , 0.00000000E+00 , 0.00000000E+00 ,   246 , 0.30022963E+08 , 0.80857644E+02 , 0.00000000E+00 , 0.00000000E+00 , 
  547 , 0.740003E+09 ,    79 , 0.30126472E+08 , 0.80837765E+02 , 0.00000000E+00 , 0.00000000E+00 ,   246 , 0.30022963E+08 , 0.80857644E+02 , 0.00000000E+00 , 0.00000000E+00 , 
  548 , 0.741731E+09 ,    79 , 0.30126472E+08 , 0.80837765E+02 , 0.00000000E+00 , 0.00000000E+00 ,   246 , 0.30022963E+08 , 0.80857644E+02 , 0.00000000E+00 , 0.00000000E+00 , 
  549 , 0.743459E+09 ,    79 , 0.30126472E+08 , 0.80837765E+02 , 0.00000000E+00 , 0.00000000E+00 ,   246 , 0.30022963E+08 , 0.80857644E+02 , 0.00000000E+00 , 0.00000000E+00 , 
  550 , 0.745187E+09 ,    79 , 0.30126472E+08 , 0.80837765E+02 , 0.00000000E+00 , 0.00000000E+00 ,   246 , 0.30022963E+08 , 0.80857644E+02 , 0.00000000E+00 , 0.00000000E+00 , 
  551 , 0.746915E+09 ,    79 , 0.30126472E+08 , 0.80837765E+02 , 0.00000000E+00 , 0.00000000E+00 ,   246 , 0.30022963E+08 , 0.80857644E+02 , 0.00000000E+00 , 0.00000000E+00 , 
  552 , 0.748643E+09 ,    79 , 0.30126472E+08 , 0.80837765E+02 , 0.00000000E+00 , 0.00000000E+00 ,   246 , 0.30022963E+08 , 0.80857644E+02 , 0.00000000E+00 , 0.00000000E+00 , 
  553 , 0.750371E+09 ,    79 , 0.30126472E+08 , 0.80837765E+02 , 0.00000000E+00 , 0.00000000E+00 ,   246 , 0.30022963E+08 , 0.80857644E+02 , 0.00000000E+00 , 0.00000000E+00 , 
  554 , 0.752099E+09 ,    79 , 0.30126472E+08 , 0.80837765E+02 , 0.00000000E+00 , 0.00000000E+00 ,   246 , 0.30022963E+08 , 0.80857644E+02 , 0.00000000E+00 , 0.00000000E+00 , 
  555 , 0.753827E+09 ,    79 , 0.30126472E+08 , 0.80837765E+02 , 0.00000000E+00 , 0.00000000E+00 ,   246 , 0.30022963E+08 , 0.80857644E+02 , 0.00000000E+00 , 0.00000000E+00 , 
  556 , 0.755555E+09 ,    79 , 0.30126472E+08 , 0.80837765E+02 , 0.00000000E+00 , 0.00000000E+00 ,   246 , 0.30022963E+08 , 0.80857644E+02 , 0.00000000E+00 , 0.00000000E+00 , 
  557 , 0.757283E+09 ,    79 , 0.30126472E+08 , 0.80837765E+02 , 0.00000000E+00 , 0.00000000E+00 ,   246 , 0.30022963E+08 , 0.80857644E+02 , 0.00000000E+00 , 0.00000000E+00 , 
  558 , 0.759011E+09 ,    79 , 0.30126472E+08 , 0.80837765E+02 , 0.00000000E+00 , 0.00000000E+00 ,   246 , 0.30022963E+08 , 0.80857644E+02 , 0.00000000E+00 , 0.00000000E+00 , 
  559 , 0.760739E+09 ,    79 , 0.30126472E+08 , 0.80837765E+02 , 0.00000000E+00 , 0.00000000E+00 ,   246 , 0.30022963E+08 , 0.80857644E+02 , 0.00000000E+00 , 0.00000000E+00 , 
  560 , 0.762467E+09 ,    79 , 0.30126472E+08 , 0.80837765E+02 , 0.00000000E+00 , 0.00000000E+00 ,   246 , 0.30022963E+08 , 0.80857644E+02 , 0.00000000E+00 , 0.00000000E+00 , 
  561 , 0.764195E+09 ,    79 , 0.30126472E+08 , 0.80837765E+02 , 0.00000000E+00 , 0.00000000E+00 ,   246 , 0.30022963E+08 , 0.80857644E+02 , 0.00000000E+00 , 0.00000000E+00 , 
  562 , 0.765923E+09 ,    79 , 0.30126472E+08 , 0.80837765E+02 , 0.00000000E+00 , 0.00000000E+00 ,   246 , 0.30022963E+08 , 0.80857644E+02 , 0.00000000E+00 , 0.00000000E+00 , 
  563 , 0.767651E+09 ,    79 , 0.30126472E+08 , 0.80837765E+02 , 0.00000000E+00 , 0.00000000E+00 ,   246 , 0.30022963E+08 , 0.80857644E+02 , 0.00000000E+00 , 0.00000000E+00 , 
  564 , 0.769379E+09 ,    79 , 0.30126472E+08 , 0.80837765E+02 , 0.00000000E+00 , 0.00000000E+00 ,   246 , 0.30022963E+08 , 0.80857644E+02 , 0.00000000E+00 , 0.00000000E+00 , 
  565 , 0.771107E+09 ,    79 , 0.30126472E+08 , 0.80837765E+02 , 0.00000000E+00 , 0.00000000E+00 ,   246 , 0.30022963E+08 , 0.80857644E+02 , 0.00000000E+00 , 0.00000000E+00 , 
  566 , 0.772835E+09 ,    79 , 0.30126472E+08 , 0.80837765E+02 , 0.00000000E+00 , 0.00000000E+00 ,   246 , 0.30022963E+08 , 0.80857644E+02 , 0.00000000E+00 , 0.00000000E+00 , 
  567 , 0.774563E+09 ,    79 , 0.30126472E+08 , 0.80837765E+02 , 0.00000000E+00 , 0.00000000E+00 ,   246 , 0.30022963E+08 , 0.80857644E+02 , 0.00000000E+00 , 0.00000000E+00 , 
  568 , 0.776291E+09 ,    79 , 0.30126472E+08 , 0.80837765E+02 , 0.00000000E+00 , 0.00000000E+00 ,   246 , 0.30022963E+08 , 0.80857644E+02 , 0.00000000E+00 , 0.00000000E+00 , 
  569 , 0.778019E+09 ,    79 , 0.30126472E+08 , 0.80837765E+02 , 0.00000000E+00 , 0.00000000E+00 ,   246 , 0.30022963E+08 , 0.80857644E+02 , 0.00000000E+00 , 0.00000000E+00 , 
  570 , 0.779747E+09 ,    79 , 0.30126472E+08 , 0.80837765E+02 , 0.00000000E+00 , 0.00000000E+00 ,   246 , 0.30022963E+08 , 0.80857644E+02 , 0.00000000E+00 , 0.00000000E+00 , 
  571 , 0.781475E+09 ,    79 , 0.30126472E+08 , 0.80837765E+02 , 0.00000000E+00 , 0.00000000E+00 ,   246 , 0.30022963E+08 , 0.80857644E+02 , 0.00000000E+00 , 0.00000000E+00 , 
  572 , 0.783203E+09 ,    79 , 0.30126472E+08 , 0.80837765E+02 , 0.00000000E+00 , 0.00000000E+00 ,   246 , 0.30022963E+08 , 0.80857644E+02 , 0.00000000E+00 , 0.00000000E+00 , 
  573 , 0.784931E+09 ,    79 , 0.30126472E+08 , 0.80837765E+02 , 0.00000000E+00 , 0.00000000E+00 ,   246 , 0.30022963E+08 , 0.80857644E+02 , 0.00000000E+00 , 0.00000000E+00 , 
  574 , 0.786659E+09 ,    79 , 0.30126472E+08 , 0.80837765E+02 , 0.00000000E+00 , 0.00000000E+00 ,   246 , 0.30022963E+08 , 0.80857644E+02 , 0.00000000E+00 , 0.00000000E+00 , 
  575 , 0.788387E+09 ,    79 , 0.30126472E+08 , 0.80837765E+02 , 0.00000000E+00 , 0.00000000E+00 ,   246 , 0.30022963E+08 , 0.80857644E+02 , 0.00000000E+00 , 0.00000000E+00 , 
  576 , 0.790115E+09 ,    79 , 0.30126472E+08 , 0.80837765E+02 , 0.00000000E+00 , 0.00000000E+00 ,   246 , 0.30022963E+08 , 0.80857644E+02 , 0.00000000E+00 , 0.00000000E+00 , 
  577 , 0.791843E+09 ,    79 , 0.30126472E+08 , 0.80837765E+02 , 0.00000000E+00 , 0.00000000E+00 ,   246 , 0.30022963E+08 , 0.80857644E+02 , 0.00000000E+00 , 0.00000000E+00 , 
  578 , 0.793571E+09 ,    79 , 0.30126472E+08 , 0.80837765E+02 , 0.00000000E+00 , 0.00000000E+00 ,   246 , 0.30022963E+08 , 0.80857644E+02 , 0.00000000E+00 , 0.00000000E+00 , 
  579 , 0.795299E+09 ,    79 , 0.30126472E+08 , 0.80837765E+02 , 0.00000000E+00 , 0.00000000E+00 ,   246 , 0.30022963E+08 , 0.80857644E+02 , 0.00000000E+00 , 0.00000000E+00 , 
  580 , 0.797027E+09 ,    79 , 0.30126472E+08 , 0.80837765E+02 , 0.00000000E+00 , 0.00000000E+00 ,   246 , 0.30022963E+08 , 0.80857644E+02 , 0.00000000E+00 , 0.00000000E+00 , 
  581 , 0.798755E+09 ,    79 , 0.30126472E+08 , 0.80837765E+02 , 0.00000000E+00 , 0.00000000E+00 ,   246 , 0.30022963E+08 , 0.80857644E+02 , 0.00000000E+00 , 0.00000000E+00 , 
  582 , 0.800483E+09 ,    79 , 0.30126472E+08 , 0.80837765E+02 , 0.00000000E+00 , 0.00000000E+00 ,   246 , 0.30022963E+08 , 0.80857644E+02 , 0.00000000E+00 , 0.00000000E+00 , 
  583 , 0.802211E+09 ,    79 , 0.30126472E+08 , 0.80837765E+02 , 0.00000000E+00 , 0.00000000E+00 ,   246 , 0.30022963E+08 , 0.80857644E+02 , 0.00000000E+00 , 0.00000000E+00 , 
  584 , 0.803939E+09 ,    79 , 0.30126472E+08 , 0.80837765E+02 , 0.00000000E+00 , 0.00000000E+00 ,   246 , 0.30022963E+08 , 0.80857644E+02 , 0.00000000E+00 , 0.00000000E+00 , 
  585 , 0.805667E+09 ,    79 , 0.30126472E+08 , 0.80837765E+02 , 0.00000000E+00 , 0.00000000E+00 ,   246 , 0.30022963E+08 , 0.80857644E+02 , 0.00000000E+00 , 0.00000000E+00 , 
  586 , 0.807395E+09 ,    79 , 0.30126472E+08 , 0.80837765E+02 , 0.00000000E+00 , 0.00000000E+00 ,   246 , 0.30022963E+08 , 0.80857644E+02 , 0.00000000E+00 , 0.00000000E+00 , 
  587 , 0.809123E+09 ,    79 , 0.30126472E+08 , 0.80837765E+02 , 0.00000000E+00 , 0.00000000E+00 ,   246 , 0.30022963E+08 , 0.80857644E+02 , 0.00000000E+00 , 0.00000000E+00 , 
  588 , 0.810851E+09 ,    79 , 0.30126472E+08 , 0.80837765E+02 , 0.00000000E+00 , 0.00000000E+00 ,   246 , 0.30022963E+08 , 0.80857644E+02 , 0.00000000E+00 , 0.00000000E+00 , 
  589 , 0.812579E+09 ,    79 , 0.30126472E+08 , 0.80837765E+02 , 0.00000000E+00 , 0.00000000E+00 ,   246 , 0.30022963E+08 , 0.80857644E+02 , 0.00000000E+00 , 0.00000000E+00 , 
  590 , 0.814307E+09 ,    79 , 0.30126472E+08 , 0.80837765E+02 , 0.00000000E+00 , 0.00000000E+00 ,   246 , 0.30022963E+08 , 0.80857644E+02 , 0.00000000E+00 , 0.00000000E+00 , 
  591 , 0.816035E+09 ,    79 , 0.30126472E+08 , 0.80837765E+02 , 0.00000000E+00 , 0.00000000E+00 ,   246 , 0.30022963E+08 , 0.80857644E+02 , 0.00000000E+00 , 0.00000000E+00 , 
  592 , 0.817763E+09 ,    79 , 0.30126472E+08 , 0.80837765E+02 , 0.00000000E+00 , 0.00000000E+00 ,   246 , 0.30022963E+08 , 0.80857644E+02 , 0.00000000E+00 , 0.00000000E+00 , 
  593 , 0.819491E+09 ,    79 , 0.30126472E+08 , 0.80837765E+02 , 0.00000000E+00 , 0.00000000E+00 ,   246 , 0.30022963E+08 , 0.80857644E+02 , 0.00000000E+00 , 0.00000000E+00 , 
  594 , 0.821219E+09 ,    79 , 0.30126472E+08 , 0.80837765E+02 , 0.00000000E+00 , 0.00000000E+00 ,   246 , 0.30022963E+08 , 0.80857644E+02 , 0.00000000E+00 , 0.00000000E+00 , 
  595 , 0.822947E+09 ,    79 , 0.30126472E+08 , 0.80837765E+02 , 0.00000000E+00 , 0.00000000E+00 ,   246 , 0.30022963E+08 , 0.80857644E+02 , 0.00000000E+00 , 0.00000000E+00 , 
  596 , 0.824675E+09 ,    79 , 0.30126472E+08 , 0.80837765E+02 , 0.00000000E+00 , 0.00000000E+00 ,   246 , 0.30022963E+08 , 0.80857644E+02 , 0.00000000E+00 , 0.00000000E+00 , 
  597 , 0.826403E+09 ,    79 , 0.30126472E+08 , 0.80837765E+02 , 0.00000000E+00 , 0.00000000E+00 ,   246 , 0.30022963E+08 , 0.80857644E+02 , 0.00000000E+00 , 0.00000000E+00 , 
  598 , 0.828131E+09 ,    79 , 0.30126472E+08 , 0.80837765E+02 , 0.00000000E+00 , 0.00000000E+00 ,   246 , 0.30022963E+08 , 0.80857644E+02 , 0.00000000E+00 , 0.00000000E+00 , 
  599 , 0.829859E+09 ,    79 , 0.30126472E+08 , 0.80837765E+02 , 0.00000000E+00 , 0.00000000E+00 ,   246 , 0.30022963E+08 , 0.80857644E+02 , 0.00000000E+00 , 0.00000000E+00 , 
  600 , 0.831587E+09 ,    79 , 0.30126472E+08 , 0.80837765E+02 , 0.00000000E+00 , 0.00000000E+00 ,   246 , 0.30022963E+08 , 0.80857644E+02 , 0.00000000E+00 , 0.00000000E+00 , 
  601 , 0.833315E+09 ,    79 , 0.30126472E+08 , 0.80837765E+02 , 0.00000000E+00 , 0.00000000E+00 ,   246 , 0.30022963E+08 , 0.80857644E+02 , 0.00000000E+00 , 0.00000000E+00 , 
  602 , 0.835043E+09 ,    79 , 0.30126472E+08 , 0.80837765E+02 , 0.00000000E+00 , 0.00000000E+00 ,   246 , 0.30022963E+08 , 0.80857644E+02 , 0.00000000E+00 , 0.00000000E+00 , 
  603 , 0.836771E+09 ,    79 , 0.30126472E+08 , 0.80837765E+02 , 0.00000000E+00 , 0.00000000E+00 ,   246 , 0.30022963E+08 , 0.80857644E+02 , 0.00000000E+00 , 0.00000000E+00 , 
  604 , 0.838499E+09 ,    79 , 0.30126472E+08 , 0.80837765E+02 , 0.00000000E+00 , 0.00000000E+00 ,   246 , 0.30022963E+08 , 0.80857644E+02 , 0.00000000E+00 , 0.00000000E+00 , 
  605 , 0.840227E+09 ,    79 , 0.30126472E+08 , 0.80837765E+02 , 0.00000000E+00 , 0.00000000E+00 ,   246 , 0.30022963E+08 , 0.80857644E+02 , 0.00000000E+00 , 0.00000000E+00 , 
  606 , 0.841955E+09 ,    79 , 0.30126472E+08 , 0.80837765E+02 , 0.00000000E+00 , 0.00000000E+00 ,   246 , 0.30022963E+08 , 0.80857644E+02 , 0.00000000E+00 , 0.00000000E+00 , 
  607 , 0.843683E+09 ,    79 , 0.30126472E+08 , 0.80837765E+02 , 0.00000000E+00 , 0.00000000E+00 ,   246 , 0.30022963E+08 , 0.80857644E+02 , 0.00000000E+00 , 0.00000000E+00 , 
  608 , 0.845411E+09 ,    79 , 0.30126472E+08 , 0.80837765E+02 , 0.00000000E+00 , 0.00000000E+00 ,   246 , 0.30022963E+08 , 0.80857644E+02 , 0.00000000E+00 , 0.00000000E+00 , 
  609 , 0.847139E+09 ,    79 , 0.30126472E+08 , 0.80837765E+02 , 0.00000000E+00 , 0.00000000E+00 ,   246 , 0.30022963E+08 , 0.80857644E+02 , 0.00000000E+00 , 0.00000000E+00 , 
  610 , 0.848867E+09 ,    79 , 0.30126472E+08 , 0.80837765E+02 , 0.00000000E+00 , 0.00000000E+00 ,   246 , 0.30022963E+08 , 0.80857644E+02 , 0.00000000E+00 , 0.00000000E+00 , 
  611 , 0.850595E+09 ,    79 , 0.30126472E+08 , 0.80837765E+02 , 0.00000000E+00 , 0.00000000E+00 ,   246 , 0.30022963E+08 , 0.80857644E+02 , 0.00000000E+00 , 0.00000000E+00 , 
  612 , 0.852323E+09 ,    79 , 0.30126472E+08 , 0.80837765E+02 , 0.00000000E+00 , 0.00000000E+00 ,   246 , 0.30022963E+08 , 0.80857644E+02 , 0.00000000E+00 , 0.00000000E+00 , 
  613 , 0.854051E+09 ,    79 , 0.30126472E+08 , 0.80837765E+02 , 0.00000000E+00 , 0.00000000E+00 ,   246 , 0.30022963E+08 , 0.80857644E+02 , 0.00000000E+00 , 0.00000000E+00 , 
  614 , 0.855779E+09 ,    79 , 0.30126472E+08 , 0.80837765E+02 , 0.00000000E+00 , 0.00000000E+00 ,   246 , 0.30022963E+08 , 0.80857644E+02 , 0.00000000E+00 , 0.00000000E+00 , 
  615 , 0.857507E+09 ,    79 , 0.30126472E+08 , 0.80837765E+02 , 0.00000000E+00 , 0.00000000E+00 ,   246 , 0.30022963E+08 , 0.80857644E+02 , 0.00000000E+00 , 0.00000000E+00 , 
  616 , 0.859235E+09 ,    79 , 0.30126472E+08 , 0.80837765E+02 , 0.00000000E+00 , 0.00000000E+00 ,   246 , 0.30022963E+08 , 0.80857644E+02 , 0.00000000E+00 , 0.00000000E+00 , 
  617 , 0.860963E+09 ,    79 , 0.30126472E+08 , 0.80837765E+02 , 0.00000000E+00 , 0.00000000E+00 ,   246 , 0.30022963E+08 , 0.80857644E+02 , 0.00000000E+00 , 0.00000000E+00 , 
  618 , 0.862691E+09 ,    79 , 0.30126472E+08 , 0.80837765E+02 , 0.00000000E+00 , 0.00000000E+00 ,   246 , 0.30022963E+08 , 0.80857644E+02 , 0.00000000E+00 , 0.00000000E+00 , 
  619 , 0.864000E+09 ,    79 , 0.30126472E+08 , 0.80837765E+02 , 0.00000000E+00 , 0.00000000E+00 ,   246 , 0.30022963E+08 , 0.80857644E+02 , 0.00000000E+00 , 0.00000000E+00 , 
