    Geochemical state variables at restart time (s):
0.86400000E+09
     Concentration of primary species mol/kgw :
 0.55508680E+02 0.22694663E-05 0.10000000E-09
 0.55508680E+02 0.22694663E-05 0.10000000E-09
 0.55508680E+02 0.22694663E-05 0.10000000E-09
 0.55508680E+02 0.22694663E-05 0.10000000E-09
 0.55508680E+02 0.22694663E-05 0.10000000E-09
 0.55508680E+02 0.22694663E-05 0.10000000E-09
 0.55508680E+02 0.22694663E-05 0.10000000E-09
 0.55508680E+02 0.22694663E-05 0.10000000E-09
 0.55508680E+02 0.22694663E-05 0.10000000E-09
 0.55508680E+02 0.22694663E-05 0.10000000E-09
 0.55508680E+02 0.22694663E-05 0.10000000E-09
 0.55508680E+02 0.22694663E-05 0.10000000E-09
 0.55508680E+02 0.22694663E-05 0.10000000E-09
 0.55508680E+02 0.22694663E-05 0.10000000E-09
 0.55508680E+02 0.22694663E-05 0.10000000E-09
 0.55508680E+02 0.22694663E-05 0.10000000E-09
 0.55508680E+02 0.22694663E-05 0.10000000E-09
 0.55508680E+02 0.22694663E-05 0.10000000E-09
 0.55508680E+02 0.22694663E-05 0.10000000E-09
 0.55508680E+02 0.22694663E-05 0.10000000E-09
 0.55508680E+02 0.22694663E-05 0.10000000E-09
 0.55508680E+02 0.22694663E-05 0.10000000E-09
 0.55508680E+02 0.22694663E-05 0.10000000E-09
 0.55508680E+02 0.22694663E-05 0.10000000E-09
 0.55508680E+02 0.22694663E-05 0.10000000E-09
 0.55508680E+02 0.22694663E-05 0.10000000E-09
 0.55508680E+02 0.22694663E-05 0.10000000E-09
 0.55508680E+02 0.22694663E-05 0.10000000E-09
 0.55508680E+02 0.22694663E-05 0.10000000E-09
 0.55508680E+02 0.22694663E-05 0.10000000E-09
 0.55508680E+02 0.22694663E-05 0.10000000E-09
 0.55508680E+02 0.22694663E-05 0.10000000E-09
 0.55508680E+02 0.22694663E-05 0.10000000E-09
 0.55508680E+02 0.22694663E-05 0.10000000E-09
 0.55508680E+02 0.22694663E-05 0.10000000E-09
 0.55508680E+02 0.22694663E-05 0.10000000E-09
 0.55508680E+02 0.22694663E-05 0.10000000E-09
 0.55508680E+02 0.22694663E-05 0.10000000E-09
 0.55508680E+02 0.22694663E-05 0.10000000E-09
 0.55508680E+02 0.22694663E-05 0.10000000E-09
 0.55508680E+02 0.22694663E-05 0.10000000E-09
 0.55508680E+02 0.22694663E-05 0.10000000E-09
 0.55508680E+02 0.22694663E-05 0.10000000E-09
 0.55508680E+02 0.22694663E-05 0.10000000E-09
 0.55508680E+02 0.22694663E-05 0.10000000E-09
 0.55508680E+02 0.22694663E-05 0.10000000E-09
 0.55508680E+02 0.22694663E-05 0.10000000E-09
 0.55508680E+02 0.22694663E-05 0.10000000E-09
 0.55508680E+02 0.22694663E-05 0.10000000E-09
 0.55508680E+02 0.22694663E-05 0.10000000E-09
 0.55508680E+02 0.22694663E-05 0.10000000E-09
 0.55508680E+02 0.22694663E-05 0.10000000E-09
 0.55508680E+02 0.22694663E-05 0.10000000E-09
 0.55508680E+02 0.22694663E-05 0.10000000E-09
 0.55508680E+02 0.22694663E-05 0.10000000E-09
 0.55508680E+02 0.22694663E-05 0.10000000E-09
 0.55508680E+02 0.22694663E-05 0.10000000E-09
 0.55508680E+02 0.22694663E-05 0.10000000E-09
 0.55508680E+02 0.22694663E-05 0.10000000E-09
 0.55508680E+02 0.22694663E-05 0.10000000E-09
 0.55508680E+02 0.22694663E-05 0.10000000E-09
 0.55508680E+02 0.22694663E-05 0.10000000E-09
 0.55508680E+02 0.22694663E-05 0.10000000E-09
 0.55508680E+02 0.22694663E-05 0.10000000E-09
 0.55508680E+02 0.22694663E-05 0.10000000E-09
 0.55508680E+02 0.22694663E-05 0.10000000E-09
 0.55508680E+02 0.22694663E-05 0.10000000E-09
 0.55508680E+02 0.22694663E-05 0.10000000E-09
 0.55508680E+02 0.22694663E-05 0.10000000E-09
 0.55508680E+02 0.22694663E-05 0.10000000E-09
 0.55508680E+02 0.22694663E-05 0.10000000E-09
 0.55508680E+02 0.22694663E-05 0.10000000E-09
 0.55508680E+02 0.22694663E-05 0.10000000E-09
 0.55508680E+02 0.22694663E-05 0.10000000E-09
 0.55508680E+02 0.22694663E-05 0.10000000E-09
 0.55508680E+02 0.22694663E-05 0.10000000E-09
 0.55508680E+02 0.22694663E-05 0.10000000E-09
 0.55508680E+02 0.22694663E-05 0.10000000E-09
 0.55508680E+02 0.22694663E-05 0.10000000E-09
 0.55508680E+02 0.22694663E-05 0.10000000E-09
 0.55508680E+02 0.22694663E-05 0.10000000E-09
 0.55508680E+02 0.22694663E-05 0.10000000E-09
 0.55508680E+02 0.22694663E-05 0.10000000E-09
 0.55508680E+02 0.22694663E-05 0.10000000E-09
 0.55508680E+02 0.22694663E-05 0.10000000E-09
 0.55508680E+02 0.22694663E-05 0.10000000E-09
 0.55508680E+02 0.22694663E-05 0.10000000E-09
 0.55508680E+02 0.22694663E-05 0.10000000E-09
 0.55508680E+02 0.22694663E-05 0.10000000E-09
 0.55508680E+02 0.22694663E-05 0.10000000E-09
 0.55508680E+02 0.22694663E-05 0.10000000E-09
 0.55508680E+02 0.22694663E-05 0.10000000E-09
 0.55508680E+02 0.22694663E-05 0.10000000E-09
 0.55508680E+02 0.22694663E-05 0.10000000E-09
 0.55508680E+02 0.22694663E-05 0.10000000E-09
 0.55508680E+02 0.22694663E-05 0.10000000E-09
 0.55508680E+02 0.22694663E-05 0.10000000E-09
 0.55508680E+02 0.22694663E-05 0.10000000E-09
 0.55508680E+02 0.22694663E-05 0.10000000E-09
 0.55508680E+02 0.22694663E-05 0.10000000E-09
 0.55508680E+02 0.22694663E-05 0.10000000E-09
 0.55508680E+02 0.22694663E-05 0.10000000E-09
 0.55508680E+02 0.22694663E-05 0.10000000E-09
 0.55508680E+02 0.22694663E-05 0.10000000E-09
 0.55508680E+02 0.22694663E-05 0.10000000E-09
 0.55508680E+02 0.22694663E-05 0.10000000E-09
 0.55508680E+02 0.22694663E-05 0.10000000E-09
 0.55508680E+02 0.22694663E-05 0.10000000E-09
 0.55508680E+02 0.22694663E-05 0.10000000E-09
 0.55508680E+02 0.22694663E-05 0.10000000E-09
 0.55508680E+02 0.22694663E-05 0.10000000E-09
 0.55508680E+02 0.22694663E-05 0.10000000E-09
 0.55508680E+02 0.22694663E-05 0.10000000E-09
 0.55508680E+02 0.22694663E-05 0.10000000E-09
 0.55508680E+02 0.22694663E-05 0.10000000E-09
 0.55508680E+02 0.22694663E-05 0.10000000E-09
 0.55508680E+02 0.22694663E-05 0.10000000E-09
 0.55508680E+02 0.22694663E-05 0.10000000E-09
 0.55508680E+02 0.22694663E-05 0.10000000E-09
 0.55508680E+02 0.22694663E-05 0.10000000E-09
 0.55508680E+02 0.22694663E-05 0.10000000E-09
 0.55508680E+02 0.22694663E-05 0.10000000E-09
 0.55508680E+02 0.22694663E-05 0.10000000E-09
 0.55508680E+02 0.22694663E-05 0.10000000E-09
 0.55508680E+02 0.22694663E-05 0.10000000E-09
 0.55508680E+02 0.22694663E-05 0.10000000E-09
 0.55508680E+02 0.22694663E-05 0.10000000E-09
 0.55508680E+02 0.22694663E-05 0.10000000E-09
 0.55508680E+02 0.22694663E-05 0.10000000E-09
 0.55508680E+02 0.22694663E-05 0.10000000E-09
 0.55508680E+02 0.22694663E-05 0.10000000E-09
 0.55508680E+02 0.22694663E-05 0.10000000E-09
 0.55508680E+02 0.22694663E-05 0.10000000E-09
 0.55508680E+02 0.22694663E-05 0.10000000E-09
 0.55508680E+02 0.22694663E-05 0.10000000E-09
 0.55508680E+02 0.22694663E-05 0.10000000E-09
 0.55508680E+02 0.22694663E-05 0.10000000E-09
 0.55508680E+02 0.22694663E-05 0.10000000E-09
 0.55508680E+02 0.22694663E-05 0.10000000E-09
 0.55508680E+02 0.22694663E-05 0.10000000E-09
 0.55508680E+02 0.22694663E-05 0.10000000E-09
 0.55508680E+02 0.22694663E-05 0.10000000E-09
 0.55508680E+02 0.22694663E-05 0.10000000E-09
 0.55508680E+02 0.22694663E-05 0.10000000E-09
 0.55508680E+02 0.22694663E-05 0.10000000E-09
 0.55508680E+02 0.22694663E-05 0.10000000E-09
 0.55508680E+02 0.22694663E-05 0.10000000E-09
 0.55508680E+02 0.22694663E-05 0.10000000E-09
 0.55508680E+02 0.22694663E-05 0.10000000E-09
 0.55508680E+02 0.22694663E-05 0.10000000E-09
 0.55508680E+02 0.22694663E-05 0.10000000E-09
 0.55508680E+02 0.22694663E-05 0.10000000E-09
 0.55508680E+02 0.22694663E-05 0.10000000E-09
 0.55508680E+02 0.22694663E-05 0.10000000E-09
 0.55508680E+02 0.22694663E-05 0.10000000E-09
 0.55508680E+02 0.22694663E-05 0.10000000E-09
 0.55508680E+02 0.22694663E-05 0.10000000E-09
 0.55508680E+02 0.22694663E-05 0.10000000E-09
 0.55508680E+02 0.22694663E-05 0.10000000E-09
 0.55508680E+02 0.22694663E-05 0.10000000E-09
 0.55508680E+02 0.22694663E-05 0.10000000E-09
 0.55508680E+02 0.22694663E-05 0.10000000E-09
 0.55508680E+02 0.22694663E-05 0.10000000E-09
 0.55508680E+02 0.22694663E-05 0.10000000E-09
 0.55508680E+02 0.22694663E-05 0.10000000E-09
 0.55508680E+02 0.22694663E-05 0.10000000E-09
 0.55508680E+02 0.22694663E-05 0.10000000E-09
 0.55508680E+02 0.22694663E-05 0.10000000E-09
 0.55508680E+02 0.22694663E-05 0.10000000E-09
 0.55508680E+02 0.22694663E-05 0.10000000E-09
 0.55508680E+02 0.22694663E-05 0.10000000E-09
 0.55508680E+02 0.22694663E-05 0.10000000E-09
 0.55508680E+02 0.22694663E-05 0.10000000E-09
 0.55508680E+02 0.22694663E-05 0.10000000E-09
 0.55508680E+02 0.22694663E-05 0.10000000E-09
 0.55508680E+02 0.22694663E-05 0.10000000E-09
 0.55508680E+02 0.22694663E-05 0.10000000E-09
 0.55508680E+02 0.22694663E-05 0.10000000E-09
 0.55508680E+02 0.22694663E-05 0.10000000E-09
 0.55508680E+02 0.22694663E-05 0.10000000E-09
 0.55508680E+02 0.22694663E-05 0.10000000E-09
 0.55508680E+02 0.22694663E-05 0.10000000E-09
 0.55508680E+02 0.22694663E-05 0.10000000E-09
 0.55508680E+02 0.22694663E-05 0.10000000E-09
 0.55508680E+02 0.22694663E-05 0.10000000E-09
 0.55508680E+02 0.22694663E-05 0.10000000E-09
 0.55508680E+02 0.22694663E-05 0.10000000E-09
 0.55508680E+02 0.22694663E-05 0.10000000E-09
 0.55508680E+02 0.22694663E-05 0.10000000E-09
 0.55508680E+02 0.22694663E-05 0.10000000E-09
 0.55508680E+02 0.22694663E-05 0.10000000E-09
 0.55508680E+02 0.22694663E-05 0.10000000E-09
 0.55508680E+02 0.22694663E-05 0.10000000E-09
 0.55508680E+02 0.22694663E-05 0.10000000E-09
 0.55508680E+02 0.22694663E-05 0.10000000E-09
 0.55508680E+02 0.22694663E-05 0.10000000E-09
 0.55508680E+02 0.22694663E-05 0.10000000E-09
 0.55508680E+02 0.22694663E-05 0.10000000E-09
 0.55508680E+02 0.22694663E-05 0.10000000E-09
 0.55508680E+02 0.22694663E-05 0.10000000E-09
 0.55508680E+02 0.22694663E-05 0.10000000E-09
 0.55508680E+02 0.22694663E-05 0.10000000E-09
 0.55508680E+02 0.22694663E-05 0.10000000E-09
 0.55508680E+02 0.22694663E-05 0.10000000E-09
 0.55508680E+02 0.22694663E-05 0.10000000E-09
 0.55508680E+02 0.22694663E-05 0.10000000E-09
 0.55508680E+02 0.22694663E-05 0.10000000E-09
 0.55508680E+02 0.22694663E-05 0.10000000E-09
 0.55508680E+02 0.22694663E-05 0.10000000E-09
 0.55508680E+02 0.22694663E-05 0.10000000E-09
 0.55508680E+02 0.22694663E-05 0.10000000E-09
 0.55508680E+02 0.22694663E-05 0.10000000E-09
 0.55508680E+02 0.22694663E-05 0.10000000E-09
 0.55508680E+02 0.22694663E-05 0.10000000E-09
 0.55508680E+02 0.22694663E-05 0.10000000E-09
 0.55508680E+02 0.22694663E-05 0.10000000E-09
 0.55508680E+02 0.22694663E-05 0.10000000E-09
 0.55508680E+02 0.22694663E-05 0.10000000E-09
 0.55508680E+02 0.22694663E-05 0.10000000E-09
 0.55508680E+02 0.22694663E-05 0.10000000E-09
 0.55508680E+02 0.22694663E-05 0.10000000E-09
 0.55508680E+02 0.22694663E-05 0.10000000E-09
 0.55508680E+02 0.22694663E-05 0.10000000E-09
 0.55508680E+02 0.22694663E-05 0.10000000E-09
 0.55508680E+02 0.22694663E-05 0.10000000E-09
 0.55508680E+02 0.22694663E-05 0.10000000E-09
 0.55508680E+02 0.22694663E-05 0.10000000E-09
 0.55508680E+02 0.22694663E-05 0.10000000E-09
 0.55508680E+02 0.22694663E-05 0.10000000E-09
 0.55508680E+02 0.22694663E-05 0.10000000E-09
 0.55508680E+02 0.22694663E-05 0.10000000E-09
 0.55508680E+02 0.22694663E-05 0.10000000E-09
 0.55508680E+02 0.22694663E-05 0.10000000E-09
 0.55508680E+02 0.22694663E-05 0.10000000E-09
 0.55508680E+02 0.22694663E-05 0.10000000E-09
 0.55508680E+02 0.22694663E-05 0.10000000E-09
 0.55508680E+02 0.22694663E-05 0.10000000E-09
 0.55508680E+02 0.22694663E-05 0.10000000E-09
 0.55508680E+02 0.22694663E-05 0.10000000E-09
 0.55508680E+02 0.22694663E-05 0.10000000E-09
 0.55508680E+02 0.22694663E-05 0.10000000E-09
 0.55508680E+02 0.22694663E-05 0.10000000E-09
 0.55508680E+02 0.22694663E-05 0.10000000E-09
 0.55508680E+02 0.22694663E-05 0.10000000E-09
 0.55508680E+02 0.22694663E-05 0.10000000E-09
 0.55508680E+02 0.22694663E-05 0.10000000E-09
 0.55508680E+02 0.22694663E-05 0.10000000E-09
 0.55508680E+02 0.22694663E-05 0.10000000E-09
 0.55508680E+02 0.22694663E-05 0.10000000E-09
 0.55508680E+02 0.22694663E-05 0.10000000E-09
 0.55508680E+02 0.22694663E-05 0.10000000E-09
 0.55508680E+02 0.22694663E-05 0.10000000E-09
 0.55508680E+02 0.22694663E-05 0.10000000E-09
 0.55508680E+02 0.22694663E-05 0.10000000E-09
 0.55508680E+02 0.22694663E-05 0.10000000E-09
 0.55508680E+02 0.22694663E-05 0.10000000E-09
 0.55508680E+02 0.22694663E-05 0.10000000E-09
 0.55508680E+02 0.22694663E-05 0.10000000E-09
 0.55508680E+02 0.22694663E-05 0.10000000E-09
 0.55508680E+02 0.22694663E-05 0.10000000E-09
 0.55508680E+02 0.22694663E-05 0.10000000E-09
 0.55508680E+02 0.22694663E-05 0.10000000E-09
 0.55508680E+02 0.22694663E-05 0.10000000E-09
 0.55508680E+02 0.22694663E-05 0.10000000E-09
 0.55508680E+02 0.22694663E-05 0.10000000E-09
 0.55508680E+02 0.22694663E-05 0.10000000E-09
 0.55508680E+02 0.22694663E-05 0.10000000E-09
 0.55508680E+02 0.22694663E-05 0.10000000E-09
 0.55508680E+02 0.22694663E-05 0.10000000E-09
 0.55508680E+02 0.22694663E-05 0.10000000E-09
 0.55508680E+02 0.22694663E-05 0.10000000E-09
 0.55508680E+02 0.22694663E-05 0.10000000E-09
 0.55508680E+02 0.22694663E-05 0.10000000E-09
 0.55508680E+02 0.22694663E-05 0.10000000E-09
 0.55508680E+02 0.22694663E-05 0.10000000E-09
 0.55508680E+02 0.22694663E-05 0.10000000E-09
 0.55508680E+02 0.22694663E-05 0.10000000E-09
 0.55508680E+02 0.22694663E-05 0.10000000E-09
 0.55508680E+02 0.22694663E-05 0.10000000E-09
 0.55508680E+02 0.22694663E-05 0.10000000E-09
 0.55508680E+02 0.22694663E-05 0.10000000E-09
 0.55508680E+02 0.22694663E-05 0.10000000E-09
 0.55508680E+02 0.22694663E-05 0.10000000E-09
 0.55508680E+02 0.22694663E-05 0.10000000E-09
 0.55508680E+02 0.22694663E-05 0.10000000E-09
 0.55508680E+02 0.22694663E-05 0.10000000E-09
 0.55508680E+02 0.22694663E-05 0.10000000E-09
 0.55508680E+02 0.22694663E-05 0.10000000E-09
 0.55508680E+02 0.22694663E-05 0.10000000E-09
 0.55508680E+02 0.22694663E-05 0.10000000E-09
 0.55508680E+02 0.22694663E-05 0.10000000E-09
 0.55508680E+02 0.22694663E-05 0.10000000E-09
 0.55508680E+02 0.22694663E-05 0.10000000E-09
 0.55508680E+02 0.22694663E-05 0.10000000E-09
 0.55508680E+02 0.22694663E-05 0.10000000E-09
 0.55508680E+02 0.22694663E-05 0.10000000E-09
 0.55508680E+02 0.22694663E-05 0.10000000E-09
 0.55508680E+02 0.22694663E-05 0.10000000E-09
 0.55508680E+02 0.22694663E-05 0.10000000E-09
 0.55508680E+02 0.22694663E-05 0.10000000E-09
 0.55508680E+02 0.22694663E-05 0.10000000E-09
 0.55508680E+02 0.22694663E-05 0.10000000E-09
 0.55508680E+02 0.22694663E-05 0.10000000E-09
 0.55508680E+02 0.22694663E-05 0.10000000E-09
 0.55508680E+02 0.22694663E-05 0.10000000E-09
 0.55508680E+02 0.22694663E-05 0.10000000E-09
 0.55508680E+02 0.22694663E-05 0.10000000E-09
 0.55508680E+02 0.22694663E-05 0.10000000E-09
 0.55508680E+02 0.22694663E-05 0.10000000E-09
 0.55508680E+02 0.22694663E-05 0.10000000E-09
 0.55508680E+02 0.22694663E-05 0.10000000E-09
 0.55508680E+02 0.22694663E-05 0.10000000E-09
 0.55508680E+02 0.22694663E-05 0.10000000E-09
 0.55508680E+02 0.22694663E-05 0.10000000E-09
 0.55508680E+02 0.22694663E-05 0.10000000E-09
 0.55508680E+02 0.22694663E-05 0.10000000E-09
 0.55508680E+02 0.22694663E-05 0.10000000E-09
 0.55508680E+02 0.22694663E-05 0.10000000E-09
 0.55508680E+02 0.22694663E-05 0.10000000E-09
 0.55508680E+02 0.22694663E-05 0.10000000E-09
 0.55508680E+02 0.22694663E-05 0.10000000E-09
 0.55508680E+02 0.22694663E-05 0.10000000E-09
 0.55508680E+02 0.22694663E-05 0.10000000E-09
 0.55508680E+02 0.22694663E-05 0.10000000E-09
 0.55508680E+02 0.22694663E-05 0.10000000E-09
 0.55508680E+02 0.22694663E-05 0.10000000E-09
 0.55508680E+02 0.22694663E-05 0.10000000E-09
 0.55508680E+02 0.22694663E-05 0.10000000E-09
     pH :
  5.645250
  5.645250
  5.645250
  5.645250
  5.645250
  5.645250
  5.645250
  5.645250
  5.645250
  5.645250
  5.645250
  5.645250
  5.645250
  5.645250
  5.645250
  5.645250
  5.645250
  5.645250
  5.645250
  5.645250
  5.645250
  5.645250
  5.645250
  5.645250
  5.645250
  5.645250
  5.645250
  5.645250
  5.645250
  5.645250
  5.645250
  5.645250
  5.645250
  5.645250
  5.645250
  5.645250
  5.645250
  5.645250
  5.645250
  5.645250
  5.645250
  5.645250
  5.645250
  5.645250
  5.645250
  5.645250
  5.645250
  5.645250
  5.645250
  5.645250
  5.645250
  5.645250
  5.645250
  5.645250
  5.645250
  5.645250
  5.645250
  5.645250
  5.645250
  5.645250
  5.645250
  5.645250
  5.645250
  5.645250
  5.645250
  5.645250
  5.645250
  5.645250
  5.645250
  5.645250
  5.645250
  5.645250
  5.645250
  5.645250
  5.645250
  5.645250
  5.645250
  5.645250
  5.645250
  5.645250
  5.645250
  5.645250
  5.645250
  5.645250
  5.645250
  5.645250
  5.645250
  5.645250
  5.645250
  5.645250
  5.645250
  5.645250
  5.645250
  5.645250
  5.645250
  5.645250
  5.645250
  5.645250
  5.645250
  5.645250
  5.645250
  5.645250
  5.645250
  5.645250
  5.645250
  5.645250
  5.645250
  5.645250
  5.645250
  5.645250
  5.645250
  5.645250
  5.645250
  5.645250
  5.645250
  5.645250
  5.645250
  5.645250
  5.645250
  5.645250
  5.645250
  5.645250
  5.645250
  5.645250
  5.645250
  5.645250
  5.645250
  5.645250
  5.645250
  5.645250
  5.645250
  5.645250
  5.645250
  5.645250
  5.645250
  5.645250
  5.645250
  5.645250
  5.645250
  5.645250
  5.645250
  5.645250
  5.645250
  5.645250
  5.645250
  5.645250
  5.645250
  5.645250
  5.645250
  5.645250
  5.645250
  5.645250
  5.645250
  5.645250
  5.645250
  5.645250
  5.645250
  5.645250
  5.645250
  5.645250
  5.645250
  5.645250
  5.645250
  5.645250
  5.645250
  5.645250
  5.645250
  5.645250
  5.645250
  5.645250
  5.645250
  5.645250
  5.645250
  5.645250
  5.645250
  5.645250
  5.645250
  5.645250
  5.645250
  5.645250
  5.645250
  5.645250
  5.645250
  5.645250
  5.645250
  5.645250
  5.645250
  5.645250
  5.645250
  5.645250
  5.645250
  5.645250
  5.645250
  5.645250
  5.645250
  5.645250
  5.645250
  5.645250
  5.645250
  5.645250
  5.645250
  5.645250
  5.645250
  5.645250
  5.645250
  5.645250
  5.645250
  5.645250
  5.645250
  5.645250
  5.645250
  5.645250
  5.645250
  5.645250
  5.645250
  5.645250
  5.645250
  5.645250
  5.645250
  5.645250
  5.645250
  5.645250
  5.645250
  5.645250
  5.645250
  5.645250
  5.645250
  5.645250
  5.645250
  5.645250
  5.645250
  5.645250
  5.645250
  5.645250
  5.645250
  5.645250
  5.645250
  5.645250
  5.645250
  5.645250
  5.645250
  5.645250
  5.645250
  5.645250
  5.645250
  5.645250
  5.645250
  5.645250
  5.645250
  5.645250
  5.645250
  5.645250
  5.645250
  5.645250
  5.645250
  5.645250
  5.645250
  5.645250
  5.645250
  5.645250
  5.645250
  5.645250
  5.645250
  5.645250
  5.645250
  5.645250
  5.645250
  5.645250
  5.645250
  5.645250
  5.645250
  5.645250
  5.645250
  5.645250
  5.645250
  5.645250
  5.645250
  5.645250
  5.645250
  5.645250
  5.645250
  5.645250
  5.645250
  5.645250
  5.645250
  5.645250
  5.645250
  5.645250
  5.645250
  5.645250
  5.645250
  5.645250
  5.645250
  5.645250
  5.645250
  5.645250
  5.645250
  5.645250
  5.645250
  5.645250
  5.645250
  5.645250
  5.645250
  5.645250
  5.645250
  5.645250
  5.645250
  5.645250
  5.645250
  5.645250
  5.645250
  5.645250
  5.645250
  5.645250
  5.645250
  5.645250
  5.645250
  5.645250
  5.645250
  5.645250
  5.645250
  5.645250
  5.645250
  5.645250
  5.645250
  5.645250
  5.645250
  5.645250
     Concentration of secondary species mol/kgw :
 0.21694669E-05
 0.21694669E-05
 0.21694669E-05
 0.21694669E-05
 0.21694669E-05
 0.21694669E-05
 0.21694669E-05
 0.21694669E-05
 0.21694669E-05
 0.21694669E-05
 0.21694669E-05
 0.21694669E-05
 0.21694669E-05
 0.21694669E-05
 0.21694669E-05
 0.21694669E-05
 0.21694669E-05
 0.21694669E-05
 0.21694669E-05
 0.21694669E-05
 0.21694669E-05
 0.21694669E-05
 0.21694669E-05
 0.21694669E-05
 0.21694669E-05
 0.21694669E-05
 0.21694669E-05
 0.21694669E-05
 0.21694669E-05
 0.21694669E-05
 0.21694669E-05
 0.21694669E-05
 0.21694669E-05
 0.21694669E-05
 0.21694669E-05
 0.21694669E-05
 0.21694669E-05
 0.21694669E-05
 0.21694669E-05
 0.21694669E-05
 0.21694669E-05
 0.21694669E-05
 0.21694669E-05
 0.21694669E-05
 0.21694669E-05
 0.21694669E-05
 0.21694669E-05
 0.21694669E-05
 0.21694669E-05
 0.21694669E-05
 0.21694669E-05
 0.21694669E-05
 0.21694669E-05
 0.21694669E-05
 0.21694669E-05
 0.21694669E-05
 0.21694669E-05
 0.21694669E-05
 0.21694669E-05
 0.21694669E-05
 0.21694669E-05
 0.21694669E-05
 0.21694669E-05
 0.21694669E-05
 0.21694669E-05
 0.21694669E-05
 0.21694669E-05
 0.21694669E-05
 0.21694669E-05
 0.21694669E-05
 0.21694669E-05
 0.21694669E-05
 0.21694669E-05
 0.21694669E-05
 0.21694669E-05
 0.21694669E-05
 0.21694669E-05
 0.21694669E-05
 0.21694669E-05
 0.21694669E-05
 0.21694669E-05
 0.21694669E-05
 0.21694669E-05
 0.21694669E-05
 0.21694669E-05
 0.21694669E-05
 0.21694669E-05
 0.21694669E-05
 0.21694669E-05
 0.21694669E-05
 0.21694669E-05
 0.21694669E-05
 0.21694669E-05
 0.21694669E-05
 0.21694669E-05
 0.21694669E-05
 0.21694669E-05
 0.21694669E-05
 0.21694669E-05
 0.21694669E-05
 0.21694669E-05
 0.21694669E-05
 0.21694669E-05
 0.21694669E-05
 0.21694669E-05
 0.21694669E-05
 0.21694669E-05
 0.21694669E-05
 0.21694669E-05
 0.21694669E-05
 0.21694669E-05
 0.21694669E-05
 0.21694669E-05
 0.21694669E-05
 0.21694669E-05
 0.21694669E-05
 0.21694669E-05
 0.21694669E-05
 0.21694669E-05
 0.21694669E-05
 0.21694669E-05
 0.21694669E-05
 0.21694669E-05
 0.21694669E-05
 0.21694669E-05
 0.21694669E-05
 0.21694669E-05
 0.21694669E-05
 0.21694669E-05
 0.21694669E-05
 0.21694669E-05
 0.21694669E-05
 0.21694669E-05
 0.21694669E-05
 0.21694669E-05
 0.21694669E-05
 0.21694669E-05
 0.21694669E-05
 0.21694669E-05
 0.21694669E-05
 0.21694669E-05
 0.21694669E-05
 0.21694669E-05
 0.21694669E-05
 0.21694669E-05
 0.21694669E-05
 0.21694669E-05
 0.21694669E-05
 0.21694669E-05
 0.21694669E-05
 0.21694669E-05
 0.21694669E-05
 0.21694669E-05
 0.21694669E-05
 0.21694669E-05
 0.21694669E-05
 0.21694669E-05
 0.21694669E-05
 0.21694669E-05
 0.21694669E-05
 0.21694669E-05
 0.21694669E-05
 0.21694669E-05
 0.21694669E-05
 0.21694669E-05
 0.21694669E-05
 0.21694669E-05
 0.21694669E-05
 0.21694669E-05
 0.21694669E-05
 0.21694669E-05
 0.21694669E-05
 0.21694669E-05
 0.21694669E-05
 0.21694669E-05
 0.21694669E-05
 0.21694669E-05
 0.21694669E-05
 0.21694669E-05
 0.21694669E-05
 0.21694669E-05
 0.21694669E-05
 0.21694669E-05
 0.21694669E-05
 0.21694669E-05
 0.21694669E-05
 0.21694669E-05
 0.21694669E-05
 0.21694669E-05
 0.21694669E-05
 0.21694669E-05
 0.21694669E-05
 0.21694669E-05
 0.21694669E-05
 0.21694669E-05
 0.21694669E-05
 0.21694669E-05
 0.21694669E-05
 0.21694669E-05
 0.21694669E-05
 0.21694669E-05
 0.21694669E-05
 0.21694669E-05
 0.21694669E-05
 0.21694669E-05
 0.21694669E-05
 0.21694669E-05
 0.21694669E-05
 0.21694669E-05
 0.21694669E-05
 0.21694669E-05
 0.21694669E-05
 0.21694669E-05
 0.21694669E-05
 0.21694669E-05
 0.21694669E-05
 0.21694669E-05
 0.21694669E-05
 0.21694669E-05
 0.21694669E-05
 0.21694669E-05
 0.21694669E-05
 0.21694669E-05
 0.21694669E-05
 0.21694669E-05
 0.21694669E-05
 0.21694669E-05
 0.21694669E-05
 0.21694669E-05
 0.21694669E-05
 0.21694669E-05
 0.21694669E-05
 0.21694669E-05
 0.21694669E-05
 0.21694669E-05
 0.21694669E-05
 0.21694669E-05
 0.21694669E-05
 0.21694669E-05
 0.21694669E-05
 0.21694669E-05
 0.21694669E-05
 0.21694669E-05
 0.21694669E-05
 0.21694669E-05
 0.21694669E-05
 0.21694669E-05
 0.21694669E-05
 0.21694669E-05
 0.21694669E-05
 0.21694669E-05
 0.21694669E-05
 0.21694669E-05
 0.21694669E-05
 0.21694669E-05
 0.21694669E-05
 0.21694669E-05
 0.21694669E-05
 0.21694669E-05
 0.21694669E-05
 0.21694669E-05
 0.21694669E-05
 0.21694669E-05
 0.21694669E-05
 0.21694669E-05
 0.21694669E-05
 0.21694669E-05
 0.21694669E-05
 0.21694669E-05
 0.21694669E-05
 0.21694669E-05
 0.21694669E-05
 0.21694669E-05
 0.21694669E-05
 0.21694669E-05
 0.21694669E-05
 0.21694669E-05
 0.21694669E-05
 0.21694669E-05
 0.21694669E-05
 0.21694669E-05
 0.21694669E-05
 0.21694669E-05
 0.21694669E-05
 0.21694669E-05
 0.21694669E-05
 0.21694669E-05
 0.21694669E-05
 0.21694669E-05
 0.21694669E-05
 0.21694669E-05
 0.21694669E-05
 0.21694669E-05
 0.21694669E-05
 0.21694669E-05
 0.21694669E-05
 0.21694669E-05
 0.21694669E-05
 0.21694669E-05
 0.21694669E-05
 0.21694669E-05
 0.21694669E-05
 0.21694669E-05
 0.21694669E-05
 0.21694669E-05
 0.21694669E-05
 0.21694669E-05
 0.21694669E-05
 0.21694669E-05
 0.21694669E-05
 0.21694669E-05
 0.21694669E-05
 0.21694669E-05
 0.21694669E-05
 0.21694669E-05
 0.21694669E-05
 0.21694669E-05
 0.21694669E-05
 0.21694669E-05
 0.21694669E-05
 0.21694669E-05
 0.21694669E-05
 0.21694669E-05
 0.21694669E-05
 0.21694669E-05
 0.21694669E-05
 0.21694669E-05
 0.21694669E-05
     Water Activity :
  1.00000000
  1.00000000
  1.00000000
  1.00000000
  1.00000000
  1.00000000
  1.00000000
  1.00000000
  1.00000000
  1.00000000
  1.00000000
  1.00000000
  1.00000000
  1.00000000
  1.00000000
  1.00000000
  1.00000000
  1.00000000
  1.00000000
  1.00000000
  1.00000000
  1.00000000
  1.00000000
  1.00000000
  1.00000000
  1.00000000
  1.00000000
  1.00000000
  1.00000000
  1.00000000
  1.00000000
  1.00000000
  1.00000000
  1.00000000
  1.00000000
  1.00000000
  1.00000000
  1.00000000
  1.00000000
  1.00000000
  1.00000000
  1.00000000
  1.00000000
  1.00000000
  1.00000000
  1.00000000
  1.00000000
  1.00000000
  1.00000000
  1.00000000
  1.00000000
  1.00000000
  1.00000000
  1.00000000
  1.00000000
  1.00000000
  1.00000000
  1.00000000
  1.00000000
  1.00000000
  1.00000000
  1.00000000
  1.00000000
  1.00000000
  1.00000000
  1.00000000
  1.00000000
  1.00000000
  1.00000000
  1.00000000
  1.00000000
  1.00000000
  1.00000000
  1.00000000
  1.00000000
  1.00000000
  1.00000000
  1.00000000
  1.00000000
  1.00000000
  1.00000000
  1.00000000
  1.00000000
  1.00000000
  1.00000000
  1.00000000
  1.00000000
  1.00000000
  1.00000000
  1.00000000
  1.00000000
  1.00000000
  1.00000000
  1.00000000
  1.00000000
  1.00000000
  1.00000000
  1.00000000
  1.00000000
  1.00000000
  1.00000000
  1.00000000
  1.00000000
  1.00000000
  1.00000000
  1.00000000
  1.00000000
  1.00000000
  1.00000000
  1.00000000
  1.00000000
  1.00000000
  1.00000000
  1.00000000
  1.00000000
  1.00000000
  1.00000000
  1.00000000
  1.00000000
  1.00000000
  1.00000000
  1.00000000
  1.00000000
  1.00000000
  1.00000000
  1.00000000
  1.00000000
  1.00000000
  1.00000000
  1.00000000
  1.00000000
  1.00000000
  1.00000000
  1.00000000
  1.00000000
  1.00000000
  1.00000000
  1.00000000
  1.00000000
  1.00000000
  1.00000000
  1.00000000
  1.00000000
  1.00000000
  1.00000000
  1.00000000
  1.00000000
  1.00000000
  1.00000000
  1.00000000
  1.00000000
  1.00000000
  1.00000000
  1.00000000
  1.00000000
  1.00000000
  1.00000000
  1.00000000
  1.00000000
  1.00000000
  1.00000000
  1.00000000
  1.00000000
  1.00000000
  1.00000000
  1.00000000
  1.00000000
  1.00000000
  1.00000000
  1.00000000
  1.00000000
  1.00000000
  1.00000000
  1.00000000
  1.00000000
  1.00000000
  1.00000000
  1.00000000
  1.00000000
  1.00000000
  1.00000000
  1.00000000
  1.00000000
  1.00000000
  1.00000000
  1.00000000
  1.00000000
  1.00000000
  1.00000000
  1.00000000
  1.00000000
  1.00000000
  1.00000000
  1.00000000
  1.00000000
  1.00000000
  1.00000000
  1.00000000
  1.00000000
  1.00000000
  1.00000000
  1.00000000
  1.00000000
  1.00000000
  1.00000000
  1.00000000
  1.00000000
  1.00000000
  1.00000000
  1.00000000
  1.00000000
  1.00000000
  1.00000000
  1.00000000
  1.00000000
  1.00000000
  1.00000000
  1.00000000
  1.00000000
  1.00000000
  1.00000000
  1.00000000
  1.00000000
  1.00000000
  1.00000000
  1.00000000
  1.00000000
  1.00000000
  1.00000000
  1.00000000
  1.00000000
  1.00000000
  1.00000000
  1.00000000
  1.00000000
  1.00000000
  1.00000000
  1.00000000
  1.00000000
  1.00000000
  1.00000000
  1.00000000
  1.00000000
  1.00000000
  1.00000000
  1.00000000
  1.00000000
  1.00000000
  1.00000000
  1.00000000
  1.00000000
  1.00000000
  1.00000000
  1.00000000
  1.00000000
  1.00000000
  1.00000000
  1.00000000
  1.00000000
  1.00000000
  1.00000000
  1.00000000
  1.00000000
  1.00000000
  1.00000000
  1.00000000
  1.00000000
  1.00000000
  1.00000000
  1.00000000
  1.00000000
  1.00000000
  1.00000000
  1.00000000
  1.00000000
  1.00000000
  1.00000000
  1.00000000
  1.00000000
  1.00000000
  1.00000000
  1.00000000
  1.00000000
  1.00000000
  1.00000000
  1.00000000
  1.00000000
  1.00000000
  1.00000000
  1.00000000
  1.00000000
  1.00000000
  1.00000000
  1.00000000
  1.00000000
  1.00000000
  1.00000000
  1.00000000
  1.00000000
  1.00000000
  1.00000000
  1.00000000
  1.00000000
  1.00000000
  1.00000000
  1.00000000
  1.00000000
  1.00000000
  1.00000000
  1.00000000
  1.00000000
  1.00000000
  1.00000000
  1.00000000
  1.00000000
  1.00000000
  1.00000000
  1.00000000
  1.00000000
  1.00000000
  1.00000000
  1.00000000
  1.00000000
  1.00000000
  1.00000000
  1.00000000
  1.00000000
  1.00000000
   Residual Solute after Dryout moles/dm^3 :
 0.00000000E+00 0.00000000E+00 0.00000000E+00
 0.00000000E+00 0.00000000E+00 0.00000000E+00
 0.00000000E+00 0.00000000E+00 0.00000000E+00
 0.00000000E+00 0.00000000E+00 0.00000000E+00
 0.00000000E+00 0.00000000E+00 0.00000000E+00
 0.00000000E+00 0.00000000E+00 0.00000000E+00
 0.00000000E+00 0.00000000E+00 0.00000000E+00
 0.00000000E+00 0.00000000E+00 0.00000000E+00
 0.00000000E+00 0.00000000E+00 0.00000000E+00
 0.00000000E+00 0.00000000E+00 0.00000000E+00
 0.00000000E+00 0.00000000E+00 0.00000000E+00
 0.00000000E+00 0.00000000E+00 0.00000000E+00
 0.00000000E+00 0.00000000E+00 0.00000000E+00
 0.00000000E+00 0.00000000E+00 0.00000000E+00
 0.00000000E+00 0.00000000E+00 0.00000000E+00
 0.00000000E+00 0.00000000E+00 0.00000000E+00
 0.00000000E+00 0.00000000E+00 0.00000000E+00
 0.00000000E+00 0.00000000E+00 0.00000000E+00
 0.00000000E+00 0.00000000E+00 0.00000000E+00
 0.00000000E+00 0.00000000E+00 0.00000000E+00
 0.00000000E+00 0.00000000E+00 0.00000000E+00
 0.00000000E+00 0.00000000E+00 0.00000000E+00
 0.00000000E+00 0.00000000E+00 0.00000000E+00
 0.00000000E+00 0.00000000E+00 0.00000000E+00
 0.00000000E+00 0.00000000E+00 0.00000000E+00
 0.00000000E+00 0.00000000E+00 0.00000000E+00
 0.00000000E+00 0.00000000E+00 0.00000000E+00
 0.00000000E+00 0.00000000E+00 0.00000000E+00
 0.00000000E+00 0.00000000E+00 0.00000000E+00
 0.00000000E+00 0.00000000E+00 0.00000000E+00
 0.00000000E+00 0.00000000E+00 0.00000000E+00
 0.00000000E+00 0.00000000E+00 0.00000000E+00
 0.00000000E+00 0.00000000E+00 0.00000000E+00
 0.00000000E+00 0.00000000E+00 0.00000000E+00
 0.00000000E+00 0.00000000E+00 0.00000000E+00
 0.00000000E+00 0.00000000E+00 0.00000000E+00
 0.00000000E+00 0.00000000E+00 0.00000000E+00
 0.00000000E+00 0.00000000E+00 0.00000000E+00
 0.00000000E+00 0.00000000E+00 0.00000000E+00
 0.00000000E+00 0.00000000E+00 0.00000000E+00
 0.00000000E+00 0.00000000E+00 0.00000000E+00
 0.00000000E+00 0.00000000E+00 0.00000000E+00
 0.00000000E+00 0.00000000E+00 0.00000000E+00
 0.00000000E+00 0.00000000E+00 0.00000000E+00
 0.00000000E+00 0.00000000E+00 0.00000000E+00
 0.00000000E+00 0.00000000E+00 0.00000000E+00
 0.00000000E+00 0.00000000E+00 0.00000000E+00
 0.00000000E+00 0.00000000E+00 0.00000000E+00
 0.00000000E+00 0.00000000E+00 0.00000000E+00
 0.00000000E+00 0.00000000E+00 0.00000000E+00
 0.00000000E+00 0.00000000E+00 0.00000000E+00
 0.00000000E+00 0.00000000E+00 0.00000000E+00
 0.00000000E+00 0.00000000E+00 0.00000000E+00
 0.00000000E+00 0.00000000E+00 0.00000000E+00
 0.00000000E+00 0.00000000E+00 0.00000000E+00
 0.00000000E+00 0.00000000E+00 0.00000000E+00
 0.00000000E+00 0.00000000E+00 0.00000000E+00
 0.00000000E+00 0.00000000E+00 0.00000000E+00
 0.00000000E+00 0.00000000E+00 0.00000000E+00
 0.00000000E+00 0.00000000E+00 0.00000000E+00
 0.00000000E+00 0.00000000E+00 0.00000000E+00
 0.00000000E+00 0.00000000E+00 0.00000000E+00
 0.00000000E+00 0.00000000E+00 0.00000000E+00
 0.00000000E+00 0.00000000E+00 0.00000000E+00
 0.00000000E+00 0.00000000E+00 0.00000000E+00
 0.00000000E+00 0.00000000E+00 0.00000000E+00
 0.00000000E+00 0.00000000E+00 0.00000000E+00
 0.00000000E+00 0.00000000E+00 0.00000000E+00
 0.00000000E+00 0.00000000E+00 0.00000000E+00
 0.00000000E+00 0.00000000E+00 0.00000000E+00
 0.00000000E+00 0.00000000E+00 0.00000000E+00
 0.00000000E+00 0.00000000E+00 0.00000000E+00
 0.00000000E+00 0.00000000E+00 0.00000000E+00
 0.00000000E+00 0.00000000E+00 0.00000000E+00
 0.00000000E+00 0.00000000E+00 0.00000000E+00
 0.00000000E+00 0.00000000E+00 0.00000000E+00
 0.00000000E+00 0.00000000E+00 0.00000000E+00
 0.00000000E+00 0.00000000E+00 0.00000000E+00
 0.00000000E+00 0.00000000E+00 0.00000000E+00
 0.00000000E+00 0.00000000E+00 0.00000000E+00
 0.00000000E+00 0.00000000E+00 0.00000000E+00
 0.00000000E+00 0.00000000E+00 0.00000000E+00
 0.00000000E+00 0.00000000E+00 0.00000000E+00
 0.00000000E+00 0.00000000E+00 0.00000000E+00
 0.00000000E+00 0.00000000E+00 0.00000000E+00
 0.00000000E+00 0.00000000E+00 0.00000000E+00
 0.00000000E+00 0.00000000E+00 0.00000000E+00
 0.00000000E+00 0.00000000E+00 0.00000000E+00
 0.00000000E+00 0.00000000E+00 0.00000000E+00
 0.00000000E+00 0.00000000E+00 0.00000000E+00
 0.00000000E+00 0.00000000E+00 0.00000000E+00
 0.00000000E+00 0.00000000E+00 0.00000000E+00
 0.00000000E+00 0.00000000E+00 0.00000000E+00
 0.00000000E+00 0.00000000E+00 0.00000000E+00
 0.00000000E+00 0.00000000E+00 0.00000000E+00
 0.00000000E+00 0.00000000E+00 0.00000000E+00
 0.00000000E+00 0.00000000E+00 0.00000000E+00
 0.00000000E+00 0.00000000E+00 0.00000000E+00
 0.00000000E+00 0.00000000E+00 0.00000000E+00
 0.00000000E+00 0.00000000E+00 0.00000000E+00
 0.00000000E+00 0.00000000E+00 0.00000000E+00
 0.00000000E+00 0.00000000E+00 0.00000000E+00
 0.00000000E+00 0.00000000E+00 0.00000000E+00
 0.00000000E+00 0.00000000E+00 0.00000000E+00
 0.00000000E+00 0.00000000E+00 0.00000000E+00
 0.00000000E+00 0.00000000E+00 0.00000000E+00
 0.00000000E+00 0.00000000E+00 0.00000000E+00
 0.00000000E+00 0.00000000E+00 0.00000000E+00
 0.00000000E+00 0.00000000E+00 0.00000000E+00
 0.00000000E+00 0.00000000E+00 0.00000000E+00
 0.00000000E+00 0.00000000E+00 0.00000000E+00
 0.00000000E+00 0.00000000E+00 0.00000000E+00
 0.00000000E+00 0.00000000E+00 0.00000000E+00
 0.00000000E+00 0.00000000E+00 0.00000000E+00
 0.00000000E+00 0.00000000E+00 0.00000000E+00
 0.00000000E+00 0.00000000E+00 0.00000000E+00
 0.00000000E+00 0.00000000E+00 0.00000000E+00
 0.00000000E+00 0.00000000E+00 0.00000000E+00
 0.00000000E+00 0.00000000E+00 0.00000000E+00
 0.00000000E+00 0.00000000E+00 0.00000000E+00
 0.00000000E+00 0.00000000E+00 0.00000000E+00
 0.00000000E+00 0.00000000E+00 0.00000000E+00
 0.00000000E+00 0.00000000E+00 0.00000000E+00
 0.00000000E+00 0.00000000E+00 0.00000000E+00
 0.00000000E+00 0.00000000E+00 0.00000000E+00
 0.00000000E+00 0.00000000E+00 0.00000000E+00
 0.00000000E+00 0.00000000E+00 0.00000000E+00
 0.00000000E+00 0.00000000E+00 0.00000000E+00
 0.00000000E+00 0.00000000E+00 0.00000000E+00
 0.00000000E+00 0.00000000E+00 0.00000000E+00
 0.00000000E+00 0.00000000E+00 0.00000000E+00
 0.00000000E+00 0.00000000E+00 0.00000000E+00
 0.00000000E+00 0.00000000E+00 0.00000000E+00
 0.00000000E+00 0.00000000E+00 0.00000000E+00
 0.00000000E+00 0.00000000E+00 0.00000000E+00
 0.00000000E+00 0.00000000E+00 0.00000000E+00
 0.00000000E+00 0.00000000E+00 0.00000000E+00
 0.00000000E+00 0.00000000E+00 0.00000000E+00
 0.00000000E+00 0.00000000E+00 0.00000000E+00
 0.00000000E+00 0.00000000E+00 0.00000000E+00
 0.00000000E+00 0.00000000E+00 0.00000000E+00
 0.00000000E+00 0.00000000E+00 0.00000000E+00
 0.00000000E+00 0.00000000E+00 0.00000000E+00
 0.00000000E+00 0.00000000E+00 0.00000000E+00
 0.00000000E+00 0.00000000E+00 0.00000000E+00
 0.00000000E+00 0.00000000E+00 0.00000000E+00
 0.00000000E+00 0.00000000E+00 0.00000000E+00
 0.00000000E+00 0.00000000E+00 0.00000000E+00
 0.00000000E+00 0.00000000E+00 0.00000000E+00
 0.00000000E+00 0.00000000E+00 0.00000000E+00
 0.00000000E+00 0.00000000E+00 0.00000000E+00
 0.00000000E+00 0.00000000E+00 0.00000000E+00
 0.00000000E+00 0.00000000E+00 0.00000000E+00
 0.00000000E+00 0.00000000E+00 0.00000000E+00
 0.00000000E+00 0.00000000E+00 0.00000000E+00
 0.00000000E+00 0.00000000E+00 0.00000000E+00
 0.00000000E+00 0.00000000E+00 0.00000000E+00
 0.00000000E+00 0.00000000E+00 0.00000000E+00
 0.00000000E+00 0.00000000E+00 0.00000000E+00
 0.00000000E+00 0.00000000E+00 0.00000000E+00
 0.00000000E+00 0.00000000E+00 0.00000000E+00
 0.00000000E+00 0.00000000E+00 0.00000000E+00
 0.00000000E+00 0.00000000E+00 0.00000000E+00
 0.00000000E+00 0.00000000E+00 0.00000000E+00
 0.00000000E+00 0.00000000E+00 0.00000000E+00
 0.00000000E+00 0.00000000E+00 0.00000000E+00
 0.00000000E+00 0.00000000E+00 0.00000000E+00
 0.00000000E+00 0.00000000E+00 0.00000000E+00
 0.00000000E+00 0.00000000E+00 0.00000000E+00
 0.00000000E+00 0.00000000E+00 0.00000000E+00
 0.00000000E+00 0.00000000E+00 0.00000000E+00
 0.00000000E+00 0.00000000E+00 0.00000000E+00
 0.00000000E+00 0.00000000E+00 0.00000000E+00
 0.00000000E+00 0.00000000E+00 0.00000000E+00
 0.00000000E+00 0.00000000E+00 0.00000000E+00
 0.00000000E+00 0.00000000E+00 0.00000000E+00
 0.00000000E+00 0.00000000E+00 0.00000000E+00
 0.00000000E+00 0.00000000E+00 0.00000000E+00
 0.00000000E+00 0.00000000E+00 0.00000000E+00
 0.00000000E+00 0.00000000E+00 0.00000000E+00
 0.00000000E+00 0.00000000E+00 0.00000000E+00
 0.00000000E+00 0.00000000E+00 0.00000000E+00
 0.00000000E+00 0.00000000E+00 0.00000000E+00
 0.00000000E+00 0.00000000E+00 0.00000000E+00
 0.00000000E+00 0.00000000E+00 0.00000000E+00
 0.00000000E+00 0.00000000E+00 0.00000000E+00
 0.00000000E+00 0.00000000E+00 0.00000000E+00
 0.00000000E+00 0.00000000E+00 0.00000000E+00
 0.00000000E+00 0.00000000E+00 0.00000000E+00
 0.00000000E+00 0.00000000E+00 0.00000000E+00
 0.00000000E+00 0.00000000E+00 0.00000000E+00
 0.00000000E+00 0.00000000E+00 0.00000000E+00
 0.00000000E+00 0.00000000E+00 0.00000000E+00
 0.00000000E+00 0.00000000E+00 0.00000000E+00
 0.00000000E+00 0.00000000E+00 0.00000000E+00
 0.00000000E+00 0.00000000E+00 0.00000000E+00
 0.00000000E+00 0.00000000E+00 0.00000000E+00
 0.00000000E+00 0.00000000E+00 0.00000000E+00
 0.00000000E+00 0.00000000E+00 0.00000000E+00
 0.00000000E+00 0.00000000E+00 0.00000000E+00
 0.00000000E+00 0.00000000E+00 0.00000000E+00
 0.00000000E+00 0.00000000E+00 0.00000000E+00
 0.00000000E+00 0.00000000E+00 0.00000000E+00
 0.00000000E+00 0.00000000E+00 0.00000000E+00
 0.00000000E+00 0.00000000E+00 0.00000000E+00
 0.00000000E+00 0.00000000E+00 0.00000000E+00
 0.00000000E+00 0.00000000E+00 0.00000000E+00
 0.00000000E+00 0.00000000E+00 0.00000000E+00
 0.00000000E+00 0.00000000E+00 0.00000000E+00
 0.00000000E+00 0.00000000E+00 0.00000000E+00
 0.00000000E+00 0.00000000E+00 0.00000000E+00
 0.00000000E+00 0.00000000E+00 0.00000000E+00
 0.00000000E+00 0.00000000E+00 0.00000000E+00
 0.00000000E+00 0.00000000E+00 0.00000000E+00
 0.00000000E+00 0.00000000E+00 0.00000000E+00
 0.00000000E+00 0.00000000E+00 0.00000000E+00
 0.00000000E+00 0.00000000E+00 0.00000000E+00
 0.00000000E+00 0.00000000E+00 0.00000000E+00
 0.00000000E+00 0.00000000E+00 0.00000000E+00
 0.00000000E+00 0.00000000E+00 0.00000000E+00
 0.00000000E+00 0.00000000E+00 0.00000000E+00
 0.00000000E+00 0.00000000E+00 0.00000000E+00
 0.00000000E+00 0.00000000E+00 0.00000000E+00
 0.00000000E+00 0.00000000E+00 0.00000000E+00
 0.00000000E+00 0.00000000E+00 0.00000000E+00
 0.00000000E+00 0.00000000E+00 0.00000000E+00
 0.00000000E+00 0.00000000E+00 0.00000000E+00
 0.00000000E+00 0.00000000E+00 0.00000000E+00
 0.00000000E+00 0.00000000E+00 0.00000000E+00
 0.00000000E+00 0.00000000E+00 0.00000000E+00
 0.00000000E+00 0.00000000E+00 0.00000000E+00
 0.00000000E+00 0.00000000E+00 0.00000000E+00
 0.00000000E+00 0.00000000E+00 0.00000000E+00
 0.00000000E+00 0.00000000E+00 0.00000000E+00
 0.00000000E+00 0.00000000E+00 0.00000000E+00
 0.00000000E+00 0.00000000E+00 0.00000000E+00
 0.00000000E+00 0.00000000E+00 0.00000000E+00
 0.00000000E+00 0.00000000E+00 0.00000000E+00
 0.00000000E+00 0.00000000E+00 0.00000000E+00
 0.00000000E+00 0.00000000E+00 0.00000000E+00
 0.00000000E+00 0.00000000E+00 0.00000000E+00
 0.00000000E+00 0.00000000E+00 0.00000000E+00
 0.00000000E+00 0.00000000E+00 0.00000000E+00
 0.00000000E+00 0.00000000E+00 0.00000000E+00
 0.00000000E+00 0.00000000E+00 0.00000000E+00
 0.00000000E+00 0.00000000E+00 0.00000000E+00
 0.00000000E+00 0.00000000E+00 0.00000000E+00
 0.00000000E+00 0.00000000E+00 0.00000000E+00
 0.00000000E+00 0.00000000E+00 0.00000000E+00
 0.00000000E+00 0.00000000E+00 0.00000000E+00
 0.00000000E+00 0.00000000E+00 0.00000000E+00
 0.00000000E+00 0.00000000E+00 0.00000000E+00
 0.00000000E+00 0.00000000E+00 0.00000000E+00
 0.00000000E+00 0.00000000E+00 0.00000000E+00
 0.00000000E+00 0.00000000E+00 0.00000000E+00
 0.00000000E+00 0.00000000E+00 0.00000000E+00
 0.00000000E+00 0.00000000E+00 0.00000000E+00
 0.00000000E+00 0.00000000E+00 0.00000000E+00
 0.00000000E+00 0.00000000E+00 0.00000000E+00
 0.00000000E+00 0.00000000E+00 0.00000000E+00
 0.00000000E+00 0.00000000E+00 0.00000000E+00
 0.00000000E+00 0.00000000E+00 0.00000000E+00
 0.00000000E+00 0.00000000E+00 0.00000000E+00
 0.00000000E+00 0.00000000E+00 0.00000000E+00
 0.00000000E+00 0.00000000E+00 0.00000000E+00
 0.00000000E+00 0.00000000E+00 0.00000000E+00
 0.00000000E+00 0.00000000E+00 0.00000000E+00
 0.00000000E+00 0.00000000E+00 0.00000000E+00
 0.00000000E+00 0.00000000E+00 0.00000000E+00
 0.00000000E+00 0.00000000E+00 0.00000000E+00
 0.00000000E+00 0.00000000E+00 0.00000000E+00
 0.00000000E+00 0.00000000E+00 0.00000000E+00
 0.00000000E+00 0.00000000E+00 0.00000000E+00
 0.00000000E+00 0.00000000E+00 0.00000000E+00
 0.00000000E+00 0.00000000E+00 0.00000000E+00
 0.00000000E+00 0.00000000E+00 0.00000000E+00
 0.00000000E+00 0.00000000E+00 0.00000000E+00
 0.00000000E+00 0.00000000E+00 0.00000000E+00
 0.00000000E+00 0.00000000E+00 0.00000000E+00
 0.00000000E+00 0.00000000E+00 0.00000000E+00
 0.00000000E+00 0.00000000E+00 0.00000000E+00
 0.00000000E+00 0.00000000E+00 0.00000000E+00
 0.00000000E+00 0.00000000E+00 0.00000000E+00
 0.00000000E+00 0.00000000E+00 0.00000000E+00
 0.00000000E+00 0.00000000E+00 0.00000000E+00
 0.00000000E+00 0.00000000E+00 0.00000000E+00
 0.00000000E+00 0.00000000E+00 0.00000000E+00
 0.00000000E+00 0.00000000E+00 0.00000000E+00
 0.00000000E+00 0.00000000E+00 0.00000000E+00
 0.00000000E+00 0.00000000E+00 0.00000000E+00
 0.00000000E+00 0.00000000E+00 0.00000000E+00
 0.00000000E+00 0.00000000E+00 0.00000000E+00
 0.00000000E+00 0.00000000E+00 0.00000000E+00
 0.00000000E+00 0.00000000E+00 0.00000000E+00
 0.00000000E+00 0.00000000E+00 0.00000000E+00
 0.00000000E+00 0.00000000E+00 0.00000000E+00
 0.00000000E+00 0.00000000E+00 0.00000000E+00
 0.00000000E+00 0.00000000E+00 0.00000000E+00
 0.00000000E+00 0.00000000E+00 0.00000000E+00
 0.00000000E+00 0.00000000E+00 0.00000000E+00
 0.00000000E+00 0.00000000E+00 0.00000000E+00
 0.00000000E+00 0.00000000E+00 0.00000000E+00
 0.00000000E+00 0.00000000E+00 0.00000000E+00
 0.00000000E+00 0.00000000E+00 0.00000000E+00
 0.00000000E+00 0.00000000E+00 0.00000000E+00
 0.00000000E+00 0.00000000E+00 0.00000000E+00
 0.00000000E+00 0.00000000E+00 0.00000000E+00
 0.00000000E+00 0.00000000E+00 0.00000000E+00
 0.00000000E+00 0.00000000E+00 0.00000000E+00
 0.00000000E+00 0.00000000E+00 0.00000000E+00
 0.00000000E+00 0.00000000E+00 0.00000000E+00
 0.00000000E+00 0.00000000E+00 0.00000000E+00
 0.00000000E+00 0.00000000E+00 0.00000000E+00
 0.00000000E+00 0.00000000E+00 0.00000000E+00
 0.00000000E+00 0.00000000E+00 0.00000000E+00
 0.00000000E+00 0.00000000E+00 0.00000000E+00
 0.00000000E+00 0.00000000E+00 0.00000000E+00
 0.00000000E+00 0.00000000E+00 0.00000000E+00
 0.00000000E+00 0.00000000E+00 0.00000000E+00
 0.00000000E+00 0.00000000E+00 0.00000000E+00
 0.00000000E+00 0.00000000E+00 0.00000000E+00
 0.00000000E+00 0.00000000E+00 0.00000000E+00
 0.00000000E+00 0.00000000E+00 0.00000000E+00
 0.00000000E+00 0.00000000E+00 0.00000000E+00
 0.00000000E+00 0.00000000E+00 0.00000000E+00
 0.00000000E+00 0.00000000E+00 0.00000000E+00
 0.00000000E+00 0.00000000E+00 0.00000000E+00
 0.00000000E+00 0.00000000E+00 0.00000000E+00
  UT   Concentration of primary species mol/L :
 0.49499447E+02 0.98428866E-07 0.98428866E-10
 0.49499477E+02 0.98428922E-07 0.98428923E-10
 0.49499510E+02 0.98429292E-07 0.98429293E-10
 0.49499552E+02 0.98429464E-07 0.98429464E-10
 0.49499564E+02 0.98429516E-07 0.98429517E-10
 0.49499581E+02 0.98429595E-07 0.98429595E-10
 0.49499575E+02 0.98429529E-07 0.98429529E-10
 0.49499553E+02 0.98429472E-07 0.98429473E-10
 0.49499536E+02 0.98428877E-07 0.98428878E-10
 0.49499500E+02 0.98428746E-07 0.98428746E-10
 0.49499480E+02 0.98428913E-07 0.98428913E-10
 0.49499454E+02 0.98428145E-07 0.98428146E-10
 0.49499450E+02 0.98427457E-07 0.98427458E-10
 0.49499577E+02 0.98429584E-07 0.98429585E-10
 0.49499565E+02 0.98429511E-07 0.98429512E-10
 0.49499509E+02 0.98429244E-07 0.98429244E-10
 0.49499499E+02 0.98429186E-07 0.98429187E-10
 0.49499540E+02 0.98429377E-07 0.98429377E-10
 0.49499579E+02 0.98429561E-07 0.98429562E-10
 0.49499570E+02 0.98429533E-07 0.98429533E-10
 0.49499536E+02 0.98429378E-07 0.98429379E-10
 0.49499589E+02 0.98429621E-07 0.98429621E-10
 0.49499480E+02 0.98428121E-07 0.98428122E-10
 0.49499449E+02 0.98428167E-07 0.98428168E-10
 0.49499444E+02 0.98426029E-07 0.98426029E-10
 0.49499464E+02 0.98428243E-07 0.98428244E-10
 0.49499558E+02 0.98429472E-07 0.98429473E-10
 0.49499562E+02 0.98429487E-07 0.98429488E-10
 0.49499444E+02 0.98427435E-07 0.98427436E-10
 0.49499447E+02 0.98427535E-07 0.98427537E-10
 0.49499592E+02 0.98429598E-07 0.98429599E-10
 0.49499593E+02 0.98429611E-07 0.98429612E-10
 0.49499515E+02 0.98429199E-07 0.98429199E-10
 0.49499456E+02 0.98427713E-07 0.98427714E-10
 0.49499499E+02 0.98429189E-07 0.98429190E-10
 0.49499611E+02 0.98429680E-07 0.98429680E-10
 0.49499534E+02 0.98429368E-07 0.98429368E-10
 0.49499478E+02 0.98428171E-07 0.98428172E-10
 0.49499575E+02 0.98429535E-07 0.98429535E-10
 0.49499575E+02 0.98429553E-07 0.98429553E-10
 0.49499463E+02 0.98428072E-07 0.98428073E-10
 0.49499533E+02 0.98429311E-07 0.98429312E-10
 0.49499613E+02 0.98429651E-07 0.98429652E-10
 0.49499620E+02 0.98429694E-07 0.98429694E-10
 0.49499642E+02 0.98429768E-07 0.98429769E-10
 0.49499544E+02 0.98429426E-07 0.98429427E-10
 0.49499488E+02 0.98428514E-07 0.98428515E-10
 0.49499575E+02 0.98429478E-07 0.98429479E-10
 0.49499504E+02 0.98429107E-07 0.98429108E-10
 0.49499583E+02 0.98429550E-07 0.98429551E-10
 0.49499661E+02 0.98429779E-07 0.98429780E-10
 0.49499442E+02 0.98427223E-07 0.98427224E-10
 0.49499466E+02 0.98428562E-07 0.98428563E-10
 0.49499419E+02 0.98426516E-07 0.98426517E-10
 0.49499693E+02 0.98429927E-07 0.98429928E-10
 0.49499426E+02 0.98427901E-07 0.98427902E-10
 0.49499606E+02 0.98429594E-07 0.98429594E-10
 0.49499640E+02 0.98429704E-07 0.98429705E-10
 0.49499504E+02 0.98428549E-07 0.98428550E-10
 0.49499422E+02 0.98427358E-07 0.98427359E-10
 0.49499541E+02 0.98428638E-07 0.98428639E-10
 0.49499692E+02 0.98429891E-07 0.98429891E-10
 0.49499447E+02 0.98427180E-07 0.98427181E-10
 0.49499521E+02 0.98429316E-07 0.98429317E-10
 0.49499680E+02 0.98429823E-07 0.98429824E-10
 0.49499731E+02 0.98429986E-07 0.98429986E-10
 0.49499795E+02 0.98430201E-07 0.98430202E-10
 0.49499575E+02 0.98429521E-07 0.98429522E-10
 0.49499473E+02 0.98428738E-07 0.98428739E-10
 0.49499425E+02 0.98427974E-07 0.98427975E-10
 0.49499664E+02 0.98429796E-07 0.98429796E-10
 0.49499667E+02 0.98429654E-07 0.98429655E-10
 0.49499461E+02 0.98427012E-07 0.98427012E-10
 0.49499786E+02 0.98430115E-07 0.98430116E-10
 0.49499583E+02 0.98428335E-07 0.98428336E-10
 0.49499489E+02 0.98427627E-07 0.98427628E-10
 0.49499398E+02 0.98427187E-07 0.98427188E-10
 0.49499810E+02 0.98430202E-07 0.98430203E-10
 0.49500082E+02 0.98430825E-07 0.98430826E-10
 0.49499792E+02 0.98430152E-07 0.98430152E-10
 0.49499715E+02 0.98429859E-07 0.98429860E-10
 0.49499526E+02 0.98428111E-07 0.98428112E-10
 0.49499428E+02 0.98428400E-07 0.98428401E-10
 0.49499855E+02 0.98430235E-07 0.98430236E-10
 0.49499564E+02 0.98429415E-07 0.98429416E-10
 0.49499792E+02 0.98430087E-07 0.98430087E-10
 0.49499510E+02 0.98429037E-07 0.98429038E-10
 0.49499742E+02 0.98429898E-07 0.98429899E-10
 0.49499477E+02 0.98428836E-07 0.98428836E-10
 0.49499631E+02 0.98429581E-07 0.98429581E-10
 0.49499389E+02 0.98427523E-07 0.98427524E-10
 0.49499387E+02 0.98426035E-07 0.98426035E-10
 0.49499618E+02 0.98429594E-07 0.98429594E-10
 0.49499401E+02 0.98427842E-07 0.98427842E-10
 0.49499683E+02 0.98429808E-07 0.98429809E-10
 0.49499557E+02 0.98429240E-07 0.98429241E-10
 0.49499414E+02 0.98427279E-07 0.98427279E-10
 0.49499698E+02 0.98429804E-07 0.98429805E-10
 0.49499664E+02 0.98429724E-07 0.98429725E-10
 0.49499379E+02 0.98427781E-07 0.98427782E-10
 0.49499469E+02 0.98427661E-07 0.98427662E-10
 0.49499628E+02 0.98429563E-07 0.98429564E-10
 0.49499437E+02 0.98426567E-07 0.98426568E-10
 0.49499430E+02 0.98428644E-07 0.98428645E-10
 0.49499495E+02 0.98428955E-07 0.98428956E-10
 0.49499589E+02 0.98429473E-07 0.98429474E-10
 0.49499527E+02 0.98429285E-07 0.98429285E-10
 0.49499603E+02 0.98429513E-07 0.98429514E-10
 0.49499369E+02 0.98427584E-07 0.98427584E-10
 0.49499484E+02 0.98428874E-07 0.98428875E-10
 0.49499591E+02 0.98429424E-07 0.98429425E-10
 0.49499381E+02 0.98428047E-07 0.98428048E-10
 0.49499524E+02 0.98429223E-07 0.98429223E-10
 0.49499435E+02 0.98428436E-07 0.98428436E-10
 0.49499388E+02 0.98428280E-07 0.98428281E-10
 0.49499528E+02 0.98429256E-07 0.98429257E-10
 0.49499388E+02 0.98426805E-07 0.98426805E-10
 0.49499496E+02 0.98429175E-07 0.98429175E-10
 0.49499419E+02 0.98428039E-07 0.98428040E-10
 0.49499364E+02 0.98428104E-07 0.98428104E-10
 0.49499440E+02 0.98428931E-07 0.98428932E-10
 0.49499443E+02 0.98428889E-07 0.98428890E-10
 0.49499478E+02 0.98429075E-07 0.98429076E-10
 0.49499346E+02 0.98428183E-07 0.98428184E-10
 0.49499331E+02 0.98426674E-07 0.98426674E-10
 0.49499460E+02 0.98429029E-07 0.98429030E-10
 0.49499428E+02 0.98428952E-07 0.98428952E-10
 0.49499366E+02 0.98428255E-07 0.98428256E-10
 0.49499388E+02 0.98428593E-07 0.98428594E-10
 0.49499330E+02 0.98427527E-07 0.98427528E-10
 0.49499412E+02 0.98428845E-07 0.98428846E-10
 0.49499366E+02 0.98427611E-07 0.98427611E-10
 0.49499320E+02 0.98427478E-07 0.98427479E-10
 0.49499320E+02 0.98427762E-07 0.98427762E-10
 0.49499404E+02 0.98428846E-07 0.98428847E-10
 0.49499328E+02 0.98427952E-07 0.98427952E-10
 0.49499371E+02 0.98428567E-07 0.98428568E-10
 0.49499394E+02 0.98428801E-07 0.98428801E-10
 0.49499329E+02 0.98426881E-07 0.98426882E-10
 0.49499366E+02 0.98428714E-07 0.98428715E-10
 0.49499358E+02 0.98428660E-07 0.98428661E-10
 0.49499331E+02 0.98428410E-07 0.98428411E-10
 0.49499294E+02 0.98426988E-07 0.98426989E-10
 0.49499293E+02 0.98426498E-07 0.98426499E-10
 0.49499302E+02 0.98427547E-07 0.98427547E-10
 0.49499338E+02 0.98428626E-07 0.98428626E-10
 0.49499290E+02 0.98427797E-07 0.98427797E-10
 0.49499302E+02 0.98427822E-07 0.98427823E-10
 0.49499309E+02 0.98427791E-07 0.98427792E-10
 0.49499314E+02 0.98428534E-07 0.98428534E-10
 0.49499303E+02 0.98428395E-07 0.98428395E-10
 0.49499301E+02 0.98428492E-07 0.98428492E-10
 0.49499275E+02 0.98427329E-07 0.98427330E-10
 0.49499271E+02 0.98427727E-07 0.98427727E-10
 0.49499272E+02 0.98428181E-07 0.98428181E-10
 0.49499269E+02 0.98428384E-07 0.98428384E-10
 0.49499261E+02 0.98427043E-07 0.98427043E-10
 0.49499254E+02 0.98427715E-07 0.98427716E-10
 0.49499252E+02 0.98427411E-07 0.98427412E-10
 0.49499247E+02 0.98428277E-07 0.98428278E-10
 0.49499240E+02 0.98428271E-07 0.98428271E-10
 0.49499246E+02 0.98427574E-07 0.98427574E-10
 0.49499232E+02 0.98427639E-07 0.98427640E-10
 0.49499235E+02 0.98427400E-07 0.98427401E-10
 0.49499222E+02 0.98428014E-07 0.98428014E-10
 0.49499217E+02 0.98427945E-07 0.98427946E-10
 0.49499205E+02 0.98428175E-07 0.98428176E-10
 0.49499195E+02 0.98428102E-07 0.98428103E-10
 0.49499221E+02 0.98427371E-07 0.98427372E-10
 0.49499221E+02 0.98426947E-07 0.98426947E-10
 0.49499198E+02 0.98427270E-07 0.98427270E-10
 0.49499172E+02 0.98428052E-07 0.98428052E-10
 0.49499166E+02 0.98427908E-07 0.98427908E-10
 0.49499200E+02 0.98427010E-07 0.98427011E-10
 0.49499170E+02 0.98427921E-07 0.98427922E-10
 0.49499211E+02 0.98426501E-07 0.98426502E-10
 0.49499179E+02 0.98427699E-07 0.98427700E-10
 0.49499161E+02 0.98427607E-07 0.98427607E-10
 0.49499136E+02 0.98427923E-07 0.98427924E-10
 0.49499120E+02 0.98427832E-07 0.98427833E-10
 0.49499183E+02 0.98427308E-07 0.98427309E-10
 0.49499111E+02 0.98427785E-07 0.98427785E-10
 0.49499163E+02 0.98427382E-07 0.98427383E-10
 0.49499184E+02 0.98427337E-07 0.98427337E-10
 0.49499186E+02 0.98427225E-07 0.98427226E-10
 0.49499186E+02 0.98427340E-07 0.98427341E-10
 0.49499090E+02 0.98427663E-07 0.98427663E-10
 0.49499115E+02 0.98427617E-07 0.98427618E-10
 0.49499145E+02 0.98426952E-07 0.98426953E-10
 0.49499124E+02 0.98427162E-07 0.98427162E-10
 0.49499100E+02 0.98427385E-07 0.98427386E-10
 0.49499166E+02 0.98427177E-07 0.98427178E-10
 0.49499058E+02 0.98427639E-07 0.98427639E-10
 0.49499126E+02 0.98427421E-07 0.98427422E-10
 0.49499048E+02 0.98427549E-07 0.98427550E-10
 0.49499071E+02 0.98427466E-07 0.98427467E-10
 0.49499161E+02 0.98426973E-07 0.98426974E-10
 0.49499142E+02 0.98426956E-07 0.98426957E-10
 0.49499031E+02 0.98427350E-07 0.98427351E-10
 0.49499160E+02 0.98426575E-07 0.98426576E-10
 0.49499161E+02 0.98426339E-07 0.98426340E-10
 0.49499021E+02 0.98427381E-07 0.98427381E-10
 0.49499134E+02 0.98427088E-07 0.98427089E-10
 0.49498985E+02 0.98427356E-07 0.98427356E-10
 0.49499062E+02 0.98426986E-07 0.98426987E-10
 0.49499105E+02 0.98427169E-07 0.98427170E-10
 0.49498975E+02 0.98427186E-07 0.98427186E-10
 0.49498969E+02 0.98427280E-07 0.98427280E-10
 0.49499039E+02 0.98427212E-07 0.98427212E-10
 0.49499081E+02 0.98426823E-07 0.98426824E-10
 0.49499067E+02 0.98427221E-07 0.98427222E-10
 0.49499018E+02 0.98427140E-07 0.98427140E-10
 0.49499097E+02 0.98426824E-07 0.98426824E-10
 0.49498905E+02 0.98427061E-07 0.98427062E-10
 0.49498955E+02 0.98427004E-07 0.98427004E-10
 0.49498932E+02 0.98426913E-07 0.98426914E-10
 0.49499137E+02 0.98427143E-07 0.98427144E-10
 0.49499134E+02 0.98427197E-07 0.98427197E-10
 0.49498973E+02 0.98426698E-07 0.98426698E-10
 0.49498879E+02 0.98426841E-07 0.98426842E-10
 0.49499123E+02 0.98427142E-07 0.98427143E-10
 0.49499107E+02 0.98426980E-07 0.98426981E-10
 0.49498879E+02 0.98426759E-07 0.98426759E-10
 0.49499034E+02 0.98427157E-07 0.98427158E-10
 0.49498827E+02 0.98426726E-07 0.98426726E-10
 0.49498988E+02 0.98427077E-07 0.98427077E-10
 0.49498988E+02 0.98426843E-07 0.98426843E-10
 0.49499056E+02 0.98426951E-07 0.98426951E-10
 0.49499084E+02 0.98426915E-07 0.98426916E-10
 0.49498774E+02 0.98426143E-07 0.98426144E-10
 0.49498870E+02 0.98426603E-07 0.98426604E-10
 0.49499104E+02 0.98426841E-07 0.98426842E-10
 0.49498925E+02 0.98426845E-07 0.98426845E-10
 0.49499014E+02 0.98426788E-07 0.98426788E-10
 0.49498768E+02 0.98426183E-07 0.98426184E-10
 0.49499112E+02 0.98426687E-07 0.98426687E-10
 0.49498856E+02 0.98426495E-07 0.98426496E-10
 0.49498790E+02 0.98426359E-07 0.98426359E-10
 0.49498913E+02 0.98426542E-07 0.98426542E-10
 0.49499041E+02 0.98426766E-07 0.98426767E-10
 0.49498854E+02 0.98426550E-07 0.98426551E-10
 0.49499063E+02 0.98426790E-07 0.98426791E-10
 0.49498993E+02 0.98427455E-07 0.98427455E-10
 0.49499107E+02 0.98427075E-07 0.98427076E-10
 0.49498702E+02 0.98425784E-07 0.98425784E-10
 0.49498437E+02 0.99999756E-07 0.99999757E-10
 0.49498685E+02 0.98425798E-07 0.98425799E-10
 0.49499106E+02 0.98426328E-07 0.98426329E-10
 0.49498870E+02 0.98426745E-07 0.98426746E-10
 0.49499004E+02 0.98426562E-07 0.98426563E-10
 0.49498939E+02 0.98427140E-07 0.98427141E-10
 0.49498776E+02 0.98426249E-07 0.98426250E-10
 0.49498840E+02 0.98426464E-07 0.98426464E-10
 0.49498678E+02 0.98426034E-07 0.98426035E-10
 0.49499034E+02 0.98426726E-07 0.98426726E-10
 0.49498946E+02 0.98426490E-07 0.98426491E-10
 0.49499063E+02 0.98426876E-07 0.98426876E-10
 0.49498716E+02 0.98426171E-07 0.98426172E-10
 0.49499058E+02 0.98426814E-07 0.98426815E-10
 0.49499079E+02 0.98426991E-07 0.98426992E-10
 0.49498808E+02 0.98426617E-07 0.98426618E-10
 0.49498873E+02 0.98426979E-07 0.98426980E-10
 0.49498868E+02 0.98426586E-07 0.98426586E-10
 0.49499001E+02 0.98427616E-07 0.98427617E-10
 0.49498753E+02 0.98426624E-07 0.98426624E-10
 0.49499088E+02 0.98427034E-07 0.98427035E-10
 0.49498968E+02 0.98427587E-07 0.98427588E-10
 0.49498805E+02 0.98426693E-07 0.98426693E-10
 0.49498803E+02 0.98426829E-07 0.98426830E-10
 0.49499069E+02 0.98426596E-07 0.98426596E-10
 0.49498985E+02 0.98426509E-07 0.98426509E-10
 0.49498933E+02 0.98427384E-07 0.98427385E-10
 0.49499020E+02 0.98427207E-07 0.98427208E-10
 0.49498825E+02 0.98426917E-07 0.98426917E-10
 0.49498861E+02 0.98427104E-07 0.98427105E-10
 0.49498927E+02 0.98426493E-07 0.98426493E-10
 0.49499074E+02 0.98426399E-07 0.98426400E-10
 0.49498900E+02 0.98427315E-07 0.98427315E-10
 0.49499047E+02 0.98427190E-07 0.98427191E-10
 0.49498879E+02 0.98426930E-07 0.98426930E-10
 0.49499009E+02 0.98426716E-07 0.98426716E-10
 0.49498975E+02 0.98427349E-07 0.98427350E-10
 0.49499036E+02 0.98426812E-07 0.98426813E-10
 0.49498969E+02 0.98426696E-07 0.98426697E-10
 0.49498869E+02 0.98427136E-07 0.98427136E-10
 0.49498934E+02 0.98427429E-07 0.98427429E-10
 0.49498897E+02 0.98427245E-07 0.98427245E-10
 0.49499015E+02 0.98427230E-07 0.98427231E-10
 0.49498888E+02 0.98427218E-07 0.98427218E-10
 0.49498941E+02 0.98426521E-07 0.98426521E-10
 0.49498914E+02 0.98427024E-07 0.98427024E-10
 0.49499052E+02 0.98426926E-07 0.98426927E-10
 0.49498985E+02 0.98427215E-07 0.98427215E-10
 0.49498974E+02 0.98426542E-07 0.98426542E-10
 0.49498921E+02 0.98427181E-07 0.98427181E-10
 0.49499062E+02 0.98426989E-07 0.98426990E-10
 0.49499060E+02 0.98426967E-07 0.98426968E-10
 0.49499029E+02 0.98427331E-07 0.98427332E-10
 0.49499006E+02 0.98426511E-07 0.98426511E-10
 0.49498953E+02 0.98427242E-07 0.98427243E-10
 0.49498905E+02 0.98427315E-07 0.98427315E-10
 0.49499036E+02 0.98426329E-07 0.98426330E-10
 0.49498914E+02 0.98427554E-07 0.98427554E-10
 0.49499054E+02 0.98426335E-07 0.98426336E-10
 0.49499058E+02 0.98426348E-07 0.98426348E-10
 0.49498930E+02 0.98427141E-07 0.98427141E-10
 0.49498998E+02 0.98427139E-07 0.98427140E-10
 0.49498941E+02 0.98426982E-07 0.98426982E-10
 0.49498972E+02 0.98426934E-07 0.98426934E-10
 0.49498919E+02 0.98427310E-07 0.98427310E-10
 0.49498965E+02 0.98427217E-07 0.98427218E-10
 0.49499025E+02 0.98427157E-07 0.98427157E-10
 0.49498996E+02 0.98427007E-07 0.98427007E-10
 0.49498926E+02 0.98428058E-07 0.98428058E-10
 0.49498934E+02 0.98427119E-07 0.98427120E-10
 0.49499055E+02 0.98426938E-07 0.98426939E-10
 0.49499038E+02 0.98426892E-07 0.98426893E-10
 0.49499023E+02 0.98426898E-07 0.98426899E-10
 0.49498991E+02 0.98427099E-07 0.98427100E-10
 0.49498952E+02 0.98427154E-07 0.98427155E-10
 0.49498935E+02 0.98427116E-07 0.98427116E-10
 0.49498923E+02 0.98427298E-07 0.98427299E-10
 0.49498928E+02 0.98427379E-07 0.98427379E-10
 0.49498952E+02 0.98427424E-07 0.98427424E-10
 0.49498978E+02 0.98426940E-07 0.98426939E-10
 0.49499004E+02 0.98427012E-07 0.98427012E-10
 0.49499050E+02 0.98426591E-07 0.98426591E-10
 0.49499054E+02 0.98426335E-07 0.98426335E-10
