INCON -- INITIAL CONDITIONS FOR  328 ELEMENTS AT TIME  0.864000E+09
000 1           0.10000000E+01 0.83300000E-07 0.83300000E-07 0.83300000E-07
 0.3008647367299E+08 0.8084544721326E+02
000 2           0.10000000E+01 0.83300000E-07 0.83300000E-07 0.83300000E-07
 0.3008839487027E+08 0.8084507825566E+02
000 3           0.10000000E+01 0.83300000E-07 0.83300000E-07 0.83300000E-07
 0.3009044792568E+08 0.8084468397460E+02
000 4           0.10000000E+01 0.83300000E-07 0.83300000E-07 0.83300000E-07
 0.3009310901280E+08 0.8084417292222E+02
000 5           0.10000000E+01 0.83300000E-07 0.83300000E-07 0.83300000E-07
 0.3009387259352E+08 0.8084402627902E+02
000 6           0.10000000E+01 0.83300000E-07 0.83300000E-07 0.83300000E-07
 0.3009493194615E+08 0.8084382283354E+02
000 7           0.10000000E+01 0.83300000E-07 0.83300000E-07 0.83300000E-07
 0.3009456754645E+08 0.8084389281542E+02
000 8           0.10000000E+01 0.83300000E-07 0.83300000E-07 0.83300000E-07
 0.3009314905792E+08 0.8084416523169E+02
000 9           0.10000000E+01 0.83300000E-07 0.83300000E-07 0.83300000E-07
 0.3009207899876E+08 0.8084437073288E+02
00010           0.10000000E+01 0.83300000E-07 0.83300000E-07 0.83300000E-07
 0.3008984630794E+08 0.8084479951297E+02
00011           0.10000000E+01 0.83300000E-07 0.83300000E-07 0.83300000E-07
 0.3008853509360E+08 0.8084505132642E+02
00012           0.10000000E+01 0.83300000E-07 0.83300000E-07 0.83300000E-07
 0.3008692849631E+08 0.8084535986653E+02
00013           0.10000000E+01 0.83300000E-07 0.83300000E-07 0.83300000E-07
 0.3008666139596E+08 0.8084541116197E+02
00014           0.10000000E+01 0.83300000E-07 0.83300000E-07 0.83300000E-07
 0.3009466686760E+08 0.8084387374109E+02
00015           0.10000000E+01 0.83300000E-07 0.83300000E-07 0.83300000E-07
 0.3009393306651E+08 0.8084401466537E+02
00016           0.10000000E+01 0.83300000E-07 0.83300000E-07 0.83300000E-07
 0.3009041081239E+08 0.8084469110206E+02
00017           0.10000000E+01 0.83300000E-07 0.83300000E-07 0.83300000E-07
 0.3008976835289E+08 0.8084481448394E+02
00018           0.10000000E+01 0.83300000E-07 0.83300000E-07 0.83300000E-07
 0.3009231165496E+08 0.8084432605214E+02
00019           0.10000000E+01 0.83300000E-07 0.83300000E-07 0.83300000E-07
 0.3009481188703E+08 0.8084384589060E+02
00020           0.10000000E+01 0.83300000E-07 0.83300000E-07 0.83300000E-07
 0.3009420915875E+08 0.8084396164270E+02
00021           0.10000000E+01 0.83300000E-07 0.83300000E-07 0.83300000E-07
 0.3009210489850E+08 0.8084436575896E+02
00022           0.10000000E+01 0.83300000E-07 0.83300000E-07 0.83300000E-07
 0.3009541406887E+08 0.8084373024330E+02
00023           0.10000000E+01 0.83300000E-07 0.83300000E-07 0.83300000E-07
 0.3008854671004E+08 0.8084504909554E+02
00024           0.10000000E+01 0.83300000E-07 0.83300000E-07 0.83300000E-07
 0.3008658535739E+08 0.8084542576479E+02
00025           0.10000000E+01 0.83300000E-07 0.83300000E-07 0.83300000E-07
 0.3008630322073E+08 0.8084547994788E+02
00026           0.10000000E+01 0.83300000E-07 0.83300000E-07 0.83300000E-07
 0.3008752985466E+08 0.8084524437828E+02
00027           0.10000000E+01 0.83300000E-07 0.83300000E-07 0.83300000E-07
 0.3009348187562E+08 0.8084410131514E+02
00028           0.10000000E+01 0.83300000E-07 0.83300000E-07 0.83300000E-07
 0.3009370814116E+08 0.8084405786158E+02
00029           0.10000000E+01 0.83300000E-07 0.83300000E-07 0.83300000E-07
 0.3008628078757E+08 0.8084548425606E+02
00030           0.10000000E+01 0.83300000E-07 0.83300000E-07 0.83300000E-07
 0.3008647262979E+08 0.8084544741362E+02
00031           0.10000000E+01 0.83300000E-07 0.83300000E-07 0.83300000E-07
 0.3009558590837E+08 0.8084369724199E+02
00032           0.10000000E+01 0.83300000E-07 0.83300000E-07 0.83300000E-07
 0.3009565615262E+08 0.8084368375177E+02
00033           0.10000000E+01 0.83300000E-07 0.83300000E-07 0.83300000E-07
 0.3009077713645E+08 0.8084462075092E+02
00034           0.10000000E+01 0.83300000E-07 0.83300000E-07 0.83300000E-07
 0.3008707948983E+08 0.8084533086888E+02
00035           0.10000000E+01 0.83300000E-07 0.83300000E-07 0.83300000E-07
 0.3008976679706E+08 0.8084481478276E+02
00036           0.10000000E+01 0.83300000E-07 0.83300000E-07 0.83300000E-07
 0.3009678470599E+08 0.8084346701617E+02
00037           0.10000000E+01 0.83300000E-07 0.83300000E-07 0.83300000E-07
 0.3009193501480E+08 0.8084439838459E+02
00038           0.10000000E+01 0.83300000E-07 0.83300000E-07 0.83300000E-07
 0.3008843109959E+08 0.8084507129801E+02
00039           0.10000000E+01 0.83300000E-07 0.83300000E-07 0.83300000E-07
 0.3009452476177E+08 0.8084390103207E+02
00040           0.10000000E+01 0.83300000E-07 0.83300000E-07 0.83300000E-07
 0.3009453191642E+08 0.8084389965811E+02
00041           0.10000000E+01 0.83300000E-07 0.83300000E-07 0.83300000E-07
 0.3008749938890E+08 0.8084525022907E+02
00042           0.10000000E+01 0.83300000E-07 0.83300000E-07 0.83300000E-07
 0.3009187733802E+08 0.8084440946112E+02
00043           0.10000000E+01 0.83300000E-07 0.83300000E-07 0.83300000E-07
 0.3009691384623E+08 0.8084344221511E+02
00044           0.10000000E+01 0.83300000E-07 0.83300000E-07 0.83300000E-07
 0.3009739359973E+08 0.8084335007966E+02
00045           0.10000000E+01 0.83300000E-07 0.83300000E-07 0.83300000E-07
 0.3009873853712E+08 0.8084309178759E+02
00046           0.10000000E+01 0.83300000E-07 0.83300000E-07 0.83300000E-07
 0.3009259177282E+08 0.8084427225645E+02
00047           0.10000000E+01 0.83300000E-07 0.83300000E-07 0.83300000E-07
 0.3008909900748E+08 0.8084494302905E+02
00048           0.10000000E+01 0.83300000E-07 0.83300000E-07 0.83300000E-07
 0.3009457098432E+08 0.8084389215523E+02
00049           0.10000000E+01 0.83300000E-07 0.83300000E-07 0.83300000E-07
 0.3009007886488E+08 0.8084475485132E+02
00050           0.10000000E+01 0.83300000E-07 0.83300000E-07 0.83300000E-07
 0.3009502841953E+08 0.8084380430614E+02
00051           0.10000000E+01 0.83300000E-07 0.83300000E-07 0.83300000E-07
 0.3009993279986E+08 0.8084286243196E+02
00052           0.10000000E+01 0.83300000E-07 0.83300000E-07 0.83300000E-07
 0.3008615455966E+08 0.8084550849753E+02
00053           0.10000000E+01 0.83300000E-07 0.83300000E-07 0.83300000E-07
 0.3008767610030E+08 0.8084521629239E+02
00054           0.10000000E+01 0.83300000E-07 0.83300000E-07 0.83300000E-07
 0.3008475065042E+08 0.8084577811173E+02
00055           0.10000000E+01 0.83300000E-07 0.83300000E-07 0.83300000E-07
 0.3010198065115E+08 0.8084246914588E+02
00056           0.10000000E+01 0.83300000E-07 0.83300000E-07 0.83300000E-07
 0.3008518727206E+08 0.8084569426060E+02
00057           0.10000000E+01 0.83300000E-07 0.83300000E-07 0.83300000E-07
 0.3009647046676E+08 0.8084352736505E+02
00058           0.10000000E+01 0.83300000E-07 0.83300000E-07 0.83300000E-07
 0.3009865021781E+08 0.8084310874913E+02
00059           0.10000000E+01 0.83300000E-07 0.83300000E-07 0.83300000E-07
 0.3009004745690E+08 0.8084476088310E+02
00060           0.10000000E+01 0.83300000E-07 0.83300000E-07 0.83300000E-07
 0.3008490916153E+08 0.8084574767040E+02
00061           0.10000000E+01 0.83300000E-07 0.83300000E-07 0.83300000E-07
 0.3009237522591E+08 0.8084431384353E+02
00062           0.10000000E+01 0.83300000E-07 0.83300000E-07 0.83300000E-07
 0.3010191823593E+08 0.8084248113258E+02
00063           0.10000000E+01 0.83300000E-07 0.83300000E-07 0.83300000E-07
 0.3008650339648E+08 0.8084544150504E+02
00064           0.10000000E+01 0.83300000E-07 0.83300000E-07 0.83300000E-07
 0.3009114578843E+08 0.8084454995264E+02
00065           0.10000000E+01 0.83300000E-07 0.83300000E-07 0.83300000E-07
 0.3010112288661E+08 0.8084263387807E+02
00066           0.10000000E+01 0.83300000E-07 0.83300000E-07 0.83300000E-07
 0.3010437523768E+08 0.8084200926887E+02
00067           0.10000000E+01 0.83300000E-07 0.83300000E-07 0.83300000E-07
 0.3010836702393E+08 0.8084124264946E+02
00068           0.10000000E+01 0.83300000E-07 0.83300000E-07 0.83300000E-07
 0.3009456879297E+08 0.8084389257603E+02
00069           0.10000000E+01 0.83300000E-07 0.83300000E-07 0.83300000E-07
 0.3008813708173E+08 0.8084512776295E+02
00070           0.10000000E+01 0.83300000E-07 0.83300000E-07 0.83300000E-07
 0.3008510612301E+08 0.8084570984486E+02
00071           0.10000000E+01 0.83300000E-07 0.83300000E-07 0.83300000E-07
 0.3010016222630E+08 0.8084281837111E+02
00072           0.10000000E+01 0.83300000E-07 0.83300000E-07 0.83300000E-07
 0.3010032727448E+08 0.8084278667391E+02
00073           0.10000000E+01 0.83300000E-07 0.83300000E-07 0.83300000E-07
 0.3008737978772E+08 0.8084527319797E+02
00074           0.10000000E+01 0.83300000E-07 0.83300000E-07 0.83300000E-07
 0.3010781616218E+08 0.8084134844221E+02
00075           0.10000000E+01 0.83300000E-07 0.83300000E-07 0.83300000E-07
 0.3009503383509E+08 0.8084380326605E+02
00076           0.10000000E+01 0.83300000E-07 0.83300000E-07 0.83300000E-07
 0.3008914763013E+08 0.8084493369127E+02
00077           0.10000000E+01 0.83300000E-07 0.83300000E-07 0.83300000E-07
 0.3008340453604E+08 0.8084603662626E+02
00078           0.10000000E+01 0.83300000E-07 0.83300000E-07 0.83300000E-07
 0.3010931571682E+08 0.8084106045333E+02
00079           0.10000000E+01 0.83300000E-07 0.83300000E-07 0.83300000E-07
 0.3012647249156E+08 0.8083776547129E+02
00080           0.10000000E+01 0.83300000E-07 0.83300000E-07 0.83300000E-07
 0.3010822555975E+08 0.8084126981765E+02
00081           0.10000000E+01 0.83300000E-07 0.83300000E-07 0.83300000E-07
 0.3010333880080E+08 0.8084220831523E+02
00082           0.10000000E+01 0.83300000E-07 0.83300000E-07 0.83300000E-07
 0.3009145801733E+08 0.8084448999024E+02
00083           0.10000000E+01 0.83300000E-07 0.83300000E-07 0.83300000E-07
 0.3008527797183E+08 0.8084567684215E+02
00084           0.10000000E+01 0.83300000E-07 0.83300000E-07 0.83300000E-07
 0.3011218688862E+08 0.8084050904472E+02
00085           0.10000000E+01 0.83300000E-07 0.83300000E-07 0.83300000E-07
 0.3009386001504E+08 0.8084402869469E+02
00086           0.10000000E+01 0.83300000E-07 0.83300000E-07 0.83300000E-07
 0.3010820176572E+08 0.8084127438727E+02
00087           0.10000000E+01 0.83300000E-07 0.83300000E-07 0.83300000E-07
 0.3009046856318E+08 0.8084468001127E+02
00088           0.10000000E+01 0.83300000E-07 0.83300000E-07 0.83300000E-07
 0.3010503978910E+08 0.8084188164248E+02
00089           0.10000000E+01 0.83300000E-07 0.83300000E-07 0.83300000E-07
 0.3008836511625E+08 0.8084508396985E+02
00090           0.10000000E+01 0.83300000E-07 0.83300000E-07 0.83300000E-07
 0.3009807875239E+08 0.8084321849774E+02
00091           0.10000000E+01 0.83300000E-07 0.83300000E-07 0.83300000E-07
 0.3008281504365E+08 0.8084614983524E+02
00092           0.10000000E+01 0.83300000E-07 0.83300000E-07 0.83300000E-07
 0.3008270185696E+08 0.8084617157211E+02
00093           0.10000000E+01 0.83300000E-07 0.83300000E-07 0.83300000E-07
 0.3009723780108E+08 0.8084338000041E+02
00094           0.10000000E+01 0.83300000E-07 0.83300000E-07 0.83300000E-07
 0.3008359816644E+08 0.8084599944054E+02
00095           0.10000000E+01 0.83300000E-07 0.83300000E-07 0.83300000E-07
 0.3010134304469E+08 0.8084259159715E+02
00096           0.10000000E+01 0.83300000E-07 0.83300000E-07 0.83300000E-07
 0.3009338718335E+08 0.8084411950046E+02
00097           0.10000000E+01 0.83300000E-07 0.83300000E-07 0.83300000E-07
 0.3008438321411E+08 0.8084584867601E+02
00098           0.10000000E+01 0.83300000E-07 0.83300000E-07 0.83300000E-07
 0.3010228873026E+08 0.8084240997979E+02
00099           0.10000000E+01 0.83300000E-07 0.83300000E-07 0.83300000E-07
 0.3010014155095E+08 0.8084282234177E+02
001 0           0.10000000E+01 0.83300000E-07 0.83300000E-07 0.83300000E-07
 0.3008220113798E+08 0.8084626773251E+02
001 1           0.10000000E+01 0.83300000E-07 0.83300000E-07 0.83300000E-07
 0.3008788950363E+08 0.8084517530921E+02
001 2           0.10000000E+01 0.83300000E-07 0.83300000E-07 0.83300000E-07
 0.3009789697314E+08 0.8084325340800E+02
001 3           0.10000000E+01 0.83300000E-07 0.83300000E-07 0.83300000E-07
 0.3008583021708E+08 0.8084557078603E+02
001 4           0.10000000E+01 0.83300000E-07 0.83300000E-07 0.83300000E-07
 0.3008541448551E+08 0.8084565062531E+02
001 5           0.10000000E+01 0.83300000E-07 0.83300000E-07 0.83300000E-07
 0.3008951322235E+08 0.8084486348075E+02
001 6           0.10000000E+01 0.83300000E-07 0.83300000E-07 0.83300000E-07
 0.3009544106792E+08 0.8084372505819E+02
001 7           0.10000000E+01 0.83300000E-07 0.83300000E-07 0.83300000E-07
 0.3009153644196E+08 0.8084447492906E+02
001 8           0.10000000E+01 0.83300000E-07 0.83300000E-07 0.83300000E-07
 0.3009633481113E+08 0.8084355341729E+02
001 9           0.10000000E+01 0.83300000E-07 0.83300000E-07 0.83300000E-07
 0.3008160579963E+08 0.8084638206408E+02
00110           0.10000000E+01 0.83300000E-07 0.83300000E-07 0.83300000E-07
 0.3008884736147E+08 0.8084499135665E+02
00111           0.10000000E+01 0.83300000E-07 0.83300000E-07 0.83300000E-07
 0.3009555560769E+08 0.8084370306116E+02
00112           0.10000000E+01 0.83300000E-07 0.83300000E-07 0.83300000E-07
 0.3008234687759E+08 0.8084623974403E+02
00113           0.10000000E+01 0.83300000E-07 0.83300000E-07 0.83300000E-07
 0.3009136407062E+08 0.8084450803236E+02
00114           0.10000000E+01 0.83300000E-07 0.83300000E-07 0.83300000E-07
 0.3008570402660E+08 0.8084559502032E+02
00115           0.10000000E+01 0.83300000E-07 0.83300000E-07 0.83300000E-07
 0.3008279774799E+08 0.8084615315676E+02
00116           0.10000000E+01 0.83300000E-07 0.83300000E-07 0.83300000E-07
 0.3009159549692E+08 0.8084446358780E+02
00117           0.10000000E+01 0.83300000E-07 0.83300000E-07 0.83300000E-07
 0.3008280404153E+08 0.8084615194810E+02
00118           0.10000000E+01 0.83300000E-07 0.83300000E-07 0.83300000E-07
 0.3008959899746E+08 0.8084484700794E+02
00119           0.10000000E+01 0.83300000E-07 0.83300000E-07 0.83300000E-07
 0.3008472346214E+08 0.8084578333309E+02
00120           0.10000000E+01 0.83300000E-07 0.83300000E-07 0.83300000E-07
 0.3008127015921E+08 0.8084644652199E+02
00121           0.10000000E+01 0.83300000E-07 0.83300000E-07 0.83300000E-07
 0.3008605351730E+08 0.8084552790229E+02
00122           0.10000000E+01 0.83300000E-07 0.83300000E-07 0.83300000E-07
 0.3008625759434E+08 0.8084548871021E+02
00123           0.10000000E+01 0.83300000E-07 0.83300000E-07 0.83300000E-07
 0.3008841635057E+08 0.8084507413051E+02
00124           0.10000000E+01 0.83300000E-07 0.83300000E-07 0.83300000E-07
 0.3008012167302E+08 0.8084666708228E+02
00125           0.10000000E+01 0.83300000E-07 0.83300000E-07 0.83300000E-07
 0.3007918005237E+08 0.8084684791509E+02
00126           0.10000000E+01 0.83300000E-07 0.83300000E-07 0.83300000E-07
 0.3008728698963E+08 0.8084529101947E+02
00127           0.10000000E+01 0.83300000E-07 0.83300000E-07 0.83300000E-07
 0.3008530283851E+08 0.8084567206663E+02
00128           0.10000000E+01 0.83300000E-07 0.83300000E-07 0.83300000E-07
 0.3008139465248E+08 0.8084642261374E+02
00129           0.10000000E+01 0.83300000E-07 0.83300000E-07 0.83300000E-07
 0.3008278824126E+08 0.8084615498242E+02
00130           0.10000000E+01 0.83300000E-07 0.83300000E-07 0.83300000E-07
 0.3007914587320E+08 0.8084685447895E+02
00131           0.10000000E+01 0.83300000E-07 0.83300000E-07 0.83300000E-07
 0.3008429203487E+08 0.8084586618653E+02
00132           0.10000000E+01 0.83300000E-07 0.83300000E-07 0.83300000E-07
 0.3008137181892E+08 0.8084642699882E+02
00133           0.10000000E+01 0.83300000E-07 0.83300000E-07 0.83300000E-07
 0.3007847014091E+08 0.8084698424933E+02
00134           0.10000000E+01 0.83300000E-07 0.83300000E-07 0.83300000E-07
 0.3007851203597E+08 0.8084697620362E+02
00135           0.10000000E+01 0.83300000E-07 0.83300000E-07 0.83300000E-07
 0.3008375818568E+08 0.8084596870961E+02
00136           0.10000000E+01 0.83300000E-07 0.83300000E-07 0.83300000E-07
 0.3007903103841E+08 0.8084687653232E+02
00137           0.10000000E+01 0.83300000E-07 0.83300000E-07 0.83300000E-07
 0.3008169031541E+08 0.8084636583333E+02
00138           0.10000000E+01 0.83300000E-07 0.83300000E-07 0.83300000E-07
 0.3008312845474E+08 0.8084608964624E+02
00139           0.10000000E+01 0.83300000E-07 0.83300000E-07 0.83300000E-07
 0.3007909128410E+08 0.8084686496246E+02
00140           0.10000000E+01 0.83300000E-07 0.83300000E-07 0.83300000E-07
 0.3008137237403E+08 0.8084642689216E+02
00141           0.10000000E+01 0.83300000E-07 0.83300000E-07 0.83300000E-07
 0.3008087969873E+08 0.8084652150778E+02
00142           0.10000000E+01 0.83300000E-07 0.83300000E-07 0.83300000E-07
 0.3007918621275E+08 0.8084684673197E+02
00143           0.10000000E+01 0.83300000E-07 0.83300000E-07 0.83300000E-07
 0.3007686289846E+08 0.8084729291032E+02
00144           0.10000000E+01 0.83300000E-07 0.83300000E-07 0.83300000E-07
 0.3007681697067E+08 0.8084730173048E+02
00145           0.10000000E+01 0.83300000E-07 0.83300000E-07 0.83300000E-07
 0.3007738355687E+08 0.8084719292109E+02
00146           0.10000000E+01 0.83300000E-07 0.83300000E-07 0.83300000E-07
 0.3007964679718E+08 0.8084675827949E+02
00147           0.10000000E+01 0.83300000E-07 0.83300000E-07 0.83300000E-07
 0.3007660968837E+08 0.8084734153772E+02
00148           0.10000000E+01 0.83300000E-07 0.83300000E-07 0.83300000E-07
 0.3007734415833E+08 0.8084720048738E+02
00149           0.10000000E+01 0.83300000E-07 0.83300000E-07 0.83300000E-07
 0.3007778858794E+08 0.8084711513739E+02
00150           0.10000000E+01 0.83300000E-07 0.83300000E-07 0.83300000E-07
 0.3007813703602E+08 0.8084704822015E+02
00151           0.10000000E+01 0.83300000E-07 0.83300000E-07 0.83300000E-07
 0.3007745504252E+08 0.8084717919274E+02
00152           0.10000000E+01 0.83300000E-07 0.83300000E-07 0.83300000E-07
 0.3007729007204E+08 0.8084721087432E+02
00153           0.10000000E+01 0.83300000E-07 0.83300000E-07 0.83300000E-07
 0.3007569662860E+08 0.8084751688493E+02
00154           0.10000000E+01 0.83300000E-07 0.83300000E-07 0.83300000E-07
 0.3007542343558E+08 0.8084756934981E+02
00155           0.10000000E+01 0.83300000E-07 0.83300000E-07 0.83300000E-07
 0.3007549929591E+08 0.8084755478134E+02
00156           0.10000000E+01 0.83300000E-07 0.83300000E-07 0.83300000E-07
 0.3007528932257E+08 0.8084759510540E+02
00157           0.10000000E+01 0.83300000E-07 0.83300000E-07 0.83300000E-07
 0.3007479873333E+08 0.8084768931971E+02
00158           0.10000000E+01 0.83300000E-07 0.83300000E-07 0.83300000E-07
 0.3007437200135E+08 0.8084777127066E+02
00159           0.10000000E+01 0.83300000E-07 0.83300000E-07 0.83300000E-07
 0.3007422980990E+08 0.8084779857764E+02
00160           0.10000000E+01 0.83300000E-07 0.83300000E-07 0.83300000E-07
 0.3007390230335E+08 0.8084786147298E+02
00161           0.10000000E+01 0.83300000E-07 0.83300000E-07 0.83300000E-07
 0.3007346422054E+08 0.8084794560377E+02
00162           0.10000000E+01 0.83300000E-07 0.83300000E-07 0.83300000E-07
 0.3007385380059E+08 0.8084787078764E+02
00163           0.10000000E+01 0.83300000E-07 0.83300000E-07 0.83300000E-07
 0.3007293103376E+08 0.8084804799854E+02
00164           0.10000000E+01 0.83300000E-07 0.83300000E-07 0.83300000E-07
 0.3007312297199E+08 0.8084801113819E+02
00165           0.10000000E+01 0.83300000E-07 0.83300000E-07 0.83300000E-07
 0.3007235556243E+08 0.8084815851371E+02
00166           0.10000000E+01 0.83300000E-07 0.83300000E-07 0.83300000E-07
 0.3007203282639E+08 0.8084822049277E+02
00167           0.10000000E+01 0.83300000E-07 0.83300000E-07 0.83300000E-07
 0.3007128340596E+08 0.8084836441357E+02
00168           0.10000000E+01 0.83300000E-07 0.83300000E-07 0.83300000E-07
 0.3007062286381E+08 0.8084849126572E+02
00169           0.10000000E+01 0.83300000E-07 0.83300000E-07 0.83300000E-07
 0.3007226600187E+08 0.8084817571320E+02
00170           0.10000000E+01 0.83300000E-07 0.83300000E-07 0.83300000E-07
 0.3007227601321E+08 0.8084817379052E+02
00171           0.10000000E+01 0.83300000E-07 0.83300000E-07 0.83300000E-07
 0.3007080470936E+08 0.8084845634365E+02
00172           0.10000000E+01 0.83300000E-07 0.83300000E-07 0.83300000E-07
 0.3006915646211E+08 0.8084877287697E+02
00173           0.10000000E+01 0.83300000E-07 0.83300000E-07 0.83300000E-07
 0.3006882565006E+08 0.8084883640679E+02
00174           0.10000000E+01 0.83300000E-07 0.83300000E-07 0.83300000E-07
 0.3007092940090E+08 0.8084843239752E+02
00175           0.10000000E+01 0.83300000E-07 0.83300000E-07 0.83300000E-07
 0.3006907435793E+08 0.8084878864441E+02
00176           0.10000000E+01 0.83300000E-07 0.83300000E-07 0.83300000E-07
 0.3007164340649E+08 0.8084829527807E+02
00177           0.10000000E+01 0.83300000E-07 0.83300000E-07 0.83300000E-07
 0.3006961091524E+08 0.8084868560275E+02
00178           0.10000000E+01 0.83300000E-07 0.83300000E-07 0.83300000E-07
 0.3006847590442E+08 0.8084890357274E+02
00179           0.10000000E+01 0.83300000E-07 0.83300000E-07 0.83300000E-07
 0.3006693286971E+08 0.8084919990008E+02
00180           0.10000000E+01 0.83300000E-07 0.83300000E-07 0.83300000E-07
 0.3006590355780E+08 0.8084939757088E+02
00181           0.10000000E+01 0.83300000E-07 0.83300000E-07 0.83300000E-07
 0.3006988866840E+08 0.8084863226242E+02
00182           0.10000000E+01 0.83300000E-07 0.83300000E-07 0.83300000E-07
 0.3006534751464E+08 0.8084950435427E+02
00183           0.10000000E+01 0.83300000E-07 0.83300000E-07 0.83300000E-07
 0.3006862467288E+08 0.8084887500294E+02
00184           0.10000000E+01 0.83300000E-07 0.83300000E-07 0.83300000E-07
 0.3006993549840E+08 0.8084862326905E+02
00185           0.10000000E+01 0.83300000E-07 0.83300000E-07 0.83300000E-07
 0.3007007429341E+08 0.8084859661450E+02
00186           0.10000000E+01 0.83300000E-07 0.83300000E-07 0.83300000E-07
 0.3007003515489E+08 0.8084860413075E+02
00187           0.10000000E+01 0.83300000E-07 0.83300000E-07 0.83300000E-07
 0.3006403379246E+08 0.8084975664328E+02
00188           0.10000000E+01 0.83300000E-07 0.83300000E-07 0.83300000E-07
 0.3006557383366E+08 0.8084946089168E+02
00189           0.10000000E+01 0.83300000E-07 0.83300000E-07 0.83300000E-07
 0.3006745715203E+08 0.8084909921601E+02
00190           0.10000000E+01 0.83300000E-07 0.83300000E-07 0.83300000E-07
 0.3006618897498E+08 0.8084934275893E+02
00191           0.10000000E+01 0.83300000E-07 0.83300000E-07 0.83300000E-07
 0.3006464481626E+08 0.8084963930153E+02
00192           0.10000000E+01 0.83300000E-07 0.83300000E-07 0.83300000E-07
 0.3006880312585E+08 0.8084884073244E+02
00193           0.10000000E+01 0.83300000E-07 0.83300000E-07 0.83300000E-07
 0.3006198821811E+08 0.8085014947760E+02
00194           0.10000000E+01 0.83300000E-07 0.83300000E-07 0.83300000E-07
 0.3006628930044E+08 0.8084932349230E+02
00195           0.10000000E+01 0.83300000E-07 0.83300000E-07 0.83300000E-07
 0.3006135589303E+08 0.8085027090979E+02
00196           0.10000000E+01 0.83300000E-07 0.83300000E-07 0.83300000E-07
 0.3006285238597E+08 0.8084998352196E+02
00197           0.10000000E+01 0.83300000E-07 0.83300000E-07 0.83300000E-07
 0.3006848433353E+08 0.8084890195398E+02
00198           0.10000000E+01 0.83300000E-07 0.83300000E-07 0.83300000E-07
 0.3006727080730E+08 0.8084913500194E+02
00199           0.10000000E+01 0.83300000E-07 0.83300000E-07 0.83300000E-07
 0.3006032601177E+08 0.8085046868888E+02
002 0           0.10000000E+01 0.83300000E-07 0.83300000E-07 0.83300000E-07
 0.3006841440196E+08 0.8084891538382E+02
002 1           0.10000000E+01 0.83300000E-07 0.83300000E-07 0.83300000E-07
 0.3006850355205E+08 0.8084889826328E+02
002 2           0.10000000E+01 0.83300000E-07 0.83300000E-07 0.83300000E-07
 0.3005970161840E+08 0.8085058859766E+02
002 3           0.10000000E+01 0.83300000E-07 0.83300000E-07 0.83300000E-07
 0.3006681068422E+08 0.8084922336482E+02
002 4           0.10000000E+01 0.83300000E-07 0.83300000E-07 0.83300000E-07
 0.3005741656218E+08 0.8085102742039E+02
002 5           0.10000000E+01 0.83300000E-07 0.83300000E-07 0.83300000E-07
 0.3006223290509E+08 0.8085010248764E+02
002 6           0.10000000E+01 0.83300000E-07 0.83300000E-07 0.83300000E-07
 0.3006499171437E+08 0.8084957268273E+02
002 7           0.10000000E+01 0.83300000E-07 0.83300000E-07 0.83300000E-07
 0.3005676523114E+08 0.8085115250203E+02
002 8           0.10000000E+01 0.83300000E-07 0.83300000E-07 0.83300000E-07
 0.3005644365315E+08 0.8085121425772E+02
002 9           0.10000000E+01 0.83300000E-07 0.83300000E-07 0.83300000E-07
 0.3006081986451E+08 0.8085037384908E+02
00210           0.10000000E+01 0.83300000E-07 0.83300000E-07 0.83300000E-07
 0.3006345679910E+08 0.8084986744984E+02
00211           0.10000000E+01 0.83300000E-07 0.83300000E-07 0.83300000E-07
 0.3006256912339E+08 0.8085003792004E+02
00212           0.10000000E+01 0.83300000E-07 0.83300000E-07 0.83300000E-07
 0.3005952556120E+08 0.8085062240776E+02
00213           0.10000000E+01 0.83300000E-07 0.83300000E-07 0.83300000E-07
 0.3006446463038E+08 0.8084967390470E+02
00214           0.10000000E+01 0.83300000E-07 0.83300000E-07 0.83300000E-07
 0.3005235755010E+08 0.8085199895076E+02
00215           0.10000000E+01 0.83300000E-07 0.83300000E-07 0.83300000E-07
 0.3005555554267E+08 0.8085138481028E+02
00216           0.10000000E+01 0.83300000E-07 0.83300000E-07 0.83300000E-07
 0.3005409193573E+08 0.8085166588068E+02
00217           0.10000000E+01 0.83300000E-07 0.83300000E-07 0.83300000E-07
 0.3006698502112E+08 0.8084918988487E+02
00218           0.10000000E+01 0.83300000E-07 0.83300000E-07 0.83300000E-07
 0.3006680748060E+08 0.8084922398006E+02
00219           0.10000000E+01 0.83300000E-07 0.83300000E-07 0.83300000E-07
 0.3005664334594E+08 0.8085117590883E+02
00220           0.10000000E+01 0.83300000E-07 0.83300000E-07 0.83300000E-07
 0.3005072106281E+08 0.8085231321994E+02
00221           0.10000000E+01 0.83300000E-07 0.83300000E-07 0.83300000E-07
 0.3006611856335E+08 0.8084935628093E+02
00222           0.10000000E+01 0.83300000E-07 0.83300000E-07 0.83300000E-07
 0.3006510718315E+08 0.8084955050794E+02
00223           0.10000000E+01 0.83300000E-07 0.83300000E-07 0.83300000E-07
 0.3005077085582E+08 0.8085230365772E+02
00224           0.10000000E+01 0.83300000E-07 0.83300000E-07 0.83300000E-07
 0.3006048681377E+08 0.8085043780837E+02
00225           0.10000000E+01 0.83300000E-07 0.83300000E-07 0.83300000E-07
 0.3004749792608E+08 0.8085293218613E+02
00226           0.10000000E+01 0.83300000E-07 0.83300000E-07 0.83300000E-07
 0.3005759850377E+08 0.8085099248036E+02
00227           0.10000000E+01 0.83300000E-07 0.83300000E-07 0.83300000E-07
 0.3005758798498E+08 0.8085099450035E+02
00228           0.10000000E+01 0.83300000E-07 0.83300000E-07 0.83300000E-07
 0.3006190557928E+08 0.8085016534762E+02
00229           0.10000000E+01 0.83300000E-07 0.83300000E-07 0.83300000E-07
 0.3006366780741E+08 0.8084982692748E+02
00230           0.10000000E+01 0.83300000E-07 0.83300000E-07 0.83300000E-07
 0.3004414139188E+08 0.8085357676766E+02
00231           0.10000000E+01 0.83300000E-07 0.83300000E-07 0.83300000E-07
 0.3005017253280E+08 0.8085241855893E+02
00232           0.10000000E+01 0.83300000E-07 0.83300000E-07 0.83300000E-07
 0.3006493741101E+08 0.8084958311122E+02
00233           0.10000000E+01 0.83300000E-07 0.83300000E-07 0.83300000E-07
 0.3005366490732E+08 0.8085174788685E+02
00234           0.10000000E+01 0.83300000E-07 0.83300000E-07 0.83300000E-07
 0.3005921307077E+08 0.8085068241860E+02
00235           0.10000000E+01 0.83300000E-07 0.83300000E-07 0.83300000E-07
 0.3004377405624E+08 0.8085364730987E+02
00236           0.10000000E+01 0.83300000E-07 0.83300000E-07 0.83300000E-07
 0.3006538301828E+08 0.8084949753613E+02
00237           0.10000000E+01 0.83300000E-07 0.83300000E-07 0.83300000E-07
 0.3004928250332E+08 0.8085258947893E+02
00238           0.10000000E+01 0.83300000E-07 0.83300000E-07 0.83300000E-07
 0.3004512262641E+08 0.8085338833375E+02
00239           0.10000000E+01 0.83300000E-07 0.83300000E-07 0.83300000E-07
 0.3005289895079E+08 0.8085189498065E+02
00240           0.10000000E+01 0.83300000E-07 0.83300000E-07 0.83300000E-07
 0.3006092612040E+08 0.8085035344366E+02
00241           0.10000000E+01 0.83300000E-07 0.83300000E-07 0.83300000E-07
 0.3004915846022E+08 0.8085261329993E+02
00242           0.10000000E+01 0.83300000E-07 0.83300000E-07 0.83300000E-07
 0.3006235397598E+08 0.8085007923714E+02
00243           0.10000000E+01 0.83300000E-07 0.83300000E-07 0.83300000E-07
 0.3005793153828E+08 0.8085092852435E+02
00244           0.10000000E+01 0.83300000E-07 0.83300000E-07 0.83300000E-07
 0.3006512099803E+08 0.8084954785491E+02
00245           0.10000000E+01 0.83300000E-07 0.83300000E-07 0.83300000E-07
 0.3003959976362E+08 0.8085444892870E+02
00246           0.10000000E+01 0.83300000E-07 0.83300000E-07 0.83300000E-07
 0.3002296324797E+08 0.8085764372303E+02
00247           0.10000000E+01 0.83300000E-07 0.83300000E-07 0.83300000E-07
 0.3003854132760E+08 0.8085465218712E+02
00248           0.10000000E+01 0.83300000E-07 0.83300000E-07 0.83300000E-07
 0.3006505121924E+08 0.8084956125535E+02
00249           0.10000000E+01 0.83300000E-07 0.83300000E-07 0.83300000E-07
 0.3005020891025E+08 0.8085241157304E+02
00250           0.10000000E+01 0.83300000E-07 0.83300000E-07 0.83300000E-07
 0.3005863191669E+08 0.8085079402356E+02
00251           0.10000000E+01 0.83300000E-07 0.83300000E-07 0.83300000E-07
 0.3005453097968E+08 0.8085158156688E+02
00252           0.10000000E+01 0.83300000E-07 0.83300000E-07 0.83300000E-07
 0.3004423903487E+08 0.8085355801654E+02
00253           0.10000000E+01 0.83300000E-07 0.83300000E-07 0.83300000E-07
 0.3004832416884E+08 0.8085277351595E+02
00254           0.10000000E+01 0.83300000E-07 0.83300000E-07 0.83300000E-07
 0.3003810731270E+08 0.8085473553379E+02
00255           0.10000000E+01 0.83300000E-07 0.83300000E-07 0.83300000E-07
 0.3006049479132E+08 0.8085043627634E+02
00256           0.10000000E+01 0.83300000E-07 0.83300000E-07 0.83300000E-07
 0.3005498544873E+08 0.8085149429089E+02
00257           0.10000000E+01 0.83300000E-07 0.83300000E-07 0.83300000E-07
 0.3006234969361E+08 0.8085008005949E+02
00258           0.10000000E+01 0.83300000E-07 0.83300000E-07 0.83300000E-07
 0.3004049409066E+08 0.8085427718503E+02
00259           0.10000000E+01 0.83300000E-07 0.83300000E-07 0.83300000E-07
 0.3006200791584E+08 0.8085014569479E+02
00260           0.10000000E+01 0.83300000E-07 0.83300000E-07 0.83300000E-07
 0.3006333926924E+08 0.8084989002039E+02
00261           0.10000000E+01 0.83300000E-07 0.83300000E-07 0.83300000E-07
 0.3004630198778E+08 0.8085316185167E+02
00262           0.10000000E+01 0.83300000E-07 0.83300000E-07 0.83300000E-07
 0.3005036259026E+08 0.8085238206053E+02
00263           0.10000000E+01 0.83300000E-07 0.83300000E-07 0.83300000E-07
 0.3005008655980E+08 0.8085243506907E+02
00264           0.10000000E+01 0.83300000E-07 0.83300000E-07 0.83300000E-07
 0.3005843772372E+08 0.8085083131647E+02
00265           0.10000000E+01 0.83300000E-07 0.83300000E-07 0.83300000E-07
 0.3004283623910E+08 0.8085382740579E+02
00266           0.10000000E+01 0.83300000E-07 0.83300000E-07 0.83300000E-07
 0.3006387838739E+08 0.8084978648754E+02
00267           0.10000000E+01 0.83300000E-07 0.83300000E-07 0.83300000E-07
 0.3005633101892E+08 0.8085123588801E+02
00268           0.10000000E+01 0.83300000E-07 0.83300000E-07 0.83300000E-07
 0.3004608668997E+08 0.8085320319709E+02
00269           0.10000000E+01 0.83300000E-07 0.83300000E-07 0.83300000E-07
 0.3004596765335E+08 0.8085322605658E+02
00270           0.10000000E+01 0.83300000E-07 0.83300000E-07 0.83300000E-07
 0.3006267970312E+08 0.8085001668416E+02
00271           0.10000000E+01 0.83300000E-07 0.83300000E-07 0.83300000E-07
 0.3005742569436E+08 0.8085102566666E+02
00272           0.10000000E+01 0.83300000E-07 0.83300000E-07 0.83300000E-07
 0.3005413532795E+08 0.8085165754760E+02
00273           0.10000000E+01 0.83300000E-07 0.83300000E-07 0.83300000E-07
 0.3005963698328E+08 0.8085060101025E+02
00274           0.10000000E+01 0.83300000E-07 0.83300000E-07 0.83300000E-07
 0.3004738001669E+08 0.8085295482920E+02
00275           0.10000000E+01 0.83300000E-07 0.83300000E-07 0.83300000E-07
 0.3004963870377E+08 0.8085252107468E+02
00276           0.10000000E+01 0.83300000E-07 0.83300000E-07 0.83300000E-07
 0.3005379416025E+08 0.8085172306525E+02
00277           0.10000000E+01 0.83300000E-07 0.83300000E-07 0.83300000E-07
 0.3006299351056E+08 0.8084995642024E+02
00278           0.10000000E+01 0.83300000E-07 0.83300000E-07 0.83300000E-07
 0.3005209126899E+08 0.8085205008706E+02
00279           0.10000000E+01 0.83300000E-07 0.83300000E-07 0.83300000E-07
 0.3006133192951E+08 0.8085027551170E+02
00280           0.10000000E+01 0.83300000E-07 0.83300000E-07 0.83300000E-07
 0.3005077253666E+08 0.8085230333500E+02
00281           0.10000000E+01 0.83300000E-07 0.83300000E-07 0.83300000E-07
 0.3005895726124E+08 0.8085073154433E+02
00282           0.10000000E+01 0.83300000E-07 0.83300000E-07 0.83300000E-07
 0.3005679464663E+08 0.8085114685304E+02
00283           0.10000000E+01 0.83300000E-07 0.83300000E-07 0.83300000E-07
 0.3006064347128E+08 0.8085040772371E+02
00284           0.10000000E+01 0.83300000E-07 0.83300000E-07 0.83300000E-07
 0.3005640631686E+08 0.8085122142775E+02
00285           0.10000000E+01 0.83300000E-07 0.83300000E-07 0.83300000E-07
 0.3005013338234E+08 0.8085242607728E+02
00286           0.10000000E+01 0.83300000E-07 0.83300000E-07 0.83300000E-07
 0.3005420739736E+08 0.8085164370747E+02
00287           0.10000000E+01 0.83300000E-07 0.83300000E-07 0.83300000E-07
 0.3005190761581E+08 0.8085208535569E+02
00288           0.10000000E+01 0.83300000E-07 0.83300000E-07 0.83300000E-07
 0.3005932347712E+08 0.8085066121607E+02
00289           0.10000000E+01 0.83300000E-07 0.83300000E-07 0.83300000E-07
 0.3005129468238E+08 0.8085220306268E+02
00290           0.10000000E+01 0.83300000E-07 0.83300000E-07 0.83300000E-07
 0.3005467732158E+08 0.8085155346345E+02
00291           0.10000000E+01 0.83300000E-07 0.83300000E-07 0.83300000E-07
 0.3005296885509E+08 0.8085188155623E+02
00292           0.10000000E+01 0.83300000E-07 0.83300000E-07 0.83300000E-07
 0.3006164351914E+08 0.8085021567385E+02
00293           0.10000000E+01 0.83300000E-07 0.83300000E-07 0.83300000E-07
 0.3005738891404E+08 0.8085103272993E+02
00294           0.10000000E+01 0.83300000E-07 0.83300000E-07 0.83300000E-07
 0.3005672997519E+08 0.8085115927257E+02
00295           0.10000000E+01 0.83300000E-07 0.83300000E-07 0.83300000E-07
 0.3005339207332E+08 0.8085180028171E+02
00296           0.10000000E+01 0.83300000E-07 0.83300000E-07 0.83300000E-07
 0.3006229113759E+08 0.8085009130468E+02
00297           0.10000000E+01 0.83300000E-07 0.83300000E-07 0.83300000E-07
 0.3006213811400E+08 0.8085012069146E+02
00298           0.10000000E+01 0.83300000E-07 0.83300000E-07 0.83300000E-07
 0.3006017828383E+08 0.8085049705863E+02
00299           0.10000000E+01 0.83300000E-07 0.83300000E-07 0.83300000E-07
 0.3005871095158E+08 0.8085077884566E+02
003 0           0.10000000E+01 0.83300000E-07 0.83300000E-07 0.83300000E-07
 0.3005543702434E+08 0.8085140757047E+02
003 1           0.10000000E+01 0.83300000E-07 0.83300000E-07 0.83300000E-07
 0.3005238735810E+08 0.8085199322642E+02
003 2           0.10000000E+01 0.83300000E-07 0.83300000E-07 0.83300000E-07
 0.3006063013601E+08 0.8085041028466E+02
003 3           0.10000000E+01 0.83300000E-07 0.83300000E-07 0.83300000E-07
 0.3005293886089E+08 0.8085188731631E+02
003 4           0.10000000E+01 0.83300000E-07 0.83300000E-07 0.83300000E-07
 0.3006176745455E+08 0.8085019187317E+02
003 5           0.10000000E+01 0.83300000E-07 0.83300000E-07 0.83300000E-07
 0.3006201075337E+08 0.8085014514990E+02
003 6           0.10000000E+01 0.83300000E-07 0.83300000E-07 0.83300000E-07
 0.3005398434634E+08 0.8085168654205E+02
003 7           0.10000000E+01 0.83300000E-07 0.83300000E-07 0.83300000E-07
 0.3005826148121E+08 0.8085086516203E+02
003 8           0.10000000E+01 0.83300000E-07 0.83300000E-07 0.83300000E-07
 0.3005466104462E+08 0.8085155658929E+02
003 9           0.10000000E+01 0.83300000E-07 0.83300000E-07 0.83300000E-07
 0.3005658311231E+08 0.8085118747603E+02
00310           0.10000000E+01 0.83300000E-07 0.83300000E-07 0.83300000E-07
 0.3005325850468E+08 0.8085182593216E+02
00311           0.10000000E+01 0.83300000E-07 0.83300000E-07 0.83300000E-07
 0.3005618828004E+08 0.8085126329953E+02
00312           0.10000000E+01 0.83300000E-07 0.83300000E-07 0.83300000E-07
 0.3005994581044E+08 0.8085054170295E+02
00313           0.10000000E+01 0.83300000E-07 0.83300000E-07 0.83300000E-07
 0.3005812562955E+08 0.8085089125101E+02
00314           0.10000000E+01 0.83300000E-07 0.83300000E-07 0.83300000E-07
 0.3005369405347E+08 0.8085174228967E+02
00315           0.10000000E+01 0.83300000E-07 0.83300000E-07 0.83300000E-07
 0.3005420359904E+08 0.8085164443689E+02
00316           0.10000000E+01 0.83300000E-07 0.83300000E-07 0.83300000E-07
 0.3006185206367E+08 0.8085017562485E+02
00317           0.10000000E+01 0.83300000E-07 0.83300000E-07 0.83300000E-07
 0.3006074387357E+08 0.8085038844243E+02
00318           0.10000000E+01 0.83300000E-07 0.83300000E-07 0.83300000E-07
 0.3005983920007E+08 0.8085056217648E+02
00319           0.10000000E+01 0.83300000E-07 0.83300000E-07 0.83300000E-07
 0.3005779426930E+08 0.8085095488547E+02
00320           0.10000000E+01 0.83300000E-07 0.83300000E-07 0.83300000E-07
 0.3005534762933E+08 0.8085142473786E+02
00321           0.10000000E+01 0.83300000E-07 0.83300000E-07 0.83300000E-07
 0.3005428956890E+08 0.8085162792730E+02
00322           0.10000000E+01 0.83300000E-07 0.83300000E-07 0.83300000E-07
 0.3005353126433E+08 0.8085177355162E+02
00323           0.10000000E+01 0.83300000E-07 0.83300000E-07 0.83300000E-07
 0.3005382918653E+08 0.8085171633883E+02
00324           0.10000000E+01 0.83300000E-07 0.83300000E-07 0.83300000E-07
 0.3005531552253E+08 0.8085143090362E+02
00325           0.10000000E+01 0.83300000E-07 0.83300000E-07 0.83300000E-07
 0.3005698468120E+08 0.8085111035879E+02
00326           0.10000000E+01 0.83300000E-07 0.83300000E-07 0.83300000E-07
 0.3005861818378E+08 0.8085079666083E+02
00327           0.10000000E+01 0.83300000E-07 0.83300000E-07 0.83300000E-07
 0.3006152694704E+08 0.8085023806048E+02
00328           0.10000000E+01 0.83300000E-07 0.83300000E-07 0.83300000E-07
 0.3006176583737E+08 0.8085019218381E+02
+++  
       619      1266    2 0.00000000E+00 0.86400000E+09
